;1;2;3;4
;1;2;3;5
;1;2;3;6;7
;1;2;3;8
;1;2;3;9
;1;2;3;10
;1;2;3;11
;1;2;3;12
;13
;1;2;3;14
;1;2;3;15
;1;2;3;16;17
;1;2;3;18
;1;2;3;19;20;21
;1;2;3;22
;1;2;3;23
;1;2;3;24
;1;2;3;25
;1;2;3;26
;1;2;3;27
;1;2;3;28;29
;1;2;3;30
;1;2;3;31
;1;2;3;32
;1;2;3;33;20;34
;1;2;3;35
;1;2;3;36
;1;2;3;37
;1;2;3;38;39
;1;2;3;40
;1;2;3;41;39
;1;2;3;38;42
;1;2;3;43;17
;1;2;3;44
;1;2;3;45
;1;2;3;46
;1;2;3;41;47
;1;2;3;28;48
;1;2;3;49;17
;1;2;3;50
;1;2;3;51
;1;2;3;52;53
;1;2;3;54;55
;1;2;3;56
;1;2;3;57
;58
;1;2;3;59
;1;2;3;16;60
;61
;1;2;3;41;53
;1;2;3;62
;1;2;3;38;55
;1;2;3;63
;1;2;3;64;7
;1;2;3;65;66
;1;2;3;67
;1;2;3;68
;1;2;3;41;69
;1;2;3;70
;1;2;3;71;53
;1;2;3;72
;1;2;73;74
;1;2;3;75
;1;2;3;76
;1;2;3;33;20;77
;1;2;3;78
;1;2;3;79
;1;2;3;80;81
;1;2;3;82
;1;2;3;83
;1;2;3;84
;1;2;3;85
;1;2;3;86
;1;2;3;87
;1;2;3;88
;1;2;3;89
;1;2;3;65;81
;1;2;3;65;29
;1;2;3;90;7
;1;2;3;91
;1;2;3;92
;1;2;3;93
;1;2;3;94;29
;1;2;3;95
;1;2;3;96
;1;2;3;97
;1;2;3;98
;1;2;3;99
;1;2;3;19;20;100
;1;2;3;43;55
;1;2;3;101
;1;2;3;65;42
;1;2;3;102
;1;2;3;103
;1;2;3;104
;1;2;3;105;106
;1;2;3;107
;1;2;3;108;109
;1;2;3;110;109
;1;2;3;111
;1;2;3;112;66
;1;2;3;113;39
;1;2;3;43;66
;1;2;3;114
;1;2;3;90;42
;1;2;3;115
;1;2;3;33;20;21
;1;2;3;116
;1;2;3;117
;1;2;3;118;29
;1;2;3;119
;1;2;3;120
;1;2;3;112;121
;1;2;3;52;121
;1;2;3;122
;1;2;3;123
;1;2;3;124;121
;1;2;3;125
;1;2;3;126
;1;2;3;127
;1;2;3;128
;129
;1;2;3;130
;131
;1;2;3;90;39
;1;2;3;132
;1;2;3;133;55
;1;2;3;19;20;77
;1;2;3;134
;1;2;3;135
;1;2;3;136
;1;2;3;137;121
;1;2;3;108;53
;1;2;3;138
;1;2;3;54;42
;1;2;3;28;53
;1;2;3;139;81
;1;2;3;140
;1;2;3;141
;1;2;3;139;109
;1;2;3;142
;1;2;3;16;143
;1;2;3;65;60
;1;2;3;52;109
;1;2;3;108;55
;1;2;3;80;7
;1;2;3;144
;1;2;3;145
;1;2;3;146
;1;2;3;147
;1;2;3;6;42
;1;2;3;110;148
;1;2;3;149
;1;2;3;43;7
;1;2;3;150
;1;2;3;54;7
;1;2;3;151
;1;2;3;152
;1;2;3;153
;1;2;3;154
;1;2;3;33;20;155
;1;2;3;156;69
;1;2;3;157
;1;2;3;105;60
;158
;1;2;73;159
;1;2;3;160
;1;2;3;156;17
;1;2;3;161
;1;2;3;162
;1;2;3;71;48
;1;2;3;163;48
;1;2;3;164
;1;2;3;165
;1;2;3;133;7
;1;2;3;166
;1;2;3;105;39
;1;2;3;167
;168
;1;2;3;80;17
;1;2;3;169
;1;2;3;170
;1;2;3;171
;1;2;3;80;106
;1;2;3;172
;1;2;3;173
;1;2;3;110;7
;1;2;3;174
;1;2;3;71;42
;1;2;3;175
;1;2;3;16;48
;1;2;3;176
;1;2;3;38;53
;1;2;3;177
;1;2;3;19;20;178
;1;2;3;179
;1;2;3;33;20;180
;1;2;3;181
;1;2;3;182
;1;2;3;113;42
;1;2;3;183
;184
;1;2;3;185
;1;2;3;186
;1;2;3;187
;1;2;3;112;47
;188
;1;2;3;189
;1;2;3;190
;1;2;3;191
;1;2;3;54;69
;1;2;3;19;20;192
;1;2;3;193
;1;2;3;112;81
;1;2;3;194
;1;2;3;105;48
;1;2;3;110;47
;1;2;3;139;47
;195
;1;2;3;196
;1;2;3;197
;1;2;3;198
;1;2;3;19;20;199
;1;2;3;16;7
;1;2;3;200
;1;2;3;201
;1;2;3;202
;1;2;3;203
;1;2;3;204
;1;2;3;156;7
;1;2;3;205
;1;2;3;206
;1;2;3;207
;208
;1;2;3;209
;1;2;3;210
;1;2;3;211
;1;2;3;33;20;212
;1;2;3;213
;1;2;3;214
;1;2;3;105;17
;1;2;3;33;20;215
;1;2;3;216
;1;2;3;217
;1;2;3;124;53
;1;2;3;218
;1;2;3;219
;1;2;3;16;220
;1;2;3;133;81
;1;2;3;110;69
;1;2;3;49;69
;1;2;3;221
;1;2;3;222
;1;2;3;16;39
;1;2;3;223
;1;2;3;224
;1;2;3;49;109
;1;2;3;113;69
;1;2;3;225
;1;2;3;226
;1;2;3;90;81
;1;2;3;64;42
;1;2;3;227
;1;2;3;163;42
;1;2;3;228
;1;2;73;229
;1;2;3;230
;1;2;3;231
;1;2;3;232
;1;2;3;233
;1;2;3;16;148
;1;2;3;234
;1;2;3;19;20;235
;1;2;3;43;53
;1;2;3;236
;1;2;3;237
;1;2;3;238
;1;2;3;19;20;34
;1;2;3;52;69
;1;2;3;239
;1;2;3;137;42
;1;2;3;240
;1;2;3;241
;1;2;3;242
;1;2;3;243
;1;2;3;244
;1;2;3;245
;1;2;3;6;53
;1;2;3;246
;1;2;3;247
;1;2;3;248
;1;2;3;249
;1;2;3;156;47
;1;2;3;250
;1;2;3;38;47
;1;2;3;251
;1;2;3;252
;1;2;73;253
;1;2;73;254
;1;2;3;255
;1;2;3;256
;1;2;3;257
;1;2;3;163;7
;1;2;3;258
;1;2;3;163;60
;1;2;3;259
;1;2;3;137;53
;1;2;3;28;60
;1;2;3;33;20;199
;1;2;3;260
;1;2;3;261
;1;2;73;262
;1;2;3;52;7
;1;2;3;112;17
;1;2;73;263
;1;2;3;118;69
;1;2;3;264
;1;2;3;265
;1;2;3;49;60
;1;2;3;266
;1;2;3;110;267
;1;2;3;268
;1;2;3;28;109
;1;2;3;269
;1;2;3;270
;1;2;3;271
;1;2;3;272
;1;2;3;38;60
;273
;1;2;3;274
;1;2;3;275
;1;2;3;137;109
;1;2;73;276
;1;2;3;277
;1;2;3;110;55
;1;2;3;278
;1;2;3;279
;1;2;3;280
;1;2;3;64;55
;1;2;3;65;109
;1;2;3;16;81
;1;2;3;281
;1;2;3;90;55
;1;2;3;282
;1;2;3;283
;1;2;3;94;48
;1;2;3;284
;1;2;3;113;121
;1;2;3;285
;1;2;3;286
;1;2;3;287
;1;2;3;52;66
;1;2;3;288
;1;2;3;110;53
;1;2;3;289
;1;2;3;290
;1;2;3;16;121
;1;2;3;291
;1;2;3;292
;1;2;3;293
;1;2;3;80;29
;1;2;3;38;66
;1;2;3;294
;1;2;3;65;39
;1;2;3;16;295
;1;2;3;296
;1;2;3;297
;1;2;3;133;66
;1;2;3;298
;1;2;3;299
;1;2;3;64;106
;1;2;3;110;17
;1;2;3;49;39
;1;2;3;6;69
;1;2;3;300
;1;2;3;301
;1;2;3;108;42
;1;2;3;302
;1;2;3;303
;1;2;3;52;17
;1;2;3;304
;1;2;3;305
;1;2;3;306
;1;2;3;307
;1;2;3;308
;1;2;3;110;42
;1;2;3;133;109
;1;2;3;139;66
;1;2;3;309
;1;2;73;310
;1;2;3;311
;1;2;3;108;7
;1;2;3;312
;1;2;3;313
;1;2;3;314
;1;2;3;315
;1;2;3;90;60
;1;2;3;316
;1;2;3;317
;1;2;73;318
;1;2;3;319
;1;2;3;320
;1;2;3;321
;1;2;3;322
;1;2;3;6;121
;1;2;3;80;69
;1;2;3;105;69
;1;2;3;323
;1;2;3;41;17
;1;2;3;324
;1;2;3;325
;1;2;3;326
;1;2;3;327
;1;2;3;328
;1;2;3;329
;330
;1;2;3;124;7
;331
;1;2;3;332
;1;2;3;333
;1;2;3;334
;1;2;3;335
;1;2;3;336
;1;2;3;337
;1;2;3;90;109
;1;2;73;338
;1;2;3;64;17
;1;2;3;54;106
;1;2;3;339
;1;2;3;340
;1;2;3;105;53
;1;2;3;341
;1;2;3;342;48
;343
;1;2;3;344
;1;2;3;163;69
;1;2;3;345
;1;2;3;346
;1;2;3;347
;1;2;3;348
;1;2;3;349
;1;2;3;350
;1;2;3;351
;1;2;3;41;109
;1;2;3;124;106
;1;2;3;43;109
;1;2;3;352
;1;2;3;353
;1;2;3;354
;1;2;3;355
;1;2;3;356
;1;2;3;110;121
;1;2;3;52;106
;1;2;3;357
;1;2;3;54;39
;1;2;3;358
;1;2;3;359
;1;2;3;360
;1;2;3;361
;1;2;3;362
;1;2;3;54;53
;1;2;3;363
;1;2;3;364;48
;1;2;3;365
;1;2;3;366
;1;2;3;367
;1;2;3;368
;1;2;3;369
;1;2;3;370
;1;2;3;118;42
;1;2;3;342;66
;1;2;3;371
;1;2;3;372
;1;2;3;373
;1;2;3;374
;1;2;3;375
;1;2;3;19;20;376
;1;2;3;64;66
;1;2;3;6;81
;1;2;73;377
;1;2;3;378
;1;2;3;19;20;180
;1;2;3;379
;1;2;3;137;69
;1;2;3;380
;1;2;3;33;20;235
;1;2;3;49;7
;1;2;3;381
;1;2;3;382
;1;2;3;383
;1;2;3;384
;1;2;3;54;109
;1;2;3;385
;1;2;3;386
;1;2;3;387
;1;2;3;388
;1;2;73;389
;1;2;3;390
;1;2;3;80;42
;1;2;3;16;391
;1;2;3;392
;1;2;3;393
;1;2;3;394
;1;2;3;80;47
;395
;1;2;3;41;121
;1;2;3;396
;1;2;3;397
;1;2;3;398
;1;2;3;399
;1;2;3;400
;1;2;3;401
;1;2;3;402
;1;2;3;403
;1;2;3;404
;1;2;3;405
;1;2;3;406
;1;2;3;407
;1;2;3;408
;1;2;3;409
;1;2;3;410
;1;2;3;411
;1;2;3;412
;1;2;3;413
;1;2;3;71;17
;1;2;3;414
;1;2;3;415
;1;2;3;124;60
;1;2;3;416
;1;2;73;417
;1;2;3;418
;1;2;3;419
;1;2;3;420
;421
;1;2;73;422
;1;2;3;423
;1;2;3;49;66
;1;2;3;156;60
;1;2;3;424
;1;2;3;425
;1;2;3;426
;1;2;3;427
;1;2;3;428
;1;2;3;429
;430
;1;2;3;124;66
;1;2;3;431
;1;2;3;432
;433
;1;2;3;434
;1;2;3;435
;436
;1;2;3;437
;1;2;3;438
;1;2;3;124;109
;1;2;3;439
;1;2;3;440
;1;2;3;441
;1;2;3;16;442
;1;2;3;443
;1;2;3;444
;1;2;3;445
;1;2;3;446
;1;2;3;6;109
;1;2;3;43;42
;1;2;3;447
;1;2;3;448
;1;2;3;49;42
;1;2;3;449
;1;2;3;450
;1;2;3;451
;1;2;3;124;42
;1;2;3;452
;1;2;3;453
;1;2;3;454
;1;2;3;455
;1;2;3;28;66
;1;2;3;456
;1;2;3;457
;1;2;3;458
;1;2;3;459
;1;2;3;460
;1;2;3;43;69
;1;2;3;461
;1;2;3;28;121
;1;2;3;71;60
;1;2;3;462
;1;2;3;463
;464
;1;2;3;28;81
;1;2;3;465
;1;2;3;466
;1;2;3;467
;1;2;3;468
;1;2;3;469
;1;2;3;470
;1;2;3;16;29
;1;2;3;471
;1;2;3;133;48
;1;2;3;472
;1;2;3;473
;1;2;3;474
;1;2;3;475
;1;2;3;476
;1;2;3;477
;1;2;3;16;42
;1;2;3;38;7
;1;2;3;52;55
;1;2;3;478
;1;2;3;163;53
;1;2;3;479
;1;2;3;480
;1;2;3;481
;1;2;3;482
;1;2;3;483
;1;2;3;484
;1;2;3;16;485
;1;2;3;112;42
;1;2;3;486
;1;2;3;487
;1;2;3;38;109
;1;2;3;488
;1;2;3;489
;1;2;3;490
;1;2;3;110;391
;1;2;3;124;81
;1;2;3;491
;1;2;3;113;53
;1;2;3;492
;1;2;3;493
;1;2;3;54;47
;1;2;3;110;494
;1;2;3;495
;1;2;3;496
;1;2;3;497
;1;2;3;498
;499
;1;2;3;500
;1;2;3;108;69
;1;2;3;501
;1;2;3;502
;1;2;3;503
;1;2;3;133;53
;1;2;3;504
;1;2;3;110;505
;1;2;3;506
;1;2;3;507
;1;2;3;118;48
;1;2;3;71;29
;1;2;3;508
;1;2;3;509
;1;2;3;90;69
;1;2;3;6;17
;1;2;3;510
;1;2;3;112;69
;1;2;3;511
;1;2;3;512
;1;2;3;513
;1;2;3;514
;1;2;3;515
;1;2;3;110;39
;1;2;3;113;7
;1;2;3;516
;1;2;3;517
;1;2;3;518
;1;2;3;108;106
;1;2;3;519
;1;2;3;520
;1;2;3;28;17
;1;2;3;521
;1;2;3;522
;1;2;3;523
;1;2;3;524
;1;2;3;342;109
;1;2;3;133;17
;1;2;3;525
;1;2;3;139;69
;1;2;3;526
;1;2;3;527
;1;2;3;528
;529
;1;2;3;530
;1;2;3;33;20;100
;1;2;3;531
;1;2;3;364;485
;1;2;3;532
;1;2;73;533
;1;2;3;33;20;534
;1;2;3;535
;1;2;3;536
;1;2;3;537
;1;2;3;16;53
;1;2;3;538
;1;2;3;539
;1;2;3;113;17
;1;2;3;540
;1;2;3;156;53
;1;2;3;541
;1;2;3;542
;1;2;3;543;544
;1;2;3;545
;1;2;3;71;69
;1;2;3;19;20;215
;1;2;3;546
;1;2;3;547
;1;2;3;80;66
;1;2;3;548
;1;2;3;549
;1;2;3;65;106
;1;2;3;16;267
;1;2;3;550
;1;2;3;551
;552
;1;2;3;553
;1;2;3;137;106
;1;2;3;554
;1;2;3;555
;1;2;3;556
;1;2;3;557
;1;2;3;558
;1;2;3;559
;1;2;3;560
;1;2;3;561
;1;2;3;562
;563
;1;2;3;564
;1;2;3;565
;1;2;3;566
;1;2;3;567
;1;2;3;124;39
;1;2;3;568
;1;2;3;64;60
;569
;1;2;3;342;53
;1;2;3;570
;1;2;3;571
;1;2;3;572
;1;2;3;573
;1;2;3;43;48
;574
;1;2;3;575
;1;2;3;576
;577
;1;2;73;578
;1;2;3;579
;1;2;3;580
;1;2;3;581
;1;2;3;582
;1;2;3;137;47
;1;2;3;583
;1;2;3;110;66
;1;2;3;584
;1;2;3;156;81
;1;2;3;585
;1;2;3;586
;1;2;3;43;106
;1;2;3;587
;1;2;3;588
;1;2;3;589
;1;2;3;590
;1;2;3;139;48
;1;2;3;591
;1;2;3;38;69
;1;2;3;592
;1;2;3;593
;1;2;3;118;17
;1;2;3;71;7
;1;2;3;113;66
;1;2;3;594
;1;2;3;595
;1;2;3;6;48
;1;2;3;596
;1;2;3;19;20;597
;1;2;3;598
;1;2;3;139;39
;1;2;3;599
;600
;1;2;3;342;29
;1;2;73;601
;1;2;3;602
;1;2;3;603
;1;2;3;604
;1;2;3;139;42
;1;2;3;110;605
;1;2;3;54;66
;1;2;3;606
;1;2;3;52;48
;1;2;3;124;69
;1;2;3;607
;1;2;3;608
;1;2;3;609
;1;2;3;105;42
;1;2;73;610
;1;2;3;611
;1;2;3;612
;1;2;3;65;17
;1;2;3;613
;1;2;73;614
;1;2;3;615
;1;2;3;616
;1;2;3;139;7
;1;2;3;617
;1;2;3;618
;1;2;3;619
;1;2;3;620
;1;2;3;621
;1;2;3;622
;1;2;3;623
;1;2;3;624
;1;2;3;625
;1;2;3;28;69
;1;2;3;626
;1;2;3;627
;1;2;3;628
;1;2;3;629
;1;2;3;630
;1;2;3;90;17
;1;2;3;43;60
;1;2;3;156;109
;1;2;3;631
;1;2;3;632
;1;2;3;49;55
;1;2;3;633
;1;2;3;49;53
;1;2;3;156;48
;1;2;3;634
;1;2;3;635
;1;2;3;33;20;636
;1;2;3;637
;1;2;3;54;121
;1;2;3;638
;1;2;3;639
;1;2;3;640
;1;2;3;118;53
;1;2;3;342;47
;1;2;3;641
;1;2;3;642
;1;2;643;644
;1;2;3;645
;1;2;3;646
;1;2;3;6;29
;1;2;3;647
;1;2;3;118;81
;1;2;3;648
;1;2;3;649
;1;2;3;650
;1;2;3;651
;1;2;3;652
;1;2;3;653
;1;2;3;110;106
;1;2;3;16;654
;1;2;3;655
;1;2;3;656
;1;2;3;657
;1;2;3;658
;1;2;3;659
;1;2;3;660
;1;2;3;661
;1;2;3;662
;1;2;3;663
;1;2;3;664
;1;2;3;665
;666
;1;2;3;16;47
;1;2;3;667
;1;2;3;90;66
;1;2;3;90;121
;1;2;3;668
;1;2;3;65;55
;1;2;3;669
;1;2;3;16;109
;1;2;3;670
;1;2;3;671
;1;2;3;672
;1;2;3;673
;1;2;3;52;29
;1;2;3;19;20;636
;1;2;3;674
;1;2;3;675
;1;2;3;676
;1;2;3;677
;1;2;3;678
;1;2;3;679
;1;2;3;680
;1;2;3;681
;1;2;3;682
;1;2;3;112;109
;1;2;3;683
;1;2;3;684
;1;2;3;80;109
;1;2;3;685
;1;2;3;686
;1;2;3;112;7
;1;2;3;342;7
;1;2;3;110;687
;1;2;3;113;48
;1;2;3;105;81
;1;2;3;688
;1;2;3;689
;1;2;3;690
;1;2;73;691
;1;2;3;692
;1;2;3;108;17
;1;2;3;543;29
;1;2;3;693
;1;2;3;694
;1;2;3;695
;1;2;3;696
;1;2;3;697
;1;2;3;698
;1;2;3;699
;1;2;3;700
;1;2;3;701
;1;2;3;702
;1;2;3;703
;1;2;3;704
;1;2;3;705
;1;2;3;65;7
;1;2;3;706
;1;2;3;163;109
;1;2;3;707
;1;2;3;708
;1;2;3;709
;1;2;3;54;17
;1;2;3;710
;1;2;3;71;109
;711
;1;2;3;712
;1;2;3;713
;1;2;3;714
;1;2;3;715
;1;2;3;716
;1;2;3;717
;1;2;3;105;7
;1;2;3;718
;1;2;3;16;69
;1;2;3;719
;720
;1;2;3;721
;1;2;3;722
;1;2;3;723
;1;2;3;724
;1;2;3;725
;1;2;3;726
;727
;1;2;3;728
;1;2;3;49;121
;1;2;3;729
;1;2;3;54;48
;1;2;73;730
;1;2;3;731
;1;2;3;732
;1;2;3;733
;1;2;3;64;109
;1;2;3;139;17
;1;2;3;734
;1;2;3;735
;1;2;3;736
;1;2;3;737
;1;2;3;738
;1;2;3;112;48
;1;2;3;739
;1;2;3;740
;1;2;3;741
;1;2;3;742
;1;2;3;38;29
;1;2;3;743
;1;2;3;744
;1;2;3;745
;1;2;3;49;81
;1;2;73;746
;1;2;3;747
;1;2;3;748
;1;2;3;749
;1;2;3;750
;1;2;3;751
;1;2;3;752
;1;2;3;71;66
;1;2;3;753
;1;2;3;65;53
;1;2;3;754
;1;2;3;755
;1;2;3;756
;1;2;3;757
;1;2;3;16;505
;1;2;3;156;39
;1;2;3;758
;1;2;3;759
;1;2;3;28;39
;1;2;3;760
;1;2;3;33;20;178
;1;2;3;761
;1;2;3;762
;1;2;3;763
;1;2;3;764
;1;2;3;765
;1;2;3;766
;1;2;3;767
;1;2;3;768
;1;2;3;543;485
;1;2;3;769
;1;2;73;770
;1;2;3;105;55
;1;2;3;52;42
;1;2;3;771
;1;2;3;772
;1;2;3;773
;1;2;73;774
;1;2;3;775
;1;2;3;776
;1;2;3;777
;1;2;3;33;20;376
;1;2;3;778
;1;2;3;779
;1;2;3;780
;1;2;3;781
;1;2;73;782
;1;2;3;783
;1;2;3;784
;1;2;3;785
;1;2;3;786
;1;2;3;787
;1;2;3;788
;1;2;3;124;48
;1;2;3;789
;1;2;3;790
;1;2;3;791
;1;2;3;792
;1;2;3;342;81
;1;2;3;793
;1;2;3;794
;1;2;3;16;795
;1;2;3;796
;1;2;3;797
;1;2;3;110;654
;1;2;3;6;60
;798
;1;2;3;799
;1;2;3;800
;1;2;3;801
;1;2;3;802
;1;2;3;118;7
;1;2;3;803
;1;2;73;804
;1;2;3;805
;1;2;3;806
;1;2;3;807
;1;2;3;33;20;192
;1;2;3;156;66
;1;2;3;808
;1;2;3;105;109
;1;2;3;809
;1;2;3;810
;1;2;3;342;60
;1;2;3;49;106
;1;2;3;811
;1;2;3;812
;1;2;3;133;42
;1;2;3;813
;1;2;3;814
;1;2;3;815
;1;2;3;816
;1;2;3;817
;1;2;3;105;47
;1;2;3;818
;1;2;3;108;121
;1;2;3;819
;1;2;3;64;53
;1;2;3;820
;1;2;3;821
;1;2;3;822
;1;2;3;113;109
;1;2;3;823
;1;2;3;824
;1;2;3;825
;1;2;3;826
;1;2;3;827
;1;2;3;828
;1;2;3;829
;1;2;3;137;17
;1;2;3;830
;1;2;3;831
;1;2;73;832
;1;2;3;833
;1;2;3;834
;1;2;3;110;295
;1;2;3;65;69
;1;2;3;835
;1;2;3;836
;1;2;3;837
;1;2;3;838
;839
;1;2;3;840
;1;2;3;841
;1;2;3;842
;1;2;3;33;20;597
;1;2;3;843
;1;2;3;844
;1;2;3;845
;1;2;3;846
;1;2;3;6;66
;1;2;73;847
;1;2;3;848
;1;2;3;849
;1;2;3;139;53
;1;2;3;850
;1;2;3;851
;1;2;3;852
;853
;1;2;3;854
;1;2;3;855
;1;2;3;856
;1;2;3;857
;1;2;3;118;66
;1;2;3;133;69
;1;2;3;156;106
;1;2;3;858
;1;2;3;28;42
;1;2;3;859
;1;2;3;80;48
;1;2;3;860
;1;2;3;861
;1;2;3;862
;1;2;3;863
;1;2;3;163;55
;1;2;3;864
;1;2;3;865
;1;2;3;866
;1;2;3;867
;1;2;3;868
;1;2;3;869
;1;2;3;80;39
;1;2;3;870
;1;2;3;871
;1;2;3;872
;1;2;3;342;17
;1;2;73;873
;1;2;3;543;48
;1;2;3;38;48
;1;2;3;41;81
;1;2;73;874
;1;2;3;875
;1;2;3;38;17
;1;2;3;876
;1;2;3;112;60
;1;2;3;877
;1;2;3;878
;1;2;3;879
;1;2;3;880
;1;2;3;33;20;881
;1;2;3;108;66
;1;2;3;882
;1;2;3;883
;1;2;3;884
;1;2;3;885
;1;2;3;886
;1;2;3;118;47
;1;2;3;887
;1;2;3;888
;1;2;3;113;81
;1;2;3;889
;1;2;3;890
;1;2;3;891
;1;2;3;892
;1;2;3;893
;1;2;3;894
;1;2;3;895
;1;2;3;896
;1;2;3;112;53
;1;2;3;64;69
;1;2;3;342;69
;1;2;3;897
;1;2;3;898
;1;2;73;899
;1;2;3;900
;1;2;3;901
;1;2;3;16;66
;1;2;3;902
;1;2;3;903
;1;2;3;904
;1;2;3;905
;1;2;3;906
;1;2;3;907
;1;2;3;908
;909
;1;2;3;910
;1;2;3;911
;1;2;3;163;66
;1;2;3;28;7
;1;2;73;912
;1;2;3;913
;1;2;3;16;494
;1;2;3;914
;1;2;3;105;66
;1;2;3;915
;1;2;3;916
;1;2;3;917
;918
;1;2;3;919
;1;2;3;920
;1;2;3;921
;1;2;3;71;106
;1;2;73;922
;1;2;3;54;29
;1;2;3;156;42
;1;2;3;139;121
;1;2;3;923
;1;2;3;924
;1;2;3;925
;1;2;3;108;60
;1;2;3;926
;1;2;3;927
;1;2;3;41;42
;1;2;3;928
;1;2;3;90;29
;1;2;3;929
;1;2;3;43;81
;1;2;3;110;795
;1;2;3;930
;1;2;3;931
;1;2;3;932
;1;2;3;933
;1;2;3;934
;1;2;643;935
;1;2;3;936
;1;2;3;937
;1;2;3;124;17
;1;2;3;938
;1;2;3;939
;1;2;3;163;17
;1;2;3;940
;1;2;3;941
;1;2;3;942
;1;2;3;16;605
;1;2;3;943
;1;2;3;944
;1;2;3;80;53
;1;2;3;945
;946
;1;2;3;112;55
;1;2;3;163;106
;1;2;3;947
;1;2;3;948
;1;2;3;949
;1;2;3;950
;1;2;3;105;121
;1;2;3;951
;1;2;3;952
;1;2;3;953
;1;2;3;954
;1;2;3;6;39
;1;2;3;955
;1;2;3;90;53
;1;2;3;956
;1;2;3;957
;1;2;3;958
;1;2;3;959
;1;2;3;960
;1;2;3;961
;1;2;3;19;20;155
;1;2;3;962
;1;2;3;65;48
;1;2;3;963
;1;2;3;964
;1;2;3;110;220
;1;2;3;965
;1;2;3;342;42
;1;2;3;90;48
;1;2;3;110;60
;1;2;3;49;48
;1;2;3;966
;1;2;3;967
;1;2;73;968
;1;2;3;969
;1;2;3;118;109
;1;2;3;970
;1;2;3;971
;1;2;3;972
;973
;974
;975
;976
;977
;978
;979
;980
;981
;982
;983
;984
;985
