211,0
211,330
293,0
0,330
343,1
647,1
1,354
551,2
551,31
551,32
551,41
551,59
551,78
551,82
551,100
551,102
551,104
551,143
551,150
551,153
551,161
551,167
551,170
551,171
551,188
551,192
551,199
551,215
551,229
551,240
551,244
551,257
551,263
551,273
551,278
551,287
551,302
551,312
551,313
551,351
551,361
551,373
551,379
551,406
551,416
551,424
551,430
551,435
551,445
551,524
551,545
551,554
551,563
551,564
551,571
551,582
551,606
551,609
551,617
551,620
551,627
551,651
551,652
551,654
551,661
551,694
551,696
551,701
551,738
551,762
551,766
551,767
551,770
551,786
551,787
551,791
551,816
551,818
551,824
551,865
551,886
551,892
551,895
551,919
551,925
551,933
551,960
551,977
551,1003
551,1023
551,1048
551,1050
551,1071
551,1100
551,1138
551,1142
551,1168
551,1187
551,1193
551,1204
551,1223
551,1226
551,1229
551,1252
551,1267
2,396
2,800
3,358
4,718
5,1030
6,847
7,1143
1278,8
223,9
1105,9
826,9
9,118
583,10
869,10
1146,10
10,120
11,368
11,493
11,803
11,1008
12,1225
913,13
913,106
913,237
913,349
913,481
913,968
536,14
536,894
1074,14
14,195
405,15
405,400
498,15
498,68
489,15
15,781
309,16
745,16
423,16
16,640
17,180
104,18
104,665
268,18
18,931
19,119
19,383
19,1180
152,20
152,84
21,806
22,1049
23,689
654,24
654,701
24,1047
25,560
26,639
673,27
673,634
673,946
733,27
733,969
733,1037
888,27
27,635
435,28
435,1114
29,951
762,30
762,101
762,296
762,466
263,31
263,1057
31,199
31,392
31,1106
31,1212
524,32
524,476
32,379
32,503
33,1242
34,103
34,242
1126,35
1164,35
847,35
35,66
1142,36
1142,392
1142,621
1142,694
1142,717
1142,1059
1142,1200
462,37
462,135
462,322
462,576
462,668
462,699
462,810
462,1117
462,1188
37,1032
37,1194
1135,38
1135,355
1135,635
1135,751
1135,1037
345,38
345,134
345,155
345,210
345,250
345,256
345,432
345,460
345,470
345,486
345,491
345,536
345,567
345,673
345,684
345,733
345,784
345,823
345,893
345,923
345,948
345,1135
345,1170
345,1266
345,1269
38,72
38,492
38,644
39,242
259,40
259,1234
1097,40
1097,252
1097,956
1097,1234
252,40
40,1234
273,41
273,67
41,625
41,709
1150,42
1150,547
280,43
650,43
650,286
650,649
650,669
412,43
43,669
224,44
224,768
224,798
224,1186
224,1206
921,44
1186,44
44,798
1279,45
45,985
543,46
409,46
262,46
46,148
1191,47
1280,48
48,752
49,574
50,157
1187,51
1187,126
947,52
947,579
947,966
947,1192
261,52
535,52
535,52
52,966
52,966
53,825
54,428
54,909
552,55
575,55
646,55
55,271
56,255
57,484
674,58
674,927
1057,58
1057,182
929,58
929,58
58,927
58,927
1168,59
1168,682
59,88
59,1216
816,60
816,813
816,902
931,60
60,813
228,61
62,1128
63,119
63,383
64,1047
65,622
431,66
1027,66
66,1000
179,68
179,568
179,764
179,1207
781,68
68,568
310,69
597,69
449,69
69,366
70,1255
285,71
885,71
71,938
492,72
73,549
254,74
254,384
254,1247
1110,74
1110,384
1247,74
74,384
138,75
1241,75
514,75
75,305
627,76
627,896
895,77
895,215
78,812
78,1209
1210,79
457,79
1107,79
79,129
281,80
281,488
281,741
281,845
281,934
1260,80
1260,488
741,80
80,488
81,348
83,560
350,84
84,169
85,1276
86,565
87,447
88,211
977,89
977,222
1218,90
908,90
908,618
908,878
908,907
908,942
618,90
90,878
91,459
91,992
92,972
395,93
94,107
199,95
199,708
96,1206
97,829
97,1190
98,584
99,1211
100,308
100,977
102,607
102,705
103,513
150,104
150,782
1246,105
991,105
725,105
105,667
251,107
185,107
107,1211
663,108
898,108
344,108
108,166
948,109
948,777
110,1146
111,1173
818,112
445,113
445,889
516,114
516,854
516,1235
114,1248
519,115
143,116
143,850
820,117
1263,117
910,117
117,514
1176,118
556,118
118,521
1180,119
119,383
267,120
226,120
120,939
778,121
1281,121
1281,121
1281,178
1281,178
1281,201
1281,201
1281,206
1281,206
1281,218
1281,218
1281,328
1281,328
1281,415
1281,415
1281,417
1281,417
1281,433
1281,433
1281,548
1281,548
1281,588
1281,588
1281,680
1281,680
1281,712
1281,712
1281,724
1281,724
1281,732
1281,732
1281,742
1281,742
1281,776
1281,776
1281,862
1281,862
1281,926
1281,926
1281,944
1281,944
1281,1036
1281,1036
1281,1091
1281,1091
1281,1184
1281,1184
1281,1197
1281,1197
329,122
1039,122
1231,122
122,1242
1282,123
123,537
373,124
373,774
795,125
795,230
795,550
795,675
795,790
795,873
795,909
795,992
795,1009
675,125
125,790
523,127
523,349
523,1149
523,1177
127,211
128,678
1158,129
1160,129
129,358
760,130
760,515
760,860
130,997
130,997
1050,131
1050,397
1050,404
1050,815
1252,132
1252,931
132,460
132,528
133,1202
134,469
134,1266
135,771
287,136
287,260
473,137
735,137
1042,137
137,560
139,390
139,943
140,314
786,141
786,1023
661,142
661,163
865,144
865,1133
153,145
153,312
145,400
145,1103
146,879
867,147
841,147
147,344
1116,148
846,148
148,718
1073,149
1073,149
149,698
149,698
791,150
791,700
791,714
791,1118
151,353
154,1211
391,155
391,1143
155,1041
155,1053
986,156
657,156
156,262
807,157
1049,157
157,1042
1099,158
197,158
181,158
158,449
976,159
160,1047
161,654
162,851
1251,165
165,1197
994,166
506,166
166,1231
167,205
531,168
531,861
1244,168
1244,565
1244,581
1244,608
1244,728
1244,796
1244,861
1244,1151
796,168
168,861
930,169
1276,169
169,245
170,738
170,876
1023,171
1023,516
1023,1072
171,598
171,965
172,1186
1145,173
639,173
806,173
173,932
302,174
302,327
174,539
174,577
174,681
175,703
257,176
257,363
177,939
479,178
225,180
447,180
180,633
672,181
924,181
1248,181
1114,182
1114,681
1179,182
1179,182
182,929
182,929
564,183
564,452
184,797
482,185
1121,185
186,307
187,532
188,755
188,772
189,484
190,826
1086,191
1086,873
428,191
191,282
609,192
609,248
192,296
192,1139
192,1159
192,1200
361,193
361,767
361,1106
193,734
193,887
194,211
250,195
250,1264
195,324
196,1047
198,602
200,337
200,446
200,528
200,1062
949,201
202,238
202,434
202,437
202,497
202,586
202,656
202,809
202,828
202,848
202,914
202,922
202,1084
203,1213
204,359
204,442
743,206
207,773
208,1098
508,209
1038,209
939,209
209,805
210,315
210,1170
476,211
772,211
272,211
277,211
222,211
702,211
876,211
1259,211
481,211
1283,211
1283,1047
212,718
696,213
214,758
215,569
215,840
215,978
624,216
652,217
652,816
1001,218
219,561
893,220
893,318
893,679
221,1107
227,615
229,1144
917,230
917,726
1009,230
230,909
231,1228
240,232
240,652
240,659
240,666
240,748
240,815
240,1118
666,232
1284,233
233,292
234,610
235,839
623,236
520,236
1127,236
236,1255
365,238
809,238
238,1084
239,686
892,241
892,585
241,1047
242,590
545,243
545,338
545,1124
1072,243
243,511
244,609
244,1067
244,1171
1123,245
819,245
245,615
246,1225
278,247
278,729
247,253
249,988
394,252
956,252
881,255
756,255
255,317
256,324
256,1034
258,741
754,262
600,262
264,839
573,265
265,944
785,266
1122,266
266,402
424,268
424,1065
814,268
269,1247
270,340
693,271
901,271
271,758
925,272
925,445
1277,274
1017,274
513,274
274,859
275,1128
276,447
701,277
701,582
582,278
582,1131
279,1030
339,282
339,550
282,459
283,831
874,284
1155,284
319,284
284,1049
1079,286
1079,649
649,286
322,288
472,288
288,380
940,289
940,378
494,289
494,378
494,461
494,973
973,289
289,378
954,290
954,1073
782,290
782,316
390,290
390,290
290,1073
290,1073
382,291
382,305
382,692
382,811
382,1044
382,1069
557,291
557,692
1044,291
291,692
211,293
958,293
1229,294
1229,674
295,319
1106,296
296,717
761,297
298,1184
1047,299
1052,299
299,769
606,300
606,661
606,971
620,300
620,347
620,505
620,717
466,300
300,1106
1261,301
1261,726
1261,1009
303,1190
416,304
416,731
416,1072
512,305
305,811
430,306
430,474
430,478
430,659
306,669
308,1047
453,311
311,417
312,364
312,527
313,524
313,1011
314,1036
315,502
676,316
676,522
943,316
943,316
316,390
316,390
403,317
1157,317
317,1270
749,319
805,319
823,320
823,746
321,323
830,323
1030,323
323,956
324,592
325,768
325,798
326,514
1136,328
331,412
332,776
1092,333
1217,334
335,549
336,1026
902,337
902,630
902,1062
1062,337
1062,337
1071,339
1071,1245
1005,341
1005,352
1005,566
833,341
653,341
341,566
1100,342
1100,387
487,344
626,344
346,618
1081,348
718,348
348,1153
1024,350
351,545
351,1031
765,352
765,566
566,352
353,589
1041,354
604,354
354,981
1037,355
355,751
850,356
1193,357
1193,700
1193,1100
357,438
357,1185
510,358
358,1030
517,359
517,442
442,359
738,360
738,875
362,756
723,366
1055,366
366,549
367,440
367,1179
525,368
441,368
368,1008
369,622
571,370
571,1021
571,1240
371,668
1170,372
1170,679
1170,888
374,514
1196,375
420,375
591,375
375,793
376,427
376,446
377,1069
379,984
379,1226
1117,380
380,771
800,381
800,522
800,997
385,1117
919,386
919,620
386,929
386,1179
387,860
387,943
388,535
1058,389
1104,390
1104,1073
717,392
392,1200
393,879
1269,395
1269,1074
933,397
933,707
933,1035
978,397
397,700
398,763
399,742
1221,400
400,489
401,703
1093,402
1134,402
402,1161
406,474
406,483
406,978
406,1250
407,1161
408,611
408,1112
410,826
411,1043
1083,412
1045,412
413,530
1047,414
706,414
414,1195
1272,415
418,1042
419,423
421,423
422,809
730,423
425,926
1226,426
1226,880
1226,912
1226,1229
426,579
426,1192
726,428
429,593
432,1024
432,1076
432,1269
529,433
632,434
914,434
434,586
787,435
787,511
787,1169
668,436
668,1015
771,436
436,1015
1222,437
458,437
437,914
438,859
439,1107
598,440
598,747
598,1125
577,440
577,440
440,681
440,681
691,441
941,441
1026,441
448,442
443,945
1003,444
1003,558
1190,446
1190,446
446,528
446,528
703,447
541,448
1070,448
633,448
1060,449
599,449
450,1185
1034,451
638,454
638,710
464,455
456,1208
1256,458
690,458
1096,458
459,662
460,842
460,1028
685,461
995,461
461,973
684,462
463,1180
465,993
1138,466
1138,780
1138,895
467,633
468,773
469,653
784,470
784,1113
470,634
470,821
470,1076
1047,471
1047,1195
1195,471
810,472
955,472
700,474
474,815
475,689
477,858
1129,479
211,480
540,480
480,958
483,1045
734,484
484,945
886,485
886,925
485,1047
486,1074
486,1085
889,489
889,781
705,489
705,1221
490,1040
491,673
491,1274
746,492
562,493
562,803
1008,493
493,803
495,1146
983,496
1080,497
656,497
497,809
499,863
707,500
707,1277
711,500
1232,500
500,1185
501,602
980,502
981,502
502,789
1285,504
504,818
507,836
509,1049
511,856
906,513
518,1084
1014,521
935,521
521,1004
860,522
860,522
522,943
522,943
526,922
528,1062
528,1062
855,530
1094,530
530,1020
1286,533
533,1115
837,534
534,680
953,535
972,535
972,535
538,725
211,540
1025,540
794,542
542,1166
1287,544
544,1223
546,1166
890,547
1143,547
1143,547
547,710
547,710
1189,548
549,802
873,550
550,992
1288,551
553,633
554,856
554,919
554,953
555,1242
559,667
560,618
1199,561
1006,561
561,957
563,866
563,1205
728,565
565,581
567,592
567,783
1236,568
1236,781
568,1207
570,938
572,697
628,574
628,611
628,664
628,1112
664,574
574,611
750,576
576,955
747,577
747,577
578,1042
1192,579
1192,579
580,1136
641,581
581,1151
1061,586
586,922
587,1020
1082,588
920,590
920,996
1120,590
590,734
967,591
1174,591
932,591
592,746
613,593
1000,593
593,1018
594,1000
595,957
616,596
601,1000
1213,602
602,736
603,615
1233,605
605,1026
884,608
1151,608
608,796
1162,610
836,610
610,1175
611,1112
612,1154
853,614
853,1232
615,839
1204,617
617,1095
617,1201
619,1111
1200,621
621,1059
1211,622
622,831
629,1198
631,1268
679,634
634,888
1266,635
1266,888
1266,1054
635,1037
637,1140
651,638
651,814
843,640
1046,640
640,1141
642,927
642,929
1047,643
1047,715
1047,643
643,1052
645,1271
998,646
835,646
960,648
960,827
669,649
713,653
789,653
655,1153
1148,656
922,656
658,1228
1118,659
659,666
1264,660
979,662
979,675
662,1009
1212,664
945,664
799,667
667,951
670,1153
671,956
992,675
1178,677
1178,677
1224,678
1242,678
678,1225
1076,679
681,1179
681,1179
682,1047
683,981
891,687
891,1259
688,1231
879,689
689,1247
694,795
694,1063
695,1231
974,697
697,836
699,999
766,702
766,817
1040,703
704,938
1047,706
769,706
857,710
710,1190
710,1190
792,712
1125,716
719,1248
720,1082
721,951
722,825
1007,724
916,725
1111,725
727,831
1265,728
1228,728
1243,730
1090,730
758,730
1173,732
1064,734
1130,736
1029,736
736,1128
737,847
1289,739
739,824
740,957
934,741
744,1096
753,900
757,756
1271,756
1165,758
759,1016
770,760
770,1214
1137,761
964,763
964,785
964,911
964,1203
911,763
911,763
763,1143
763,1143
1207,764
767,868
767,1002
798,768
1047,769
832,773
773,845
775,993
779,914
783,849
788,932
1068,789
1274,789
1262,793
915,793
793,847
877,794
1249,796
1033,801
1182,801
951,801
801,1180
1183,802
872,802
802,995
804,845
1075,805
1181,805
936,806
859,806
1012,808
982,811
811,1069
1267,812
1267,964
812,1133
1133,814
815,1118
822,1006
824,960
1235,825
1235,825
825,858
825,858
827,1047
950,828
950,848
1084,828
828,848
831,851
1163,832
899,832
1128,832
923,834
923,1156
1219,836
838,1094
839,1271
904,844
904,1018
1147,844
1147,1018
1018,844
845,934
1022,851
851,910
852,995
854,1235
854,1235
856,1021
989,858
858,972
858,972
887,859
997,860
997,860
864,1154
870,1004
871,1141
909,873
1119,877
1119,1221
1230,878
878,907
957,879
912,880
882,910
883,1270
211,885
211,1056
897,1044
999,903
905,1127
962,907
962,942
907,942
1066,910
1171,912
918,970
927,1178
927,1178
928,1272
1167,932
1227,934
959,936
938,1040
963,939
1275,945
952,1167
1194,955
211,958
961,1161
1067,966
966,1192
966,1192
1169,972
1078,973
975,1094
1113,981
987,1127
990,1047
1175,993
993,1098
1220,995
1258,1004
1004,1026
1109,1006
1098,1006
1253,1008
1010,1141
1011,1047
1013,1020
1019,1098
1020,1154
1021,1171
211,1025
1056,1025
1031,1176
1172,1040
1069,1044
1089,1045
1185,1045
1095,1047
1108,1048
1048,1239
1051,1151
1047,1052
211,1056
1077,1101
1087,1271
1088,1175
1202,1091
1132,1096
1255,1096
1102,1111
1161,1107
1290,1108
1225,1111
1154,1127
1141,1213
1166,1146
1152,1270
1153,1228
1237,1175
1206,1186
1188,1194
1270,1206
1215,1213
1257,1232
1254,1235
1273,1255
