0
1
2
3
7460
5
6
7
7471
7472
10
7475
12
13
14
7479
16
7484
18
19
7488
21
22
23
24
7493
26
7497
28
29
30
7504
32
33
34
35
36
37
38
39
40
41
42
43
44
45
46
47
7527
7530
50
7533
7534
53
54
55
56
57
58
7546
60
61
62
63
64
65
66
7558
7560
69
7562
71
72
73
74
75
76
7571
7573
79
80
81
82
83
7583
85
86
87
7593
89
90
91
92
93
94
95
96
7606
98
7609
100
101
7613
103
7617
105
106
7621
108
109
110
7629
112
7631
114
115
116
117
118
119
120
121
122
123
124
125
126
127
128
129
7659
131
132
133
134
7664
7666
137
138
139
140
141
142
143
144
145
146
147
148
7681
150
151
152
153
7693
155
7695
157
158
7697
7698
161
162
163
7705
165
166
167
7711
169
170
171
7715
7717
174
175
176
177
7725
179
7727
181
7729
183
184
185
186
187
188
189
7741
191
7743
193
194
195
196
7751
198
199
200
201
202
203
204
205
206
207
208
209
210
211
212
7771
214
215
216
217
218
219
7638
221
222
7781
224
225
226
227
228
229
230
7791
232
233
7794
235
7796
237
7798
239
7800
7801
7802
243
244
7806
246
247
248
249
7812
7814
252
253
254
255
256
257
258
7825
260
7735
262
7827
7829
7831
266
7723
7834
269
7838
271
272
7843
274
275
276
277
278
7849
7850
7852
282
283
7856
285
286
7861
288
7864
290
291
292
293
7871
295
7875
297
298
7878
300
301
302
303
7885
305
306
7888
308
309
310
311
312
313
314
315
316
7898
318
7900
7901
321
322
323
324
325
326
327
7915
329
330
331
332
7921
334
7924
336
337
338
339
340
341
342
343
344
345
346
347
348
349
350
7948
7950
7952
354
355
7957
357
7960
359
360
7962
362
363
364
365
366
367
7969
369
370
371
372
373
374
375
376
377
378
379
7986
381
382
383
384
385
386
387
7995
389
390
391
392
8000
8001
8002
8003
397
398
399
400
8009
402
403
8017
8019
406
8021
408
409
410
411
412
413
414
415
8033
417
8036
419
420
421
422
423
424
425
426
8045
428
8048
430
431
8051
8053
434
435
436
437
438
439
440
441
442
8067
444
445
446
447
448
449
8075
451
452
453
8082
455
456
457
458
8087
460
461
8090
463
8093
8094
7634
467
468
8098
8100
471
472
473
8106
475
8109
477
478
479
480
8116
482
483
484
8122
486
487
488
489
490
8043
492
8130
494
495
496
497
498
499
8139
501
502
503
504
8147
506
507
8151
8152
510
511
8155
513
514
515
516
8160
518
519
520
521
522
8168
524
525
526
527
528
8175
530
531
532
533
8180
535
536
537
538
8186
8188
541
542
543
8192
545
546
547
548
549
8198
551
8200
553
554
555
556
8207
7450
559
560
561
562
563
564
565
566
8083
568
569
8255
8256
572
573
8262
575
576
8302
578
579
8305
581
582
8148
584
8310
8311
587
588
8317
590
8318
592
593
594
595
8324
8326
598
599
600
601
602
8332
604
8335
606
607
608
8338
610
8340
612
8342
8344
615
616
617
8350
619
620
8354
622
8357
624
625
626
627
628
629
630
631
632
633
634
635
636
637
638
8374
8375
8377
642
8380
8381
645
646
647
648
649
650
651
652
8159
654
655
8392
657
658
659
660
661
662
663
8406
665
666
667
668
8411
670
671
672
8415
674
8419
676
8423
678
8425
680
681
8429
683
8431
685
8432
8433
8434
689
690
691
8440
693
8442
8444
696
697
698
8449
700
701
702
703
7696
705
8491
707
8494
8496
710
711
8499
713
714
8503
716
8506
718
719
8510
721
7817
8512
724
725
726
8516
728
8518
730
731
732
8520
8212
735
736
8526
738
739
740
8531
8532
743
8534
745
746
747
8133
749
8540
8542
752
753
754
8546
8547
757
758
759
8550
761
762
763
764
765
766
767
768
769
770
771
772
8267
774
8569
776
777
778
779
780
7833
782
783
784
8583
786
787
788
789
8588
8589
792
793
794
795
8596
797
798
8601
800
801
802
803
804
805
806
807
8610
8611
8612
8613
812
7903
814
815
8617
817
818
819
820
8623
822
823
824
825
8627
8445
828
829
830
831
832
833
834
835
836
8639
838
839
840
841
842
843
844
8294
846
847
848
849
850
851
852
853
854
855
856
857
8666
859
860
861
862
8671
864
865
866
8676
8677
869
870
8682
872
873
874
875
876
877
878
879
880
8694
882
883
7692
8698
886
8702
888
889
8706
891
892
893
894
895
896
897
898
899
8716
901
8718
903
904
905
906
907
908
8726
910
911
912
913
914
915
916
917
8737
919
920
921
8740
8741
8742
925
926
927
928
929
930
8751
932
933
934
935
936
937
7581
939
940
8762
942
943
944
8767
946
947
948
949
950
951
952
953
8776
955
956
957
8780
959
960
8268
962
963
964
965
966
967
968
969
970
971
8245
973
8792
975
976
977
978
8802
8803
981
982
8805
8226
985
986
987
988
8811
8812
991
8814
7625
994
995
8819
997
998
8822
1000
1001
1002
1003
1004
8829
1006
1007
1008
1009
1010
1011
1012
1013
1014
1015
1016
1017
1018
1019
8840
1021
8086
8843
1024
1025
8880
1027
1028
1029
1030
8886
1032
1033
1034
1035
8891
8892
1038
8851
1040
8896
8897
1043
1044
1045
8901
1047
1048
8904
1050
8906
1052
1053
1054
1055
1056
1057
1058
1059
1060
1061
1062
7746
1064
1065
1066
8952
1068
1069
1070
8957
1072
1073
8076
1075
7851
1077
1078
1079
1080
1081
8969
1083
1084
1085
8973
1087
1088
8292
1090
1091
1092
1093
1094
1095
1096
8988
1098
1099
1100
8992
8788
1103
1104
1105
1106
1107
1108
1109
1110
9074
9075
1113
1114
1115
1116
1117
1118
9080
1120
1121
1122
1123
9088
9089
1126
1127
1128
1129
9093
1131
1132
1133
9098
1135
1136
1137
1138
1139
1140
1141
1142
1143
1144
1145
7979
1147
9113
1149
1150
1151
1152
1153
7841
9118
1156
1157
1158
1159
1160
9125
1162
1163
1164
1165
1166
1167
1168
1169
1170
1171
1172
1173
1174
1175
1176
1177
1178
1179
1180
1181
1182
1183
1184
1185
9189
1187
1188
9193
1190
1191
1192
1193
1194
8947
1196
1197
1198
1199
1200
1201
1202
1203
8322
1205
1206
1207
1208
1209
1210
1211
1212
1213
1214
1215
7517
1217
1218
1219
1220
1221
1222
1223
1224
9304
1226
1227
7630
1229
1230
1231
1232
1233
1234
1235
1236
1237
1238
1239
1240
1241
1242
1243
1244
1245
1246
1247
9332
1249
7665
1251
1252
1253
1254
9336
8864
1257
1258
1259
1260
9178
1262
1263
1264
1265
1266
9345
9346
1269
1270
8216
1272
1273
9352
1275
1276
1277
1278
9356
1280
9358
1282
1283
9361
1285
1286
9366
1288
1289
1290
1291
1292
1293
9376
1295
8032
1297
1298
1299
1300
9380
9381
9383
1304
9386
1306
1307
1308
1309
1310
8717
9389
1313
1314
1315
1316
1317
1318
1319
1320
1321
9398
1323
1324
1325
1326
7866
1328
1329
1330
1331
1332
9407
9408
9409
9410
1337
1338
1339
8972
1341
1342
9181
9431
1345
1346
1347
1348
1349
9437
9439
1352
9441
1354
1355
9444
1357
1358
1359
1360
1361
9450
1363
9453
9455
1366
1367
1368
1369
9460
1371
8218
1373
1374
9466
1376
1377
1378
1379
9472
1381
9475
1383
1384
8028
1386
9480
1388
8725
1390
1391
1392
1393
1394
1395
1396
1397
9490
1399
9520
1401
9523
1403
1404
1405
1406
1407
9530
9532
1410
1411
1412
8356
1414
9539
1416
9541
8505
1419
1420
1421
7477
1423
1424
1425
1426
1427
9552
1429
1430
1431
1432
1433
1434
1435
1436
1437
1438
1439
1440
1441
1442
1443
9562
1445
1446
1447
9565
1449
9569
1451
1452
1453
1454
1455
1456
1457
1458
1459
1460
9578
1462
1463
9579
1465
1466
9582
1468
1469
1470
9585
9443
9588
1474
7939
1476
1477
1478
9592
1480
1481
9593
7470
1484
1485
1486
1487
1488
1489
1490
1491
9602
1493
9606
1495
8469
1497
9609
1499
9613
9614
1502
1503
1504
1505
1506
1507
1508
1509
1510
1511
9624
1513
1514
1515
1516
1517
1518
1519
1520
1521
9706
8894
1524
1525
9710
1527
9712
1529
1530
1531
9718
1533
9721
1535
9724
1537
1538
7910
1540
1541
1542
1543
1544
1545
9730
1547
1548
1549
1550
1551
1552
8723
1554
1555
1556
1557
9744
8727
8868
1561
9746
9747
1564
9749
9751
9752
9753
1569
1570
1571
1572
1573
7896
1575
1576
9760
7608
1579
1580
9833
1582
1583
1584
1585
1586
1587
1588
1589
9844
1591
1592
1593
9849
1595
9853
1597
1598
8552
1600
1601
1602
1603
9860
1605
1606
1607
1608
1609
1610
1611
1612
1613
1614
1615
1616
1617
1618
1619
1620
1621
9165
9871
1624
1625
1626
1627
1628
9879
1630
9882
1632
1633
1634
9426
1636
1637
1638
9888
1640
1641
1642
1643
1644
1645
1646
1647
8460
1649
1650
1651
1652
9899
1654
1655
1656
1657
1658
1659
1660
9908
1662
1663
1664
1665
1666
1667
9913
1669
1670
1671
1672
1673
1674
1675
1676
1677
1678
1679
9925
1681
9927
8234
9929
1685
1686
1687
1688
1689
9934
1691
8724
1693
1694
9939
1696
1697
1698
1699
9943
1701
1702
9945
9298
8247
1706
1707
1708
1709
1710
9950
1712
1713
1714
9956
9958
1717
1718
1719
9961
9962
9963
1723
1724
9967
9968
1727
1728
1729
1730
1731
1732
9975
9976
1735
1736
9979
1738
1739
8468
1741
1742
1743
1744
1745
1746
1747
9990
1749
1750
9991
1752
9183
1754
1755
1756
1757
9998
1759
10000
10002
1762
1763
1764
1765
1766
10009
1768
10012
1770
1771
1772
1773
10015
1775
1776
1777
1778
10020
1780
1781
10023
1783
1784
1785
1786
1787
1788
8562
1790
1791
1792
1793
1794
8277
10031
1797
1798
10033
1800
1801
10035
1803
1804
1805
10039
1807
1808
1809
1810
1811
7913
1813
1814
10049
1816
1817
1818
10053
1820
1821
1822
1823
10058
1825
1826
1827
8985
8867
1830
1831
10066
10067
1834
1835
1836
9916
10072
1839
1840
1841
1842
1843
1844
1845
10077
1847
1848
1849
1850
10082
1852
1853
10084
8127
1856
1857
1858
1859
1860
1861
1862
10093
1864
9604
1866
1867
10096
1869
1870
1871
10100
1873
1874
10103
1876
1877
1878
1879
1880
10111
10112
10113
1884
1885
1886
1887
1888
10118
1890
8265
1892
10122
1894
9160
10125
1897
1898
1899
1900
1901
1902
10132
1904
10135
1906
1907
1908
1909
1910
1911
1912
1913
1914
1915
1916
9155
1918
1919
1920
1921
1922
1923
1924
10151
1926
1927
1928
8564
1930
1931
1932
1933
1934
1935
1936
1937
8290
1939
1940
1941
1942
1943
1944
1945
1946
1947
1948
1949
1950
1951
1952
1953
1954
10106
1956
1957
10178
10180
1960
1961
9119
1963
1964
1965
1966
1967
1968
1969
10189
10190
1972
1973
1974
9584
1976
1977
9168
1979
1980
10199
1982
1983
8293
1985
1986
8158
10204
1989
1990
10206
1992
1993
1994
1995
1996
1997
1998
1999
2000
2001
2002
10216
2004
10217
2006
2007
10220
2009
8870
2011
2012
2013
2014
2015
2016
8498
2018
2019
2020
2021
7724
2023
2024
2025
2026
10233
8919
2029
2030
2031
2032
8023
2034
2035
2036
2037
2038
2039
8123
10244
10245
2043
8701
10246
2046
2047
2048
2049
2050
2051
2052
2053
2054
2055
2056
2057
2058
2059
2060
2061
2062
10259
2064
2065
2066
2067
2068
8108
2070
2071
7847
9149
10266
2075
2076
10269
9159
2079
2080
10271
8210
2083
10272
2085
8563
2087
2088
2089
2090
10278
2092
2093
2094
2095
2096
2097
2098
2099
10285
2101
2102
7537
2104
2105
10289
2107
2108
2109
2110
2111
9957
2113
2114
2115
2116
2117
9162
10296
10297
10299
2122
2123
2124
2125
2126
2127
2128
2129
2130
10311
2132
7547
2134
2135
2136
2137
2138
2139
8856
2141
2142
2143
2144
2145
8270
10322
2148
2149
2150
10325
2152
2153
2154
2155
2156
2157
2158
8285
2160
2161
2162
2163
10358
2165
2166
2167
2168
2169
2170
2171
10364
2173
2174
9842
8235
2177
8653
2179
2180
2181
2182
2183
2184
10372
2186
10374
2188
2189
2190
2191
2192
2193
10354
2195
10380
2197
2198
10098
2200
9464
2202
2203
2204
10387
10388
10389
2208
2209
10390
2211
2212
2213
2214
2215
2216
2217
2218
2219
10401
7690
2222
2223
2224
2225
2226
2227
2228
2229
2230
2231
9857
2233
10410
2235
8286
10412
2238
2239
2240
2241
8839
10413
2244
2245
10416
2247
2248
2249
2250
2251
10421
2253
2254
2255
2256
2257
2258
2259
2260
10428
9608
2263
8966
2265
2266
2267
8181
2269
2270
2271
9923
10309
2274
10440
10085
2277
8949
2279
10443
2281
2282
2283
2284
2285
10449
8853
2288
2289
2290
10454
2292
10457
2294
2295
2296
2297
2298
2299
2300
2301
2302
10464
2304
2305
2306
2307
2308
2309
2310
2311
2312
2313
2314
2315
10473
2317
2318
2319
2320
2321
10475
2323
2324
2325
10476
10477
2328
2329
2330
10480
2332
9446
9173
2335
10482
2337
2338
2339
10486
10487
2342
10489
2344
10490
2346
2347
2348
2349
2350
2351
2352
2353
2354
2355
2356
2357
10499
2359
2360
9184
2362
2363
2364
2365
2366
2367
10506
2369
7551
2371
2372
2373
2374
10509
10510
2377
2378
2379
2380
9094
2382
2383
2384
2385
10518
10519
2388
2389
2390
2391
2392
2393
2394
2395
2396
2397
10531
10532
2400
2401
10535
8982
2404
10536
2406
2407
2408
2409
2410
2411
8248
2413
10543
8783
8495
2417
2418
10547
2420
2421
2422
2423
10551
2425
2426
9158
2428
2429
2430
2431
2432
2433
2434
2435
2436
2437
2438
2439
10561
2441
10563
2443
2444
2445
2446
2447
2448
2449
2450
8141
10569
9169
10571
2455
2456
2457
2458
2459
2460
2461
2462
2463
10579
2465
2466
2467
2468
2469
8413
2471
2472
10589
2474
2475
2476
2477
2478
2479
2480
2481
2482
10595
2484
2485
2486
2487
2488
2489
2490
10293
10601
7590
2494
2495
2496
2497
2498
10606
2500
2501
2502
2503
2504
2505
2506
2507
2508
2509
2510
2511
10616
2513
2514
2515
2516
2517
2518
2519
2520
2521
2522
2523
2524
8979
7890
2527
10627
2529
2530
10630
2532
2533
9154
2535
10635
2537
2538
10638
2540
2541
2542
2543
2544
2545
10643
2547
2548
8199
10645
10646
10247
2553
2554
2555
10651
2557
10240
2559
2560
2561
2562
10653
2564
2565
2566
2567
2568
2569
2570
2571
8029
2573
10661
2575
2576
2577
2578
9335
2580
9862
8435
2583
2584
10665
2586
2587
2588
10668
2590
2591
2592
2593
2594
10671
2596
2597
2598
2599
2600
2601
2602
2603
2604
2605
10678
9736
2608
2609
10681
2611
10682
2613
10684
2615
2616
10687
10688
2619
2620
2621
2622
2623
2624
10694
2626
10695
2628
2629
10696
2631
2632
2633
10699
2635
10701
9170
2638
2639
10706
8462
10707
2643
2644
2645
2646
2647
2648
2649
7748
9495
2652
2653
10716
2655
2656
2657
10719
2659
2660
10721
2662
8403
2664
2665
10725
2667
2668
2669
10108
2671
10731
2673
8713
2675
2676
2677
10739
2679
2680
2681
2682
2683
2684
2685
10744
2687
10746
2689
10747
2691
2692
2693
2694
2695
10774
10775
10776
2699
2700
2701
2702
2703
2704
2705
10713
10782
10783
2709
2710
2711
2712
2713
2714
2715
2716
2717
2718
2719
2720
2721
2722
10791
2724
2725
10793
2727
2728
2729
2730
2731
2732
10798
2734
2735
2736
2737
2738
2739
2740
2741
2742
2743
2744
2745
8297
2747
2748
2749
2750
2751
2752
2753
2754
2755
2756
2757
2758
2759
2760
2761
2762
2763
2764
7668
2766
8081
2768
10140
10819
2771
2772
10821
2774
2775
2776
2777
8461
10826
2780
10764
2782
2783
2784
2785
2786
2787
2788
2789
2790
2791
2792
2793
2794
10141
2796
10840
2798
2799
10842
2801
2802
10844
2804
2805
10349
10847
2808
8836
2810
2811
2812
10270
2814
9971
2816
2817
2818
2819
2820
7990
2822
2823
8142
2825
2826
2827
2828
10715
2830
2831
2832
2833
2834
2835
2836
2837
2838
2839
2840
10034
2842
2843
10871
2845
2846
2847
2848
2849
2850
7691
2852
2853
7894
2855
2856
2857
10575
2859
2860
2861
2862
2863
10883
2865
2866
2867
2868
2869
2870
9095
2872
8274
2874
2875
8096
9591
2878
2879
2880
2881
10892
2883
2884
2885
2886
2887
2888
2889
2890
2891
2892
10898
2894
8084
9185
2897
2898
2899
10903
10905
2902
10907
2904
2905
2906
2907
2908
2909
2910
2911
10917
10918
2914
2915
2916
2917
2918
10926
2920
2921
2922
2923
2924
2925
10931
2927
2928
2929
10935
2931
2932
10937
2934
2935
10939
10940
2938
2939
2940
2941
2942
10944
10946
10948
2946
2947
2948
10745
2950
10949
2952
8149
2954
2955
2956
2957
2958
2959
2960
10956
2962
2963
7669
2965
2966
10982
2968
2969
2970
2971
2972
2973
9497
2975
2976
2977
2978
2979
2980
10993
2982
2983
2984
2985
2986
2987
10996
10997
9970
2991
2992
2993
8101
2995
11002
11004
2998
2999
3000
7598
11009
3003
11011
3005
3006
3007
7568
3009
9478
3011
3012
3013
3014
3015
3016
3017
3018
3019
3020
3021
3022
3023
11024
3025
10344
3027
10333
3029
3030
3031
11030
8823
3034
3035
8679
3037
3038
3039
8981
3041
3042
9180
11036
3045
11039
11040
3048
3049
3050
3051
3052
3053
3054
3055
3056
3057
8077
11050
3060
3061
3062
3063
3064
10335
3066
8955
8863
3069
3070
3071
3072
3073
11059
3075
3076
3077
3078
3079
9163
3081
3082
3083
3084
3085
3086
11069
7837
3089
11070
11071
3092
3093
3094
3095
3096
3097
3098
3099
3100
10622
3102
3103
3104
3105
11117
9493
8430
9423
3110
3111
3112
11119
3114
3115
3116
11122
9502
9164
3120
3121
3122
3123
3124
3125
3126
3127
3128
8209
3130
7529
3132
3133
3134
11131
3136
11133
11134
3139
3140
3141
3142
3143
3144
3145
3146
11139
3148
3149
3150
11142
3152
3153
10517
3155
3156
3157
3158
3159
3160
3161
3162
11154
3164
3165
3166
3167
3168
3169
3170
3171
3172
3173
3174
3175
8240
3177
11164
3179
9192
8214
3182
3183
3184
11170
3186
3187
3188
3189
3190
8625
3192
3193
11012
10163
3196
11179
3198
3199
3200
3201
11181
10593
3204
3205
11183
3207
3208
3209
11128
11188
3212
8456
3214
3215
3216
3217
3218
3219
3220
3221
3222
11193
10766
3225
10258
3227
11196
3229
3230
11199
11200
11111
3234
11201
3236
7569
3238
3239
3240
11203
9172
9526
3244
3245
7614
3247
3248
8272
3250
3251
3252
3253
3254
3255
3256
3257
11208
3259
3260
3261
3262
7862
11211
3265
3266
3267
3268
3269
3270
3271
3272
3273
3274
11218
3276
11220
3278
11223
3280
3281
3282
3283
3284
11227
3286
3287
3288
3289
11234
9587
3292
3293
3294
3295
11238
8551
11239
3299
3300
3301
3302
3303
3304
3305
3306
3307
3308
3309
3310
3311
3312
3313
3314
3315
11254
3317
3318
3319
9179
3321
3322
11258
3324
3325
3326
3327
11263
3329
11264
3331
8513
9177
11000
3335
11268
9166
3338
3339
11271
3341
8238
3343
3344
3345
11275
10427
3348
3349
3350
3351
3352
11100
3354
3355
3356
3357
10345
3359
3360
8058
3362
11284
3364
3365
3366
3367
3368
3369
3370
3371
3372
3373
11290
3375
3376
3377
8464
11293
3380
9603
3382
3383
3384
3385
3386
3387
3388
3389
11298
3391
3392
3393
3394
8877
10608
3397
3398
11302
3400
3401
3402
3403
11306
3405
3406
11310
3408
3409
3410
3411
3412
3413
7940
3415
3416
3417
3418
3419
3420
3421
10770
3423
3424
3425
3426
3427
11322
3429
3430
3431
3432
3433
3434
11324
11326
3437
10036
3439
3440
3441
3442
3443
10772
3445
3446
3447
3448
3449
3450
3451
3452
3453
3454
3455
3456
11334
3458
3459
3460
7495
3462
3463
3464
8848
3466
11338
3468
3469
11343
9152
3472
8977
3474
3475
11346
3477
3478
3479
3480
11349
3482
11352
3484
8649
10022
8775
3488
3489
3490
3491
3492
3493
3494
3495
3496
3497
8488
11359
3500
11360
3502
3503
3504
11362
3506
3507
3508
7616
3510
3511
3512
3513
3514
3515
11368
3517
3518
11370
3520
3521
10340
3523
10386
3525
3526
11375
3528
3529
3530
3531
3532
3533
3534
3535
11380
3537
3538
7448
3540
3541
3542
3543
3544
3545
3546
3547
11394
3549
7491
3551
11395
3553
3554
3555
3556
3557
3558
3559
3560
3561
3562
3563
3564
3565
3566
3567
9187
3569
3570
11406
11407
3573
11409
3575
10609
3577
3578
3579
3580
3581
3582
3583
3584
3585
3586
3587
3588
3589
3590
11419
3592
7584
3594
8849
3596
3597
3598
3599
11105
3601
3602
3603
3604
3605
8857
11431
3608
3609
3610
3611
3612
3613
3614
11436
11437
11438
3618
3619
3620
9091
3622
3623
3624
3625
3626
11447
3628
11451
8876
3631
3632
3633
3634
3635
10337
3637
11456
3639
8222
8608
10347
3643
3644
3645
3646
11460
3648
3649
3650
8336
3652
3653
8465
11010
7758
3657
11057
3659
3660
3661
11467
3663
3664
3665
11468
3667
3668
3669
3670
3671
3672
3673
3674
3675
8575
3677
3678
3679
3680
3681
3682
3683
3684
3685
3686
3687
3688
3689
7587
3691
3692
7884
3694
3695
3696
11498
8855
8031
3700
3701
3702
7588
3704
3705
3706
3707
3708
3709
3710
3711
3712
3713
3714
3715
10524
3717
8227
3719
3720
3721
11583
3723
3724
3725
3726
10157
3728
11586
3730
3731
3732
3733
3734
11588
3736
3737
3738
3739
3740
10929
3742
8604
3744
3745
3746
3747
3748
3749
11596
3751
11337
3753
3754
3755
3756
3757
3758
3759
3760
3761
3762
3763
10969
3765
8114
3767
11610
8223
10018
3771
3772
3773
3774
3775
3776
9323
3778
3779
11585
7788
10336
3783
11169
3785
3786
3787
3788
3789
3790
8257
3792
9405
3794
3795
11625
3797
9843
3799
11628
3801
3802
3803
3804
3805
3806
3807
3808
3809
8975
3811
3812
8454
8777
3815
3816
3817
3818
3819
11269
3821
3822
3823
9413
3825
3826
3827
3828
11643
9329
3831
3832
3833
7694
11646
10104
3837
3838
3839
3840
3841
3842
8281
3844
11648
3846
3847
3848
8246
3850
3851
8224
3853
3854
3855
3856
8557
3858
3859
3860
9315
7757
3863
8202
8862
3866
7490
3868
3869
3870
11113
3872
3873
3874
3875
3876
11633
3878
3879
11660
3881
3882
7895
11662
3885
3886
8085
3888
3889
3890
3891
11668
3893
3894
3895
3896
3897
3898
3899
3900
3901
10966
3903
3904
3905
3906
3907
11672
3909
11674
3911
3912
3913
8361
3915
3916
3917
3918
3919
3920
3921
11677
10498
3924
3925
3926
3927
3928
3929
8325
11679
7819
3933
8233
11680
3936
3937
3938
3939
3940
8231
3942
3943
3944
11688
11689
3947
8504
3949
8279
7956
3952
11691
3954
3955
3956
3957
8493
3959
3960
3961
11137
3963
3964
11098
8282
11698
3968
3969
3970
11700
3972
10326
3974
3975
3976
8861
3978
11705
3980
3981
3982
3983
3984
10170
3986
11047
3988
9481
3990
11215
3992
3993
10771
3995
9157
3997
9948
3999
10277
4001
4002
4003
4004
4005
4006
4007
9135
4009
4010
4011
4012
4013
4014
9890
4016
4017
4018
10461
10226
4021
11732
4023
4024
4025
4026
4027
4028
4029
4030
4031
11736
4033
4034
4035
4036
4037
9424
4039
11096
11748
11095
10960
4044
4045
10736
4047
4048
9108
4050
4051
4052
4053
4054
4055
4056
4057
4058
7883
4060
4061
4062
4063
4064
4065
4066
4067
4068
4069
4070
4071
4072
4073
4074
4075
11765
4077
10965
4079
4080
4081
4082
4083
4084
4085
4086
4087
4088
4089
4090
4091
4092
4093
4094
9150
11769
4097
4098
11210
4100
4101
10105
4103
11773
4105
4106
4107
4108
4109
4110
4111
4112
4113
4114
4115
4116
4117
4118
8692
4120
4121
4122
4123
4124
11783
4126
4127
8284
4129
4130
4131
4132
11786
10370
4135
4136
4137
4138
4139
4140
11789
4142
4143
4144
4145
4146
4147
8219
10149
4150
4151
4152
4153
4154
4155
4156
4157
4158
8820
4160
4161
11799
4163
10287
4165
4166
4167
4168
10087
4170
4171
4172
4173
4174
4175
4176
8869
4178
4179
7772
8641
4182
4183
11297
4185
4186
11626
10757
9425
4190
4191
10274
4193
11806
4195
4196
4197
7626
4199
4200
4201
4202
4203
4204
4205
4206
4207
11813
4209
4210
10040
4212
4213
4214
11272
7932
4217
4218
4219
4220
4221
4222
4223
4224
9411
4226
11822
4228
4229
8565
4231
10787
4233
10348
4235
4236
4237
10507
4239
8107
4241
4242
4243
4244
11829
4246
4247
4248
4249
4250
8463
4252
4253
4254
4255
4256
4257
4258
11823
11762
9491
4262
4263
4264
4265
4266
4267
11845
4269
10404
7893
4272
4273
4274
4275
4276
4277
4278
4279
7742
4281
4282
4283
11857
4285
11860
11861
4288
4289
11091
4291
4292
4293
9343
10641
4296
4297
4298
4299
11053
4301
4302
4303
4304
9944
4306
4307
4308
4309
4310
4311
10158
9757
4314
4315
4316
4317
4318
9322
4320
4321
11874
4323
4324
10959
4326
4327
4328
4329
4330
4331
4332
4333
10930
4335
10647
4337
9544
4339
4340
11879
4342
4343
4344
4345
4346
4347
4348
4349
4350
4351
4352
4353
8230
8511
4356
4357
4358
10481
4360
9919
4362
4363
4364
4365
4366
4367
4368
4369
4370
4371
4372
4373
4374
4375
10391
4377
4378
4379
4380
11894
4382
4383
4384
4385
9564
10028
4388
4389
4390
4391
4392
4393
4394
4395
4396
11900
9500
8239
4400
4401
4402
4403
4404
4405
4406
4407
4408
4409
4410
4411
4412
4413
11910
4415
4416
4417
4418
11145
4420
11912
4422
11914
8874
4425
4426
4427
11916
4429
11918
11919
4432
4433
4434
4435
4436
4437
4438
4439
11922
4441
4442
4443
11926
4445
4446
11815
4448
4449
4450
4451
4452
4453
8798
9171
8266
4457
4458
4459
4460
4461
4462
4463
4464
10762
4466
4467
4468
4469
4470
4471
11942
11332
4474
4475
4476
4477
10156
4479
4480
4481
4482
4483
4484
9543
4486
11001
4488
4489
4490
4491
4492
4493
4494
4495
4496
4497
4498
4499
7842
4501
4502
4503
4504
11007
9728
4507
4508
11749
4510
11365
4512
8191
4514
4515
11960
4517
4518
4519
4520
4521
7766
4523
8232
4525
4526
8201
4528
4529
4530
4531
4532
4533
11967
4535
4536
8138
4538
4539
11970
7859
4542
4543
4544
4545
4546
4547
4548
4549
4550
10692
4552
4553
4554
11975
4556
4557
4558
4559
11977
4561
4562
4563
11996
8303
4566
4567
4568
4569
4570
11296
4572
4573
12000
12001
12002
4577
4578
4579
8628
4581
4582
4583
4584
4585
4586
8769
4588
4589
12008
4591
4592
4593
4594
4595
4596
4597
4598
4599
4600
12012
4602
9986
4604
4605
12014
11904
4608
4609
4610
4611
4612
4613
4614
4615
4616
4617
4618
4619
4620
4621
4622
12034
4624
4625
4626
4627
4628
4629
4630
4631
4632
4633
4634
4635
4636
4637
4638
10733
4640
4641
4642
4643
12044
4645
4646
4647
4648
4649
4650
4651
4652
4653
11608
11240
7595
10649
4658
4659
4660
4661
12051
4663
4664
9121
4666
4667
4668
4669
9917
4671
4672
4673
4674
4675
4676
4677
4678
9568
4680
9362
4682
4683
4684
11090
4686
4687
12061
10599
4690
11906
4692
10402
4694
4695
4696
11068
4698
9092
4700
4701
8640
4703
9288
11104
8878
9415
10339
4709
4710
4711
12067
4713
4714
4715
4716
4717
4718
4719
11711
4721
11052
4723
4724
8259
4726
8288
4728
4729
4730
4731
4732
4733
4734
4735
11981
4737
4738
4739
4740
4741
4742
4743
4744
4745
4746
4747
10758
4749
4750
4751
4752
8950
4754
4755
4756
4757
4758
4759
4760
4761
4762
11087
4764
7778
4766
8280
4768
7790
11157
12084
10722
4773
4774
4775
4776
4777
4778
4779
8291
4781
10807
8859
4784
4785
11980
12025
4788
4789
4790
4791
4792
4793
10320
4795
10433
8893
4798
4799
12096
4801
8467
4803
4804
4805
4806
4807
4808
4809
4810
4811
10786
4813
9494
11612
12102
11671
4818
4819
4820
9501
4822
4823
4824
4825
4826
4827
4828
4829
11741
4831
10265
4833
4834
8373
4836
4837
4838
4839
4840
11097
11740
10962
12111
4845
10350
8500
4848
4849
4850
4851
4852
8030
4854
10393
4856
4857
4858
4859
4860
4861
8693
4863
4864
12116
4866
4867
4868
4869
11746
4871
4872
4873
4874
4875
4876
4877
8221
4879
4880
4881
10863
4883
11913
4885
4886
4887
4888
4889
4890
4891
4892
10327
4894
4895
4896
4897
4898
10760
4900
4901
8850
4903
7930
4905
4906
4907
4908
4909
4910
4911
4912
4913
4914
4915
4916
4917
4918
4919
4920
4921
4922
4923
4924
11589
4926
9321
4928
9375
4930
4931
12138
4933
4934
12139
7671
4937
4938
4939
4940
10884
4942
4943
4944
4945
4946
12062
4948
12145
8831
4951
4952
4953
10215
8782
4956
12076
10623
4959
4960
4961
4962
9344
8319
4965
4966
4967
4968
4969
12220
4971
4972
4973
4974
4975
10130
4977
4978
12223
12224
12225
4982
4983
4984
4985
4986
4987
4988
4989
4990
10824
4992
8443
4994
4995
12231
4997
4998
4999
5000
5001
5002
5003
5004
5005
10434
5007
5008
5009
5010
5011
5012
5013
11114
11445
5016
5017
5018
5019
5020
5021
5022
5023
5024
12238
5026
5027
5028
5029
5030
5031
11315
5033
5034
5035
5036
5037
5038
5039
5040
12247
5042
5043
5044
5045
5046
5047
5048
5049
5050
5051
8834
11722
10369
5055
5056
5057
8458
5059
8220
5061
5062
12254
12070
5065
5066
11830
5068
5069
11577
5071
5072
5073
5074
10042
5076
12019
5078
11683
5080
5081
11866
5083
7710
5085
8576
5087
5088
5089
8289
8806
12259
5093
5094
10328
5096
5097
9894
5099
5100
5101
5102
12263
11489
10284
5106
5107
5108
5109
5110
8263
5112
5113
8858
5115
5116
5117
5118
5119
5120
5121
5122
11056
5124
11779
5126
5127
5128
5129
5130
5131
5132
5133
10765
5135
5136
5137
5138
12270
5140
12010
7483
11834
5144
5145
5146
5147
10332
5149
5150
5151
5152
12276
5154
8594
5156
5157
5158
5159
5160
5161
5162
5163
5164
5165
5166
5167
5168
11846
5170
5171
10405
5173
5174
12285
9852
11843
12246
5179
12286
12287
5182
9176
5184
10637
5186
9086
5188
5189
5190
5191
5192
5193
5194
5195
11094
5197
5198
9197
5200
5201
5202
5203
5204
8924
12298
8902
11404
5209
8678
5211
9941
5213
5214
5215
5216
5217
5218
8595
5220
11873
5222
8797
5224
11044
5226
10363
5228
5229
5230
5231
5232
5233
5234
5235
5236
5237
5238
5239
5240
10936
5242
5243
5244
5245
5246
5247
5248
12313
5250
5251
5252
10312
5254
5255
5256
5257
5258
5259
5260
5261
11277
8865
5264
5265
5266
5267
5268
12132
5270
5271
5272
5273
5274
5275
11283
12319
5278
8815
5280
10732
5282
5283
5284
5285
5286
5287
8241
5289
11219
5291
5292
12323
10808
5295
10963
5297
5298
5299
5300
8466
5302
5303
5304
5305
8261
8414
5308
5309
5310
5311
5312
10555
5314
5315
8225
5317
5318
5319
8073
8264
10341
10885
9974
5325
8854
5327
5328
5329
10754
5331
5332
11986
9186
11354
10346
9750
5338
12256
5340
5341
5342
5343
5344
5345
5346
5347
5348
5349
5350
5351
5352
5353
5354
5355
8050
8260
5358
5359
5360
5361
5362
8732
5364
5365
5366
10767
5368
5369
8459
5371
5372
5373
5374
11964
5376
5377
5378
5379
9199
5381
5382
10705
10255
5385
5386
5387
5388
5389
5390
5391
5392
5393
5394
5395
5396
5397
5398
5399
5400
5401
11458
12023
5404
5405
8099
5407
8269
5409
5410
5411
5412
5413
5414
10019
5416
5417
5418
5419
5420
8879
5422
5423
5424
5425
10755
5427
5428
5429
12353
5431
5432
5433
12066
5435
5436
5437
5438
10636
5440
5441
8243
5443
5444
12357
5446
5447
5448
5449
5450
5451
5452
10097
5454
5455
5456
10343
5458
10273
9440
5461
5462
5463
5464
5465
5466
12339
5468
12365
9499
5471
10967
5473
5474
5475
10812
5477
5478
5479
5480
5481
5482
11959
5484
12368
8871
5487
5488
5489
5490
5491
12379
12381
8251
12371
8143
9605
5498
12355
5500
5501
5502
5503
5504
5505
5506
5507
5508
5509
5510
5511
5512
8321
10724
5515
5516
5517
7805
5519
5520
5521
5522
5523
5524
5525
5526
8283
10664
5529
5530
5531
5532
5533
5534
8844
5536
5537
5538
5539
5540
5541
10514
5543
11907
9498
8167
5547
5548
5549
5550
5551
5552
12391
5554
5555
5556
11805
5558
5559
5560
5561
12392
5563
5564
11212
5566
5567
12057
8089
9349
5571
5572
5573
5574
5575
5576
5577
5578
5579
5580
5581
5582
5583
12399
5585
5586
8847
5588
5589
5590
10048
7528
5593
5594
5595
9477
5597
5598
5599
7869
5601
9419
8827
5604
5605
10330
5607
5608
5609
5610
5611
10542
5613
5614
5615
5616
5617
5618
5619
5620
5621
5622
8242
5624
8866
5626
12005
5628
8980
5630
5631
5632
9618
5634
5635
5636
5637
5638
5639
5640
12241
5642
5643
5644
12321
5646
5647
5648
5649
5650
5651
5652
5653
5654
5655
5656
5657
5658
5659
8426
5661
7734
5663
11745
5665
5666
8801
5668
5669
5670
5671
5672
5673
5674
5675
5676
5677
5678
5679
5680
5681
5682
5683
12418
5685
5686
5687
12004
5689
5690
5691
11006
12147
5694
10717
5696
5697
9504
8309
9161
5701
5702
5703
11763
5705
5706
5707
5708
5709
5710
5711
5712
5713
9886
7840
12422
12227
5718
5719
5720
5721
5722
12425
12426
8258
5726
12428
5728
11954
5730
5731
5732
5733
5734
5735
5736
12128
5738
5739
12431
5741
5742
5743
7615
5745
8845
5747
5748
5749
5750
5751
5752
7931
5754
5755
5756
5757
10508
5759
5760
5761
5762
5763
5764
5765
5766
5767
5768
5769
5770
10769
5772
5773
9174
5775
5776
5777
5778
5779
8914
5781
5782
5783
5784
5785
12372
5787
5788
5789
5790
10338
12440
5793
11947
5795
5796
5797
5798
5799
8574
5801
5802
7449
5804
5805
5806
11931
5808
5809
8873
5811
8278
5813
5814
5815
5816
5817
5818
5819
12047
5821
5822
5823
5824
7545
5826
5827
5828
5829
5830
5831
5832
5833
5834
11849
12446
7589
5838
5839
5840
5841
12024
9436
10642
5845
5846
5847
8636
5849
5850
5851
5852
5853
5854
12456
5856
5857
5858
5859
11107
5861
5862
5863
11982
5865
5866
8275
11061
5869
5870
11260
9096
10127
5874
5875
5876
5877
10893
5879
5880
5881
5882
5883
5884
9942
5886
5887
5888
5889
10094
5891
5892
5893
5894
8355
5896
5897
5898
5899
5900
12097
5902
5903
11905
5905
5906
5907
5908
9151
8296
5911
5912
5913
12470
11161
12472
11690
5918
5919
10026
5921
5922
5923
5924
5925
12473
5927
5928
5929
9328
5931
5932
5933
5934
5935
5936
5937
5938
5939
12459
5941
5942
11217
5944
5945
5946
12304
5948
5949
12477
5951
8244
5953
8229
5955
5956
5957
5958
5959
5960
10442
5962
5963
9182
5965
5966
5967
5968
5969
5970
5971
5972
5973
5974
9891
5976
11241
5978
5979
12460
5981
5982
10961
7902
9167
5986
5987
11331
8276
5990
5991
5992
5993
5994
5995
5996
12266
8826
5999
6000
6001
8213
7557
6004
6005
6006
6007
6008
6009
6010
6011
6012
6013
9435
6015
6016
6017
6018
10799
11969
6021
6022
6023
8386
6025
6026
6027
6028
10955
7823
6031
6032
6033
8024
6035
6036
6037
6038
6039
6040
6041
6042
6043
6044
6045
6046
6047
6048
6049
6050
6051
6052
9198
6054
6055
6056
6057
6058
6059
8236
10188
6062
6063
12046
6065
6066
6067
12491
6069
12374
9858
6072
6073
6074
6075
6076
12509
6078
6079
6080
6081
6082
6083
6084
6085
6086
6087
6088
6089
11141
11983
9969
6093
6094
6095
11726
6097
6098
6099
6100
6101
6102
9595
6104
10334
6106
11743
6108
6109
6110
6111
6112
12262
6114
6115
8170
12356
6118
6119
6120
6121
6122
6123
6124
12312
6126
6127
12403
6129
8537
6131
7889
6133
8457
6135
6136
6137
6138
10596
9120
6141
6142
6143
6144
11951
6146
6147
6148
6149
10453
6151
6152
10756
11963
6155
6156
6157
8049
12377
12122
6161
6162
6163
6164
6165
6166
6167
6168
6169
6170
6171
6172
10800
9930
6175
10958
6177
6178
6179
12526
6181
6182
6183
6184
6185
6186
6187
6188
7620
6190
11619
6192
6193
12003
6195
6196
12021
6198
6199
6200
6201
6202
10968
6204
6205
11702
6207
6208
6209
6210
6211
6212
8330
6214
6215
6216
6217
10043
8948
6220
6221
10342
7846
6224
6225
6226
6227
6228
6229
6230
6231
6232
6233
8126
10081
12395
11109
8538
6239
6240
6241
6242
6243
9355
8295
10753
6247
6248
10114
6250
6251
6252
6253
6254
6255
10234
6257
6258
6259
6260
11132
6262
10763
11112
9377
6266
6267
6268
6269
6270
6271
6272
6273
6274
6275
6276
6277
6278
6279
6280
6281
6282
6283
6284
9996
11490
9449
6288
6289
6290
6291
7857
6293
6294
6295
6296
6297
7591
6299
6300
6301
6302
11035
6304
11099
6306
7776
11427
11744
6310
6311
6312
6313
11110
8195
6316
6317
6318
6319
6320
6321
6322
6323
6324
6325
7688
12290
11984
6329
6330
6331
6332
9109
6334
6335
6336
6337
10357
6339
6340
6341
6342
6343
6344
11802
6346
11102
6348
6349
6350
6351
11898
6353
6354
6355
6356
8169
6358
6359
6360
6361
6362
6363
6364
6365
6366
6367
6368
6369
11106
6371
8128
6373
6374
6375
8455
6377
6378
6379
6380
6381
6382
6383
6384
12567
6386
11742
6388
11242
6390
7563
6392
8349
6394
6395
6396
9705
6398
6399
6400
6401
6402
6403
10964
6405
6406
6407
11979
6409
6410
6411
6412
6413
6414
6415
6416
6417
6418
9467
6420
6421
6422
6423
6424
6425
6426
6427
11665
6429
8872
6431
6432
6433
10887
6435
6436
6437
6438
6439
6440
6441
6442
9839
6444
6445
6446
6447
6448
6449
6450
10107
6452
12373
10813
6455
6456
6457
6458
6459
6460
6461
6462
6463
6464
6465
6466
6467
6468
6469
6470
6471
6472
6473
6474
6475
6476
7520
6478
6479
6480
6481
6482
6483
6484
6485
6486
8215
6488
6489
6490
11320
6492
6493
6494
6495
6496
12086
6498
6499
6500
6501
6502
6503
6504
6505
11944
12605
12376
6509
6510
6511
6512
6513
7754
12560
6516
6517
9551
6519
12100
10934
6522
6523
6524
6525
6526
6527
6528
6529
6530
6531
10225
6533
6534
6535
12397
6537
9320
6539
6540
6541
9921
6543
6544
6545
6546
6547
10759
6549
12027
9412
6552
6553
6554
6555
6556
6557
6558
6559
6560
6561
6562
6563
6564
11045
6566
6567
10981
7867
12510
10862
6572
6573
6574
6575
6576
6577
6578
10761
6580
6581
6582
6583
6584
6585
6586
6587
6588
6589
6590
6591
6592
6593
12029
6595
6596
6597
6598
6599
6600
6601
6602
6603
9078
6605
6606
6607
9905
6609
6610
12369
12093
6613
6614
6615
6616
6617
6618
6619
10304
7793
12324
6623
6624
6625
6626
6627
8631
10379
8470
6631
6632
6633
9505
6635
6636
6637
8497
6639
6640
6641
10071
6643
6644
6645
6646
6647
6648
6649
6650
6651
6652
6653
6654
6655
12257
6657
6658
6659
6660
6661
6662
8841
12638
6665
6666
6667
6668
6669
6670
6671
6672
10027
6674
6675
6676
6677
6678
6679
8655
6681
6682
9492
6684
6685
6686
6687
6688
6689
12499
6691
6692
9073
6694
6695
6696
6697
6698
6699
8062
7747
6702
10219
6704
6705
6706
6707
12020
6709
6710
11772
6712
6713
6714
12466
6716
6717
11233
8875
9330
6721
6722
6723
6724
12648
6726
6727
10693
8271
6730
12413
6732
6733
11631
6735
6736
6737
6738
6739
10839
6741
6742
9985
6744
6745
6746
8860
12511
6749
6750
6751
6752
6753
6754
6755
9540
12496
6758
6759
8150
6761
6762
6763
6764
6765
6766
6767
6768
6769
6770
7716
6772
6773
6774
6775
6776
10516
6778
6779
6780
6781
6782
6783
6784
11837
6786
6787
6788
6789
11796
6791
6792
6793
6794
10159
6796
6797
6798
12656
6800
6801
6802
10558
6804
11182
6806
6807
6808
6809
6810
6811
6812
6813
11093
6815
6816
12415
6818
12458
6820
6821
6822
6823
10248
6825
6826
12375
6828
6829
12647
6831
6832
6833
6834
6835
6836
6837
9421
9156
6840
6841
6842
6843
6844
6845
10362
6847
6848
6849
7953
11669
6852
6853
6854
6855
6856
6857
6858
6859
6860
6861
6862
7767
6864
6865
6866
6867
6868
6869
11719
6871
7733
6873
6874
10187
12408
12311
11301
6879
6880
6881
6882
6883
6884
6885
6886
6887
8545
12665
12542
9720
6892
6893
6894
6895
12416
6897
6898
8808
12630
6901
8217
6903
12028
6905
6906
11767
6908
7865
6910
6911
10644
6913
6914
6915
6916
8846
6918
9739
6920
11473
6922
11357
6924
10537
8228
6927
6928
6929
6930
6931
6932
6933
6934
6935
6936
6937
6938
6939
6940
6941
6942
6943
6944
6945
6946
6947
6948
6949
8211
6951
10925
6953
11417
6955
10801
6957
6958
6959
6960
6961
6962
11312
6964
6965
12050
6967
8237
12530
6970
6971
11885
6973
6974
6975
6976
6977
6978
11613
6980
6981
6982
6983
6984
6985
6986
10301
6988
11103
6990
6991
6992
12683
6994
6995
6996
11415
10331
9153
7000
7001
7002
8057
12684
7005
7006
7007
7008
7009
7010
7011
7012
12676
7014
7015
7016
7017
7018
11714
7020
7021
7022
7023
7024
7025
7026
8273
7028
8579
8287
11985
7032
7033
9496
12674
7036
7037
7038
12338
10367
7041
7042
7043
7044
7045
7046
11092
7048
7049
7050
7051
10823
10856
7054
7055
7056
7057
7058
7059
7060
7061
7062
7063
7064
7065
7066
7067
7068
7459
7070
7071
9418
7073
7074
7075
7076
7077
7078
7079
12692
7081
7082
7083
7084
7085
7086
10809
7088
7089
7090
7091
7092
7093
7094
11666
7096
7097
7098
7099
7100
11854
7102
12018
7104
7105
7106
7107
7108
10629
7110
7111
7112
7113
7114
7115
7116
7117
7118
7119
7120
7121
7122
7123
7124
10513
7126
7127
7128
7129
11836
9727
7132
7133
9995
7135
7136
7137
7138
7139
7140
7141
7142
7143
7144
10155
7146
7147
7148
7149
7150
7151
11955
7153
7154
7155
7156
7157
7158
7159
7160
7161
12294
8441
7164
7165
7166
7167
7858
7169
9404
7171
7172
7173
12121
9188
7176
7177
7178
7179
10435
7181
7182
9342
7184
7185
7186
7187
7188
12130
11908
7191
7192
7193
9085
12437
7196
7197
7198
11366
11974
7201
11022
7203
7204
7205
7206
7207
12663
7209
7210
7211
7212
8131
9422
7215
7216
7217
7218
7219
8593
7221
7222
12579
7224
7225
7226
10137
7228
7229
7230
7231
9416
7233
7234
7235
7236
7237
7238
7239
7240
12011
7242
7243
7244
7245
7246
9476
7248
7249
7250
7251
7951
8974
7254
7255
7256
7257
7258
11978
7260
7261
7262
7263
7264
7265
7266
7267
11739
7974
7270
12494
11355
7273
9417
7275
7276
7277
7278
7279
11582
10768
7282
7283
7284
7285
7286
12370
7288
7289
7536
12288
11790
7293
9284
7295
11781
7297
10752
7299
12675
9503
7302
7303
7304
7305
12022
7307
7308
7309
7310
7311
9414
7313
7314
7315
7316
7317
7318
7319
7320
7321
11101
7323
7324
7325
10874
10136
7328
7329
7594
7331
7332
8852
7334
7335
7336
7337
7338
7339
7340
7341
7342
7343
12065
7345
7346
12333
7348
12129
7350
7351
7352
7353
7354
7355
7356
7357
7358
7359
7360
8813
7362
7363
9438
7365
11108
7367
7368
7369
7370
7371
12026
7373
12469
7375
7376
7377
7378
7379
7380
7381
7382
7383
7384
7385
7386
7387
7388
7389
7390
7391
7392
7393
7394
7395
12239
7397
11635
7399
7400
7401
7402
7403
7404
9420
7406
7407
11597
9175
7410
10650
7412
7413
7414
7415
7416
7417
7418
7419
7420
12354
7422
11750
7424
7425
7426
11330
7428
7429
7430
7431
7432
7433
7434
7435
7436
7437
11795
7439
7440
7441
7442
10329
7444
8809
7446
7447
7451
7452
7453
7454
7455
7456
7457
7458
7461
7462
7463
7464
7465
7466
7467
7468
7469
7473
7474
7476
7478
7480
7481
7482
7485
7486
7487
7489
7492
7494
7496
7498
7499
7500
7501
7502
7503
7505
7506
7507
7508
7509
7510
7511
7512
7513
7514
7515
7516
7518
7519
7521
7522
7523
7524
7525
7526
7531
7532
7535
7538
7539
7540
7541
7542
7543
7544
7548
7549
7550
7552
7553
7554
7555
7556
7559
7561
7564
7565
7566
7567
7570
7572
7574
7575
7576
7577
7578
7579
7580
7582
7585
7586
7592
7596
7597
7599
7600
7601
7602
7603
7604
7605
7607
7610
7611
7612
7618
7619
7622
7623
7624
7627
7628
7632
7633
7635
7636
7637
7639
7640
7641
7642
7643
7644
7645
7646
7647
7648
7649
7650
7651
7652
7653
7654
7655
7656
7657
7658
7660
7661
7662
7663
7667
7670
7672
7673
7674
7675
7676
7677
7678
7679
7680
7682
7683
7684
7685
7686
7687
7689
7699
7700
7701
7702
7703
7704
7706
7707
7708
7709
7712
7713
7714
7718
7719
7720
7721
7722
7726
7728
7730
7731
7732
7736
7737
7738
7739
7740
7744
7745
7749
7750
7752
7753
7755
7756
7759
7760
7761
7762
7763
7764
7765
7768
7769
7770
7773
7774
7775
7777
7779
7780
7782
7783
7784
7785
7786
7787
7789
7792
7795
7797
7799
7803
7804
7807
7808
7809
7810
7811
7813
7815
7816
7818
7820
7821
7822
7824
7826
7828
7830
7832
7835
7836
7839
7844
7845
7848
7853
7854
7855
7860
7863
7868
7870
7872
7873
7874
7876
7877
7879
7880
7881
7882
7886
7887
7891
7892
7897
7899
7904
7905
7906
7907
7908
7909
7911
7912
7914
7916
7917
7918
7919
7920
7922
7923
7925
7926
7927
7928
7929
7933
7934
7935
7936
7937
7938
7941
7942
7943
7944
7945
7946
7947
7949
7954
7955
7958
7959
7961
7963
7964
7965
7966
7967
7968
7970
7971
7972
7973
7975
7976
7977
7978
7980
7981
7982
7983
7984
7985
7987
7988
7989
7991
7992
7993
7994
7996
7997
7998
7999
8004
8005
8006
8007
8008
8010
8011
8012
8013
8014
8015
8016
8018
8020
8022
8025
8026
8027
8034
8035
8037
8038
8039
8040
8041
8042
8044
8046
8047
8052
8054
8055
8056
8059
8060
8061
8063
8064
8065
8066
8068
8069
8070
8071
8072
8074
8078
8079
8080
8088
8091
8092
8095
8097
8102
8103
8104
8105
8110
8111
8112
8113
8115
8117
8118
8119
8120
8121
8124
8125
8129
8132
8134
8135
8136
8137
8140
8144
8145
8146
8153
8154
8156
8157
8161
8162
8163
8164
8165
8166
8171
8172
8173
8174
8176
8177
8178
8179
8182
8183
8184
8185
8187
8189
8190
8193
8194
8196
8197
8203
8204
8205
8206
8208
8249
8250
8252
8253
8254
8298
8299
8300
8301
8304
8306
8307
8308
8312
8313
8314
8315
8316
8320
8323
8327
8328
8329
8331
8333
8334
8337
8339
8341
8343
8345
8346
8347
8348
8351
8352
8353
8358
8359
8360
8362
8363
8364
8365
8366
8367
8368
8369
8370
8371
8372
8376
8378
8379
8382
8383
8384
8385
8387
8388
8389
8390
8391
8393
8394
8395
8396
8397
8398
8399
8400
8401
8402
8404
8405
8407
8408
8409
8410
8412
8416
8417
8418
8420
8421
8422
8424
8427
8428
8436
8437
8438
8439
8446
8447
8448
8450
8451
8452
8453
8471
8472
8473
8474
8475
8476
8477
8478
8479
8480
8481
8482
8483
8484
8485
8486
8487
8489
8490
8492
8501
8502
8507
8508
8509
8514
8515
8517
8519
8521
8522
8523
8524
8525
8527
8528
8529
8530
8533
8535
8536
8539
8541
8543
8544
8548
8549
8553
8554
8555
8556
8558
8559
8560
8561
8566
8567
8568
8570
8571
8572
8573
8577
8578
8580
8581
8582
8584
8585
8586
8587
8590
8591
8592
8597
8598
8599
8600
8602
8603
8605
8606
8607
8609
8614
8615
8616
8618
8619
8620
8621
8622
8624
8626
8629
8630
8632
8633
8634
8635
8637
8638
8642
8643
8644
8645
8646
8647
8648
8650
8651
8652
8654
8656
8657
8658
8659
8660
8661
8662
8663
8664
8665
8667
8668
8669
8670
8672
8673
8674
8675
8680
8681
8683
8684
8685
8686
8687
8688
8689
8690
8691
8695
8696
8697
8699
8700
8703
8704
8705
8707
8708
8709
8710
8711
8712
8714
8715
8719
8720
8721
8722
8728
8729
8730
8731
8733
8734
8735
8736
8738
8739
8743
8744
8745
8746
8747
8748
8749
8750
8752
8753
8754
8755
8756
8757
8758
8759
8760
8761
8763
8764
8765
8766
8768
8770
8771
8772
8773
8774
8778
8779
8781
8784
8785
8786
8787
8789
8790
8791
8793
8794
8795
8796
8799
8800
8804
8807
8810
8816
8817
8818
8821
8824
8825
8828
8830
8832
8833
8835
8837
8838
8842
8881
8882
8883
8884
8885
8887
8888
8889
8890
8895
8898
8899
8900
8903
8905
8907
8908
8909
8910
8911
8912
8913
8915
8916
8917
8918
8920
8921
8922
8923
8925
8926
8927
8928
8929
8930
8931
8932
8933
8934
8935
8936
8937
8938
8939
8940
8941
8942
8943
8944
8945
8946
8951
8953
8954
8956
8958
8959
8960
8961
8962
8963
8964
8965
8967
8968
8970
8971
8976
8978
8983
8984
8986
8987
8989
8990
8991
8993
8994
8995
8996
8997
8998
8999
9000
9001
9002
9003
9004
9005
9006
9007
9008
9009
9010
9011
9012
9013
9014
9015
9016
9017
9018
9019
9020
9021
9022
9023
9024
9025
9026
9027
9028
9029
9030
9031
9032
9033
9034
9035
9036
9037
9038
9039
9040
9041
9042
9043
9044
9045
9046
9047
9048
9049
9050
9051
9052
9053
9054
9055
9056
9057
9058
9059
9060
9061
9062
9063
9064
9065
9066
9067
9068
9069
9070
9071
9072
9076
9077
9079
9081
9082
9083
9084
9087
9090
9097
9099
9100
9101
9102
9103
9104
9105
9106
9107
9110
9111
9112
9114
9115
9116
9117
9122
9123
9124
9126
9127
9128
9129
9130
9131
9132
9133
9134
9136
9137
9138
9139
9140
9141
9142
9143
9144
9145
9146
9147
9148
9190
9191
9194
9195
9196
9200
9201
9202
9203
9204
9205
9206
9207
9208
9209
9210
9211
9212
9213
9214
9215
9216
9217
9218
9219
9220
9221
9222
9223
9224
9225
9226
9227
9228
9229
9230
9231
9232
9233
9234
9235
9236
9237
9238
9239
9240
9241
9242
9243
9244
9245
9246
9247
9248
9249
9250
9251
9252
9253
9254
9255
9256
9257
9258
9259
9260
9261
9262
9263
9264
9265
9266
9267
9268
9269
9270
9271
9272
9273
9274
9275
9276
9277
9278
9279
9280
9281
9282
9283
9285
9286
9287
9289
9290
9291
9292
9293
9294
9295
9296
9297
9299
9300
9301
9302
9303
9305
9306
9307
9308
9309
9310
9311
9312
9313
9314
9316
9317
9318
9319
9324
9325
9326
9327
9331
9333
9334
9337
9338
9339
9340
9341
9347
9348
9350
9351
9353
9354
9357
9359
9360
9363
9364
9365
9367
9368
9369
9370
9371
9372
9373
9374
9378
9379
9382
9384
9385
9387
9388
9390
9391
9392
9393
9394
9395
9396
9397
9399
9400
9401
9402
9403
9406
9427
9428
9429
9430
9432
9433
9434
9442
9445
9447
9448
9451
9452
9454
9456
9457
9458
9459
9461
9462
9463
9465
9468
9469
9470
9471
9473
9474
9479
9482
9483
9484
9485
9486
9487
9488
9489
9506
9507
9508
9509
9510
9511
9512
9513
9514
9515
9516
9517
9518
9519
9521
9522
9524
9525
9527
9528
9529
9531
9533
9534
9535
9536
9537
9538
9542
9545
9546
9547
9548
9549
9550
9553
9554
9555
9556
9557
9558
9559
9560
9561
9563
9566
9567
9570
9571
9572
9573
9574
9575
9576
9577
9580
9581
9583
9586
9589
9590
9594
9596
9597
9598
9599
9600
9601
9607
9610
9611
9612
9615
9616
9617
9619
9620
9621
9622
9623
9625
9626
9627
9628
9629
9630
9631
9632
9633
9634
9635
9636
9637
9638
9639
9640
9641
9642
9643
9644
9645
9646
9647
9648
9649
9650
9651
9652
9653
9654
9655
9656
9657
9658
9659
9660
9661
9662
9663
9664
9665
9666
9667
9668
9669
9670
9671
9672
9673
9674
9675
9676
9677
9678
9679
9680
9681
9682
9683
9684
9685
9686
9687
9688
9689
9690
9691
9692
9693
9694
9695
9696
9697
9698
9699
9700
9701
9702
9703
9704
9707
9708
9709
9711
9713
9714
9715
9716
9717
9719
9722
9723
9725
9726
9729
9731
9732
9733
9734
9735
9737
9738
9740
9741
9742
9743
9745
9748
9754
9755
9756
9758
9759
9761
9762
9763
9764
9765
9766
9767
9768
9769
9770
9771
9772
9773
9774
9775
9776
9777
9778
9779
9780
9781
9782
9783
9784
9785
9786
9787
9788
9789
9790
9791
9792
9793
9794
9795
9796
9797
9798
9799
9800
9801
9802
9803
9804
9805
9806
9807
9808
9809
9810
9811
9812
9813
9814
9815
9816
9817
9818
9819
9820
9821
9822
9823
9824
9825
9826
9827
9828
9829
9830
9831
9832
9834
9835
9836
9837
9838
9840
9841
9845
9846
9847
9848
9850
9851
9854
9855
9856
9859
9861
9863
9864
9865
9866
9867
9868
9869
9870
9872
9873
9874
9875
9876
9877
9878
9880
9881
9883
9884
9885
9887
9889
9892
9893
9895
9896
9897
9898
9900
9901
9902
9903
9904
9906
9907
9909
9910
9911
9912
9914
9915
9918
9920
9922
9924
9926
9928
9931
9932
9933
9935
9936
9937
9938
9940
9946
9947
9949
9951
9952
9953
9954
9955
9959
9960
9964
9965
9966
9972
9973
9977
9978
9980
9981
9982
9983
9984
9987
9988
9989
9992
9993
9994
9997
9999
10001
10003
10004
10005
10006
10007
10008
10010
10011
10013
10014
10016
10017
10021
10024
10025
10029
10030
10032
10037
10038
10041
10044
10045
10046
10047
10050
10051
10052
10054
10055
10056
10057
10059
10060
10061
10062
10063
10064
10065
10068
10069
10070
10073
10074
10075
10076
10078
10079
10080
10083
10086
10088
10089
10090
10091
10092
10095
10099
10101
10102
10109
10110
10115
10116
10117
10119
10120
10121
10123
10124
10126
10128
10129
10131
10133
10134
10138
10139
10142
10143
10144
10145
10146
10147
10148
10150
10152
10153
10154
10160
10161
10162
10164
10165
10166
10167
10168
10169
10171
10172
10173
10174
10175
10176
10177
10179
10181
10182
10183
10184
10185
10186
10191
10192
10193
10194
10195
10196
10197
10198
10200
10201
10202
10203
10205
10207
10208
10209
10210
10211
10212
10213
10214
10218
10221
10222
10223
10224
10227
10228
10229
10230
10231
10232
10235
10236
10237
10238
10239
10241
10242
10243
10249
10250
10251
10252
10253
10254
10256
10257
10260
10261
10262
10263
10264
10267
10268
10275
10276
10279
10280
10281
10282
10283
10286
10288
10290
10291
10292
10294
10295
10298
10300
10302
10303
10305
10306
10307
10308
10310
10313
10314
10315
10316
10317
10318
10319
10321
10323
10324
10351
10352
10353
10355
10356
10359
10360
10361
10365
10366
10368
10371
10373
10375
10376
10377
10378
10381
10382
10383
10384
10385
10392
10394
10395
10396
10397
10398
10399
10400
10403
10406
10407
10408
10409
10411
10414
10415
10417
10418
10419
10420
10422
10423
10424
10425
10426
10429
10430
10431
10432
10436
10437
10438
10439
10441
10444
10445
10446
10447
10448
10450
10451
10452
10455
10456
10458
10459
10460
10462
10463
10465
10466
10467
10468
10469
10470
10471
10472
10474
10478
10479
10483
10484
10485
10488
10491
10492
10493
10494
10495
10496
10497
10500
10501
10502
10503
10504
10505
10511
10512
10515
10520
10521
10522
10523
10525
10526
10527
10528
10529
10530
10533
10534
10538
10539
10540
10541
10544
10545
10546
10548
10549
10550
10552
10553
10554
10556
10557
10559
10560
10562
10564
10565
10566
10567
10568
10570
10572
10573
10574
10576
10577
10578
10580
10581
10582
10583
10584
10585
10586
10587
10588
10590
10591
10592
10594
10597
10598
10600
10602
10603
10604
10605
10607
10610
10611
10612
10613
10614
10615
10617
10618
10619
10620
10621
10624
10625
10626
10628
10631
10632
10633
10634
10639
10640
10648
10652
10654
10655
10656
10657
10658
10659
10660
10662
10663
10666
10667
10669
10670
10672
10673
10674
10675
10676
10677
10679
10680
10683
10685
10686
10689
10690
10691
10697
10698
10700
10702
10703
10704
10708
10709
10710
10711
10712
10714
10718
10720
10723
10726
10727
10728
10729
10730
10734
10735
10737
10738
10740
10741
10742
10743
10748
10749
10750
10751
10773
10777
10778
10779
10780
10781
10784
10785
10788
10789
10790
10792
10794
10795
10796
10797
10802
10803
10804
10805
10806
10810
10811
10814
10815
10816
10817
10818
10820
10822
10825
10827
10828
10829
10830
10831
10832
10833
10834
10835
10836
10837
10838
10841
10843
10845
10846
10848
10849
10850
10851
10852
10853
10854
10855
10857
10858
10859
10860
10861
10864
10865
10866
10867
10868
10869
10870
10872
10873
10875
10876
10877
10878
10879
10880
10881
10882
10886
10888
10889
10890
10891
10894
10895
10896
10897
10899
10900
10901
10902
10904
10906
10908
10909
10910
10911
10912
10913
10914
10915
10916
10919
10920
10921
10922
10923
10924
10927
10928
10932
10933
10938
10941
10942
10943
10945
10947
10950
10951
10952
10953
10954
10957
10970
10971
10972
10973
10974
10975
10976
10977
10978
10979
10980
10983
10984
10985
10986
10987
10988
10989
10990
10991
10992
10994
10995
10998
10999
11003
11005
11008
11013
11014
11015
11016
11017
11018
11019
11020
11021
11023
11025
11026
11027
11028
11029
11031
11032
11033
11034
11037
11038
11041
11042
11043
11046
11048
11049
11051
11054
11055
11058
11060
11062
11063
11064
11065
11066
11067
11072
11073
11074
11075
11076
11077
11078
11079
11080
11081
11082
11083
11084
11085
11086
11088
11089
11115
11116
11118
11120
11121
11123
11124
11125
11126
11127
11129
11130
11135
11136
11138
11140
11143
11144
11146
11147
11148
11149
11150
11151
11152
11153
11155
11156
11158
11159
11160
11162
11163
11165
11166
11167
11168
11171
11172
11173
11174
11175
11176
11177
11178
11180
11184
11185
11186
11187
11189
11190
11191
11192
11194
11195
11197
11198
11202
11204
11205
11206
11207
11209
11213
11214
11216
11221
11222
11224
11225
11226
11228
11229
11230
11231
11232
11235
11236
11237
11243
11244
11245
11246
11247
11248
11249
11250
11251
11252
11253
11255
11256
11257
11259
11261
11262
11265
11266
11267
11270
11273
11274
11276
11278
11279
11280
11281
11282
11285
11286
11287
11288
11289
11291
11292
11294
11295
11299
11300
11303
11304
11305
11307
11308
11309
11311
11313
11314
11316
11317
11318
11319
11321
11323
11325
11327
11328
11329
11333
11335
11336
11339
11340
11341
11342
11344
11345
11347
11348
11350
11351
11353
11356
11358
11361
11363
11364
11367
11369
11371
11372
11373
11374
11376
11377
11378
11379
11381
11382
11383
11384
11385
11386
11387
11388
11389
11390
11391
11392
11393
11396
11397
11398
11399
11400
11401
11402
11403
11405
11408
11410
11411
11412
11413
11414
11416
11418
11420
11421
11422
11423
11424
11425
11426
11428
11429
11430
11432
11433
11434
11435
11439
11440
11441
11442
11443
11444
11446
11448
11449
11450
11452
11453
11454
11455
11457
11459
11461
11462
11463
11464
11465
11466
11469
11470
11471
11472
11474
11475
11476
11477
11478
11479
11480
11481
11482
11483
11484
11485
11486
11487
11488
11491
11492
11493
11494
11495
11496
11497
11499
11500
11501
11502
11503
11504
11505
11506
11507
11508
11509
11510
11511
11512
11513
11514
11515
11516
11517
11518
11519
11520
11521
11522
11523
11524
11525
11526
11527
11528
11529
11530
11531
11532
11533
11534
11535
11536
11537
11538
11539
11540
11541
11542
11543
11544
11545
11546
11547
11548
11549
11550
11551
11552
11553
11554
11555
11556
11557
11558
11559
11560
11561
11562
11563
11564
11565
11566
11567
11568
11569
11570
11571
11572
11573
11574
11575
11576
11578
11579
11580
11581
11584
11587
11590
11591
11592
11593
11594
11595
11598
11599
11600
11601
11602
11603
11604
11605
11606
11607
11609
11611
11614
11615
11616
11617
11618
11620
11621
11622
11623
11624
11627
11629
11630
11632
11634
11636
11637
11638
11639
11640
11641
11642
11644
11645
11647
11649
11650
11651
11652
11653
11654
11655
11656
11657
11658
11659
11661
11663
11664
11667
11670
11673
11675
11676
11678
11681
11682
11684
11685
11686
11687
11692
11693
11694
11695
11696
11697
11699
11701
11703
11704
11706
11707
11708
11709
11710
11712
11713
11715
11716
11717
11718
11720
11721
11723
11724
11725
11727
11728
11729
11730
11731
11733
11734
11735
11737
11738
11747
11751
11752
11753
11754
11755
11756
11757
11758
11759
11760
11761
11764
11766
11768
11770
11771
11774
11775
11776
11777
11778
11780
11782
11784
11785
11787
11788
11791
11792
11793
11794
11797
11798
11800
11801
11803
11804
11807
11808
11809
11810
11811
11812
11814
11816
11817
11818
11819
11820
11821
11824
11825
11826
11827
11828
11831
11832
11833
11835
11838
11839
11840
11841
11842
11844
11847
11848
11850
11851
11852
11853
11855
11856
11858
11859
11862
11863
11864
11865
11867
11868
11869
11870
11871
11872
11875
11876
11877
11878
11880
11881
11882
11883
11884
11886
11887
11888
11889
11890
11891
11892
11893
11895
11896
11897
11899
11901
11902
11903
11909
11911
11915
11917
11920
11921
11923
11924
11925
11927
11928
11929
11930
11932
11933
11934
11935
11936
11937
11938
11939
11940
11941
11943
11945
11946
11948
11949
11950
11952
11953
11956
11957
11958
11961
11962
11965
11966
11968
11971
11972
11973
11976
11987
11988
11989
11990
11991
11992
11993
11994
11995
11997
11998
11999
12006
12007
12009
12013
12015
12016
12017
12030
12031
12032
12033
12035
12036
12037
12038
12039
12040
12041
12042
12043
12045
12048
12049
12052
12053
12054
12055
12056
12058
12059
12060
12063
12064
12068
12069
12071
12072
12073
12074
12075
12077
12078
12079
12080
12081
12082
12083
12085
12087
12088
12089
12090
12091
12092
12094
12095
12098
12099
12101
12103
12104
12105
12106
12107
12108
12109
12110
12112
12113
12114
12115
12117
12118
12119
12120
12123
12124
12125
12126
12127
12131
12133
12134
12135
12136
12137
12140
12141
12142
12143
12144
12146
12148
12149
12150
12151
12152
12153
12154
12155
12156
12157
12158
12159
12160
12161
12162
12163
12164
12165
12166
12167
12168
12169
12170
12171
12172
12173
12174
12175
12176
12177
12178
12179
12180
12181
12182
12183
12184
12185
12186
12187
12188
12189
12190
12191
12192
12193
12194
12195
12196
12197
12198
12199
12200
12201
12202
12203
12204
12205
12206
12207
12208
12209
12210
12211
12212
12213
12214
12215
12216
12217
12218
12219
12221
12222
12226
12228
12229
12230
12232
12233
12234
12235
12236
12237
12240
12242
12243
12244
12245
12248
12249
12250
12251
12252
12253
12255
12258
12260
12261
12264
12265
12267
12268
12269
12271
12272
12273
12274
12275
12277
12278
12279
12280
12281
12282
12283
12284
12289
12291
12292
12293
12295
12296
12297
12299
12300
12301
12302
12303
12305
12306
12307
12308
12309
12310
12314
12315
12316
12317
12318
12320
12322
12325
12326
12327
12328
12329
12330
12331
12332
12334
12335
12336
12337
12340
12341
12342
12343
12344
12345
12346
12347
12348
12349
12350
12351
12352
12358
12359
12360
12361
12362
12363
12364
12366
12367
12378
12380
12382
12383
12384
12385
12386
12387
12388
12389
12390
12393
12394
12396
12398
12400
12401
12402
12404
12405
12406
12407
12409
12410
12411
12412
12414
12417
12419
12420
12421
12423
12424
12427
12429
12430
12432
12433
12434
12435
12436
12438
12439
12441
12442
12443
12444
12445
12447
12448
12449
12450
12451
12452
12453
12454
12455
12457
12461
12462
12463
12464
12465
12467
12468
12471
12474
12475
12476
12478
12479
12480
12481
12482
12483
12484
12485
12486
12487
12488
12489
12490
12492
12493
12495
12497
12498
12500
12501
12502
12503
12504
12505
12506
12507
12508
12512
12513
12514
12515
12516
12517
12518
12519
12520
12521
12522
12523
12524
12525
12527
12528
12529
12531
12532
12533
12534
12535
12536
12537
12538
12539
12540
12541
12543
12544
12545
12546
12547
12548
12549
12550
12551
12552
12553
12554
12555
12556
12557
12558
12559
12561
12562
12563
12564
12565
12566
12568
12569
12570
12571
12572
12573
12574
12575
12576
12577
12578
12580
12581
12582
12583
12584
12585
12586
12587
12588
12589
12590
12591
12592
12593
12594
12595
12596
12597
12598
12599
12600
12601
12602
12603
12604
12606
12607
12608
12609
12610
12611
12612
12613
12614
12615
12616
12617
12618
12619
12620
12621
12622
12623
12624
12625
12626
12627
12628
12629
12631
12632
12633
12634
12635
12636
12637
12639
12640
12641
12642
12643
12644
12645
12646
12649
12650
12651
12652
12653
12654
12655
12657
12658
12659
12660
12661
12662
12664
12666
12667
12668
12669
12670
12671
12672
12673
12677
12678
12679
12680
12681
12682
12685
12686
12687
12688
12689
12690
12691
12693
12694
12695
12696
12697
12698
12699
12700
12701
12702
12703
12704
12705
12706
12707
12708
12709
12710
12711
12712
12713
12714
12715
12716
12717
12718
12719
12720
12721
12722
12723
12724
12725
12726
