;1;2;3;4;5;6;7
;1;2;8;5;6;9
;1;2;10
;1;11;12
;1;13
;1;2;14;15
;1;11;16
;1;17;18
;1;2;19
;1;20;21
;1;11;22
;1;23;24;25;6;26
;1;27;28
;1;29
;1;2;30;31;32
;1;33;34
;1;11;35
;1;36
;37
;1;20;38
;1;39;40
;1;11;41
;1;20;42
;1;43;44
;1;11;45
;1;39;46
;1;2;14;47
;1;20;48
;1;20;49
;1;39;50
;1;39;51
;1;2;52
;1;2;53;5;6;54
;1;43;55
;1;56;57
;1;43;58
;1;11;59
;1;2;60;61
;1;43;62
;1;11;63
;1;64;65
;1;66
;1;2;30;67;5;6;68
;1;56;69;6;70;71;72
;1;73;74
;1;56;75
;76
;1;39;77
;1;78;79;80
;1;2;30;67;5;6;81
;1;2;82
;1;56;83
;1;84
;1;43;85
;1;2;3;86;87
;1;88
;1;2;89
;1;39;90
;1;91
;1;92
;1;73;93
;1;39;94
;1;2;95
;1;2;96
;1;39;97
;1;2;30;61
;1;98
;1;2;3;67;5;6;99
;1;2;100
;1;11;101
;1;2;60;67;5;6;102
;1;2;60;103
;1;2;104
;1;43;105
;1;106
;1;2;30;31;107
;1;2;60;4;5;6;108
;1;2;109
;1;2;110
;1;39;104
;1;111;112
;1;2;113
;1;39;114
;1;115
;1;116
;1;39;117
;1;56;118
;1;27;119
;1;2;120
;121
;1;2;122;5;6;123
;1;124;125
;1;20;126
;1;2;127
;1;56;128
;1;129;130
;1;20;131
;1;2;14;132
;1;20;133
;1;2;134
;1;11;135
;1;39;136;5;6;137
;1;20;138
;1;2;139
;1;124;140
;1;2;60;141
;1;39;142
;1;124;143
;1;2;144
;1;2;122;5;6;145
;1;146;147
;1;73;148
;1;129;149
;1;39;150
;1;56;151
;1;111;152
;1;153
;154
;1;124;155
;1;2;156;5;6;157
;1;39;158
;1;129;159
;1;2;160
;1;11;161
;1;162
;1;39;163
;1;164
;1;165
;1;2;3;4;5;6;166
;1;146;167
;1;168;169
;1;27;170
;1;146;171
;1;20;172
;1;2;30;31;173
;1;2;174
;1;56;175
;1;11;176
;1;2;3;4;5;6;9
;1;177
;1;124;178
;1;124;179
;1;2;180
;1;181
;1;2;30;31;182
;1;27;183
;1;39;184
;1;2;60;185
;1;2;30;186
;1;27;187
;1;2;30;188
;1;11;189
;1;20;190
;1;11;191
;1;2;192
;1;20;193
;1;11;194
;1;39;195
;1;124;196
;1;2;3;86;197
;1;2;198
;1;73;199
;1;200
;1;2;14;201
;1;2;202
;1;2;3;67;5;6;203
;1;73;204
;1;2;30;31;205
;1;27;206
;1;11;207
;1;2;60;208
;1;209
;1;56;210
;1;2;14;211
;1;27;212
;1;56;213
;1;2;214
;1;215
;1;216
;1;73;217
;1;2;60;31;218
;1;39;219
;1;2;220
;1;221
;222
;1;2;3;223
;1;11;224
;1;2;225;5;6;226
;1;11;227
;1;11;228
;1;229;230
;1;129;231
;1;2;232
;1;43;233
;1;39;234
;1;2;235;5;6;236
;1;11;237
;1;238
;1;2;60;239
;1;2;240
;1;241
;1;146;242
;1;243;24;25;6;26
;1;168;244
;1;11;245
;1;111;246
;1;39;247
;1;39;248
;1;56;249
;1;124;250
;1;11;251
;1;43;252
;1;2;8;5;6;253
;1;2;254
;1;27;172
;1;2;30;255
;1;2;256
;1;2;60;257
;1;2;258
;1;73;259
;1;2;260
;1;2;261;262;263
;1;43;264
;1;124;65
;1;2;265
;1;11;266
;1;2;60;67;5;6;166
;1;2;30;257
;1;2;3;4;5;6;267
;1;11;268
;1;73;269
;1;2;14;270
;1;271
;1;2;272
;1;73;273
;1;2;30;67;5;6;274
;1;2;60;31;275
;1;2;30;276
;1;11;277
;1;27;278
;1;279;280
;1;2;281
;1;146;282
;1;56;283
;1;11;284
;1;129;285
;1;168;286
;1;2;156;5;6;253
;1;2;60;287
;1;2;60;4;5;6;288
;1;2;289
;1;11;290
;1;291
;1;39;292
;1;293
;1;11;294
;1;11;295
;1;2;14;296
;1;2;53;5;6;297
;1;124;298
;1;73;299
;1;124;300
;1;301
;1;73;302
;1;303
;1;2;14;178
;1;2;304
;1;124;305
;1;306
;1;2;60;307
;1;2;308
;1;39;309
;1;310
;1;11;311
;1;11;312
;1;2;313
;1;2;30;86;314
;1;39;315
;1;124;316
;1;27;49
;1;2;14;317
;1;39;318
;1;2;30;4;5;6;319
;1;78;320
;1;73;321
;1;2;322
;1;2;323
;1;20;324
;1;325
;1;124;326
;1;2;327
;1;2;14;328
;1;2;156;5;6;329
;1;56;69;6;70;330;331
;1;2;332
;1;2;261;333
;1;2;334
;1;11;335
;1;11;336
;1;2;337
;1;2;14;338
;1;2;60;86;87
;1;2;339
;1;20;340
;1;2;341
;1;64;342
;1;20;343
;1;124;344
;1;2;3;4;5;6;99
;1;39;345
;1;20;346
;1;124;347
;1;2;60;348
;1;2;60;31;349
;1;146;350
;1;2;14;351
;1;111;352
;1;11;353
;1;11;354
;1;27;196
;1;11;355
;1;2;356
;1;56;357
;1;2;14;358
;1;2;359
;1;2;60;4;5;6;360
;1;11;361
;1;362
;1;363
;1;2;364;5;6;365
;1;39;366
;1;129;367
;1;39;368
;1;73;369
;1;20;370
;1;39;371;5;6;372
;1;2;60;186
;1;2;261;373
;1;2;364;5;6;145
;1;39;374
;1;2;375
;1;27;376
;1;39;377
;1;2;378
;1;73;379
;1;11;380
;1;124;381
;1;2;3;31;382
;1;383
;1;384
;1;124;385
;1;386
;1;387
;1;11;388
;1;2;389;5;6;390
;1;2;391
;1;39;392
;1;124;393
;1;2;3;86;394
;1;2;389;5;6;395
;1;20;396
;1;39;397
;1;11;398
;1;73;399
;1;400
;1;20;401
;1;11;402
;1;2;14;403
;1;43;404
;1;73;405
;1;2;14;406
;1;20;407
;1;2;14;408
;1;129;409
;1;2;30;410
;1;111;411
;1;2;30;412
;1;124;413
;1;39;414
;1;124;415
;1;11;416
;1;417
;1;11;418
;1;2;419
;1;43;420
;1;2;421
;1;73;422
;1;2;60;86;423
;1;168;424
;1;11;425
;1;2;426
;1;2;156;5;6;427
;1;39;428
;1;2;60;4;5;6;9
;1;429
;1;430
;1;2;3;431
;1;11;432
;1;2;433
;1;11;434
;1;11;435
;1;436
;1;437
;1;2;156;5;6;390
;1;438
;1;124;439
;1;39;440
;1;20;441
;1;27;442
;1;27;443
;1;39;444
;1;39;445
;1;2;446
;1;447
;1;73;448
;1;2;449
;1;73;450
;1;11;451
;1;11;452
;1;2;8;5;6;453
;1;20;454
;1;168;455
;1;43;456
;1;39;457
;1;2;156;5;6;145
;1;2;458
;1;2;14;459
;1;11;460
;1;11;461
;1;2;261;462
;1;2;463
;1;2;14;464
;1;73;465
;1;2;156;5;6;466
;1;39;467
;1;468
;1;2;60;86;469
;1;2;14;470
;1;2;14;471
;1;11;472
;1;2;473
;1;2;474
;1;2;60;31;475
;1;2;30;476
;1;129;477
;1;11;478
;1;2;60;479
;1;27;480
;1;39;481
;1;20;482
;1;2;60;67;5;6;483
;1;484
;1;39;485
;1;20;486
;1;111;487
;1;11;488
;1;39;489
;1;43;490
;1;27;491
;1;2;30;31;492
;1;39;371;5;6;137
;1;27;493
;1;494
;1;495
;1;2;8;5;6;297
;1;129;496
;1;11;497
;1;2;60;498
;1;499
;1;500
;1;2;501
;1;2;60;4;5;6;203
;1;2;14;502
;1;2;3;503
;1;11;504
;1;505
;1;506
;1;2;60;86;507
;1;2;30;508
;1;509
;1;2;510
;1;11;511
;1;2;60;86;512
;1;2;513
;1;11;514
;1;11;515
;1;11;516
;1;229;517
;1;2;60;67;5;6;108
;1;73;518
;1;27;519
;1;11;520
;1;27;521
;1;146;522
;1;523
;1;27;524
;1;73;525
;1;2;14;526
;1;2;60;31;527
;1;528
;1;2;529
;1;2;60;4;5;6;530
;1;43;531
;1;2;8;5;6;372
;1;73;532
;1;2;533
;1;534
;1;2;3;535
;1;73;536
;1;2;60;537
;1;2;389;5;6;538
;1;11;539
;1;540
;1;2;235;5;6;541
;1;2;30;67;5;6;542
;1;2;261;543
;1;27;544
;1;2;545
;1;2;60;223
;1;11;546
;1;73;547
;1;2;3;548
;1;2;549
;1;550
;1;551
;1;11;552
;1;2;60;67;5;6;553
;1;27;554
;1;129;555
;1;2;53;5;6;556
;1;2;225;5;6;157
;1;2;30;86;205
;1;2;557
;1;73;558
;1;2;30;67;5;6;99
;1;2;14;559
;1;2;560
;1;39;561
;1;11;562
;1;2;563
;1;124;564
;1;565
;1;43;566
;1;567
;1;146;568
;1;20;569
;1;11;570
;1;2;60;571
;1;572
;1;573;574
;1;575
;1;2;30;576
;1;124;577
;1;39;578
;1;11;579
;1;43;580
;1;581
;1;582
;1;39;583
;1;20;584
;1;20;140
;1;2;14;585
;1;586
;1;2;587
;1;11;588
;1;124;589
;1;590
;1;591
;1;2;30;4;5;6;592
;1;2;14;593
;1;2;14;594
;1;595
;1;33;596;597
;1;11;598
;1;39;599
;1;11;600
;1;124;601
;1;20;602
;1;2;14;603
;1;2;3;67;5;6;108
;1;20;604
;1;2;605
;1;2;14;606
;1;124;607
;1;20;608
;1;124;126
;1;2;3;609
;1;2;60;4;5;6;610
;1;56;611
;1;39;612
;1;27;613
;1;20;614
;1;11;615
;1;2;14;616
;1;2;617
;1;2;60;31;469
;1;11;618
;1;2;619
;1;620;263
;1;621
;1;2;622
;1;124;623
;1;2;624
;1;625
;1;2;626
;1;2;53;5;6;627
;1;2;60;476
;1;2;60;67;5;6;203
;1;2;8;5;6;628
;1;629
;1;73;630
;1;43;631
;1;20;632
;1;2;60;31;633
;1;2;60;634;635;6;636
;1;637
;1;56;638
;1;2;389;5;6;639
;1;27;640
;1;39;641
;1;129;642
;1;2;30;86;643
;1;56;644
;1;2;53;5;6;395
;1;2;645
;1;646
;1;20;647
;1;2;14;648
;1;2;122;5;6;137
;1;2;3;4;5;6;649
;1;43;650
;1;11;651
;1;11;652
;1;73;653
;1;33;654
;1;2;261;655
;1;43;656
;1;2;3;86;657
;1;11;658
;1;111;659
;1;2;60;660
;1;39;661
;1;2;225;5;6;365
;1;129;662
;1;2;663
;1;664
;1;2;3;665
;1;2;666
;1;2;667
;1;111;668
;1;146;669
;1;2;60;670
;1;2;30;671
;1;2;14;672
;1;39;673
;1;2;674
;1;73;675
;1;39;676
;1;677
;1;678
;1;39;679
;1;2;8;5;6;680
;1;2;261;681
;1;2;30;67;5;6;682
;1;39;683
;1;43;684
;1;685
;1;686
;1;2;687
;1;11;688
;1;2;30;689
;1;129;690
;1;691
;1;692
;1;2;693
;1;129;694
;1;2;695
;696
;1;2;3;31;697
;1;2;14;698
;1;2;30;4;5;6;203
;1;11;699
;1;27;700
;1;2;60;31;701
;1;702
;1;2;3;67;5;6;703
;1;11;704
;1;705
;1;11;706
;1;11;707
;1;708
;1;2;709
;1;11;710
;1;124;711
;1;168;712
;1;11;713
;1;129;714
;1;20;715
;1;43;716
;1;717
;1;2;3;4;5;6;718
;1;39;719
;1;2;720
;1;11;721
;1;2;14;722
;1;2;723
;1;39;724
;1;2;725
;1;726
;1;20;727
;1;39;687
;1;33;728
;1;11;729
;1;11;730
;1;73;731
;1;39;732
;1;2;733
;1;734
;1;2;3;31;197
;1;11;735
;1;124;736
;1;2;737
;738
;1;20;739
;1;2;740
;1;2;741
;1;39;742
;743
;1;11;744
;1;2;745
;1;2;746
;1;11;747
;1;129;748
;1;2;53;5;6;538
;1;2;3;86;423
;1;124;749
;1;11;750
;1;751
;1;11;752
;1;2;753
;1;2;754
;1;2;60;4;5;6;297
;1;20;755
;1;20;756
;1;39;308
;1;39;757
;1;2;30;86;758
;1;39;759
;1;39;760
;1;129;761
;1;39;371;5;6;365
;1;11;762
;1;27;193
;1;2;763
;1;11;764
;1;2;765
;1;766
;1;168;767
;1;768
;1;2;122;5;6;541
;1;2;14;769
;1;2;770
;1;2;771
;1;2;14;772
;1;73;773
;1;774;775
;1;39;776
;1;2;3;634;635;6;777
;1;56;778
;1;11;779
;1;2;3;86;780
;1;39;781
;1;2;60;67;5;6;782
;1;783
;1;2;784
;1;39;785
;1;2;261;786
;1;2;60;31;787
;1;2;30;788
;1;2;389;5;6;789
;1;2;60;86;107
;1;27;790
;1;73;791
;1;56;69;6;70;792
;1;2;30;793
;1;56;794
;1;11;795
;1;33;596;796
;1;2;3;86;797
;1;20;798
;1;2;30;86;797
;1;20;799
;800
;1;39;801
;1;2;30;31;349
;1;2;802
;1;39;803
;1;2;30;31;804
;1;2;60;576
;1;27;805
;1;2;806
;1;39;807
;1;73;808
;1;39;809
;1;2;60;4;5;6;810
;1;124;811
;1;27;812
;1;2;813
;1;2;814
;1;39;815
;1;39;371;5;6;329
;1;39;816
;1;39;817
;1;39;136;5;6;818
;1;146;819
;1;11;820
;1;11;821
;1;2;822
;1;2;30;31;787
;1;20;589
;1;56;823
;1;2;824
;1;20;825
;1;11;826
;1;827
;1;20;828
;1;73;829
;1;2;60;4;5;6;830
;1;2;831
;1;832
;1;124;833
;1;229;796
;1;834
;1;11;835
;1;836;140
;1;2;837
;1;2;14;838
;1;73;839
;1;20;840
;1;841
;1;27;842
;1;11;843
;1;39;844
;1;56;845
;1;846
;1;11;847
;1;168;848
;1;11;849
;1;124;850
;1;20;851
;852
;1;39;853
;1;11;854
;1;2;53;5;6;855
;1;111;856
;1;11;857
;858
;1;129;859
;1;2;8;5;6;390
;1;39;860
;1;39;861
;1;862
;1;863
;1;2;864
;1;11;865
;1;11;866
;1;2;867
;1;868
;1;869
;1;11;870
;1;11;871
;1;2;60;872
;1;2;225;5;6;329
;1;2;873
;1;2;874
;1;875
;1;2;876
;1;2;877
;1;39;878
;1;879
;1;2;3;86;275
;1;43;880
;1;881
;1;20;882
;1;2;14;883
;1;56;884
;1;2;60;885
;1;124;886
;1;43;887
;1;11;888
;1;2;3;670
;1;56;889
;1;20;890
;1;2;891
;1;892;840
;1;27;893
;1;20;894
;1;73;895
;1;896
;1;2;897
;1;2;898
;1;27;899
;1;78;900
;1;39;901
;1;2;30;67;5;6;7
;1;73;902
;1;43;903
;1;2;904
;1;39;136;5;6;329
;1;905
;906
;1;2;14;907
;1;2;908
;1;78;909
;1;910
;1;39;911
;1;27;126
;1;11;912
;1;2;913
;1;27;914
;1;2;915
;1;39;916
;1;2;917
;1;918
;1;20;919
;1;2;14;920
;1;20;921
;1;2;14;922
;1;56;923
;1;924
;1;11;925
;1;11;926
;1;27;927
;1;168;928
;1;929;930;25;6;26
;1;2;931
;1;11;932
;1;124;698
;1;11;933
;1;2;934
;1;11;935
;1;2;60;86;936
;1;937
;1;2;938
;1;73;939
;1;2;940
;1;39;941
;1;27;942
;1;124;943
;1;944
;1;945
;1;2;946
;1;39;371;5;6;9
;1;43;947
;1;2;389;5;6;818
;1;56;69;6;948
;1;949
;1;129;950
;1;2;60;67;5;6;267
;1;17;951
;1;2;30;86;182
;1;2;14;952
;1;953
;1;20;954
;1;955
;1;956
;1;20;957
;1;43;958
;1;27;959
;1;39;960
;1;2;961
;1;11;962
;1;39;963
;1;964
;1;27;965
;1;2;60;86;966
;1;2;853
;1;2;967
;1;39;968
;1;969
;1;2;970
;1;2;30;67;5;6;971
;1;2;30;4;5;6;703
;1;11;972
;1;2;14;973
;1;20;974
;1;2;975
;1;56;69;6;70;976
;1;2;977
;1;27;978
;1;2;979
;1;980
;1;2;981
;1;73;982
;1;2;3;31;173
;1;983
;1;129;984
;1;985
;1;2;30;537
;1;39;986
;1;987
;1;43;988
;1;11;989
;1;124;990
;1;2;991
;1;56;992
;1;27;993
;1;2;3;67;5;6;994
;1;39;995
;1;124;996
;1;11;997
;1;39;371;5;6;998
;1;2;999
;1;124;1000
;1;20;1001
;1;27;1002
;1;27;957
;1;11;1003
;1;39;1004
;1;2;1005
;1;2;60;1006
;1;1007
;1;2;1008
;1;2;3;67;5;6;9
;1;11;1009
;1;2;122;5;6;297
;1;39;1010
;1;2;14;1011
;1;124;1012
;1;2;3;61
;1;2;60;67;5;6;297
;1;11;1013
;1;2;235;5;6;365
;1;11;1014
;1;1015
;1016
;1;836;698
;1017
;1;1018
;1;39;1019
;1;2;235;5;6;390
;1;20;1020
;1;39;1021
;1;20;1022
;1;2;3;1023
;1;27;1024
;1;39;1025
;1;20;1026
;1;39;1027
;1;2;60;1028
;1;2;1029
;1;56;1030
;1;1031
;1;1032
;1;2;235;5;6;253
;1;1033
;1;11;1034
;1;11;1035
;1;2;1036
;1;27;1037
;1;73;1038
;1;1039
;1;229;1040
;1;2;3;4;5;6;137
;1;2;235;5;6;639
;1;11;1041
;1;124;405
;1;129;1042
;1;73;1043
;1;2;14;1044
;1;2;1045
;1;2;3;67;5;6;1046
;1;27;340
;1;1047
;1;2;60;86;1048
;1;1049
;1;39;1050
;1;39;1051
;1;2;225;5;6;627
;1;20;1052
;1;2;1053
;1;27;1054
;1;2;14;1055
;1;1056
;1;73;1057
;1;2;1058
;1;2;14;1059
;1;11;1060
;1;2;60;67;5;6;99
;1;2;3;4;5;6;1061
;1;39;1062
;1;2;1063
;1;11;1064
;1;2;1065
;1;2;389;5;6;1066
;1;1067
;1;11;1068
;1;2;60;67;5;6;1069
;1;2;1070
;1;11;1071
;1;2;14;1072
;1;111;1073
;1;73;1074
;1;78;1075
;1;11;1076
;1;2;3;4;5;6;1077
;1;43;1078
;1;11;1079
;1;124;1080
;1;11;1081
;1;2;14;1082
;1;2;14;1083
;1;43;1084
;1;124;1085
;1;27;1086
;1;2;3;537
;1;43;1087
;1;2;1088
;1;2;1089
;1;2;3;67;5;6;1090
;1;20;1091
;1;39;1092
;1;2;235;5;6;123
;1;27;300
;1;1093
;1;39;1094
;1;2;1095
;1;20;1096
;1;2;156;5;6;1097
;1;11;1098
;1;1099
;1;20;1100
;1;2;1101
;1;1102
;1;11;1103
;1;2;3;1104
;1;1105
;1;1106
;1;1107
;1;2;156;5;6;789
;1;2;3;1108
;1;73;1109
;1;129;1110
;1;20;1111
;1;11;1112
;1;1113
;1;2;30;4;5;6;1077
;1;17;263
;1;2;1114
;1;2;1115
;1;43;1116
;1;39;1117
;1;2;1118
;1;168;1119
;1;2;1120
;1;1121
;1;2;3;141
;1;124;1122
;1;39;1123
;1;2;1124
;1;2;60;4;5;6;166
;1;27;1125
;1;124;1126
;1;836;1127
;1;11;1128
;1;1129
;1130
;1;2;1131
;1;73;1132
;1;27;1133
;1;2;1134
;1;1135
;1;73;1136
;1;39;1137
;1;11;1138
;1;27;1139
;1;78;79;1140
;1;774;1141
;1;1142
;1;39;136;5;6;236
;1;2;389;5;6;145
;1;27;1143
;1;39;1144
;1;2;1145
;1;2;1146
;1;11;1147
;1;2;1148
;1;2;30;67;5;6;830
;1;1149
;1;2;389;5;6;1150
;1;2;1151
;1;836;1152
;1;1153
;1;39;1154
;1;2;60;86;1155
;1;27;1156
;1;2;1157
;1;11;1158
;1;2;14;1159
;1;124;1160
;1;39;1161
;1;2;3;67;5;6;267
;1;168;1162
;1;11;1163
;1;124;1164
;1;2;30;86;657
;1;1165
;1;2;3;31;1166
;1;20;1167
;1;11;1168
;1;2;3;67;5;6;274
;1;73;1169
;1;39;560
;1;1170
;1;124;1171
;1;2;1172
;1;39;1173
;1;27;1174
;1;39;1175
;1;124;1176
;1;20;1177
;1;2;3;1178
;1;2;261;1179
;1;27;1180
;1;2;1181
;1;11;1182
;1;2;14;1183
;1;39;1184
;1;56;1185
;1;43;1186
;1;39;1187
;1;1188
;1;20;1189
;1;1190
;1;11;1191
;1;56;69;6;70;1192;1193
;1;1194
;1;1195
;1;11;1196
;1;129;1197
;1;23;1198;25;6;26
;1;124;1199
;1;2;261;1200
;1;27;1201
;1;1202
;1;2;364;5;6;556
;1;78;794
;1;1203
;1;11;1204
;1;2;261;1205
;1;124;1206
;1;2;60;31;1155
;1;2;364;5;6;9
;1;1207
;1;20;1208
;1;2;1209
;1;33;1210
;1;124;1167
;1;11;1211
;1;39;1212
;1;2;1213
;1;1214
;1;2;14;1215
;1;1216
;1;2;14;1217
;1;11;1218
;1;129;405
;1;2;14;1219
;1;1220
;1;11;1221
;1222
;1;39;1223
;1;73;1224
;1;2;1225
;1;43;1226
;1;39;1227
;1;1228
;1;33;596;951
;1;1229
;1;20;1230
;1;33;1231
;1;11;1232
;1;73;1233
;1;2;30;86;1234
;1;111;1235
;1;2;14;1236
;1;56;1237
;1;2;30;670
;1;2;1238
;1;2;60;4;5;6;1239
;1;2;30;4;5;6;1240
;1;2;1241
;1;168;1242
;1;2;1243
;1;146;1244
;1;2;1245
;1;1246
;1;2;3;67;5;6;782
;1;39;1247
;1;20;1248
;1;27;1249
;1;2;14;1250
;1;2;14;1251
;1;2;14;1252
;1253
;1;11;1254
;1;78;79;507
;1;11;1255
;1;43;1256
;1;39;1257
;1;11;1258
;1;2;1259
;1;1260
;1;39;1261
;1;1262
;1;2;30;1263
;1;1264
;1;124;1265
;1;73;1266
;1;2;225;5;6;1267
;1;2;8;5;6;123
;1;27;1268
;1;39;1269
;1;1270
;1;20;1271
;1;20;1272
;1;129;1273
;1;2;1274
;1;73;1275
;1;1276
;1;124;1277
;1;124;544
;1;39;1278
;1;2;1279
;1;73;1280
;1;1281
;1;2;1282
;1;39;1283
;1;39;1284
;1;2;3;86;1285
;1;2;122;5;6;329
;1;2;60;4;5;6;1286
;1;2;14;1287
;1;2;60;4;5;6;1288
;1;2;1289
;1;20;1183
;1;39;1290
;1;43;1291
;1;2;1292
;1;124;1293
;1;39;136;5;6;1150
;1;27;1294
;1;2;14;1295
;1;2;1296
;1;124;1297
;1;2;3;31;1298
;1;1299
;1;2;3;67;5;6;1077
;1;2;3;410
;1300
;1;11;1301
;1;1302
;1;11;1303
;1;27;1304
;1;2;1305
;1;2;3;885
;1;1306
;1;27;1307
;1;20;1133
;1;39;1308
;1;2;1309
;1;2;30;4;5;6;530
;1;2;1310
;1;11;1311
;1;2;1312
;1;2;1313
;1;39;1314
;1;20;1315
;1;2;30;86;1316
;1;124;1317
;1;11;1318
;1;2;1319
;1;2;1320
;1;2;1321
;1;2;1322
;1;2;1323
;1;39;1324
;1;2;8;5;6;226
;1;2;1325
;1;11;1326
;1;73;1327
;1;124;1328
;1;124;1329
;1;2;261;1330
;1;168;1331
;1;1332
;1;2;1333
;1;33;596;1334
;1;2;14;1335
;1;2;60;4;5;6;703
;1;39;1336
;1;1337
;1;2;1338
;1;2;14;1339
;1;39;1340
;1;2;3;31;936
;1;111;1341
;1;2;261;1342
;1;1343
;1;2;364;5;6;427
;1;11;1344
;1;11;1345
;1;1346
;1;2;1347
;1;39;1348
;1;73;1349
;1;20;1350
;1;1351
;1;2;30;1352
;1;1353
;1;73;1354
;1;2;3;4;5;6;1355
;1;56;1356
;1;2;30;31;1357
;1;2;1358
;1;27;954
;1;39;1359
;1;2;3;86;1360
;1;129;1361
;1;27;1362
;1;39;1363
;1;2;3;31;1234
;1;2;389;5;6;9
;1;39;1364
;1;39;1365
;1;20;1366
;1;2;1367
;1;124;1368
;1;1369
;1;2;1370
;1;124;755
;1;27;1371
;1;2;14;1372
;1;73;1373
;1;2;1374
;1;39;1375
;1;146;1376
;1;2;3;31;87
;1;1377
;1;1378
;1;11;1379
;1;124;1180
;1;2;1380
;1;11;1381
;1;2;14;1382
;1;20;1383
;1;1384
;1;168;1385
;1;2;1386
;1;2;1387
;1;43;1388
;1;124;1389
;1;2;1390
;1;39;1391
;1;2;3;31;218
;1;2;156;5;6;1150
;1;11;1392
;1;11;1393
;1;2;1394
;1;27;1395
;1;11;1396
;1;124;1397
;1;2;1398
;1;124;1399
;1;210
;1;20;1400
;1;39;1401
;1;11;1402
;1;11;1403
;1;168;1404
;1;129;1405
;1;2;1406
;1;2;156;5;6;628
;1;2;1407
;1;56;1408
;1;11;1409
;1;11;1410
;1;2;60;31;1411
;1;39;1412
;1;20;1413
;1;2;1414
;1;2;1415
;1;2;1416
;1;2;1417
;1;64;1418
;1;1419
;1;124;1022
;1;1420
;1;229;1421
;1;39;1422
;1;39;1423
;1;11;1424
;1;1425
;1;2;3;67;5;6;137
;1;1426
;1;2;1427
;1;2;14;1428
;1;2;156;5;6;453
;1;2;1429
;1;11;1430
;1;2;3;67;5;6;1061
;1431
;1;2;1432
;1;1433
;1;2;1434
;1;33;1435;951
;1;11;1436
;1;27;1437
;1;1438
;1;2;1439
;1440
;1;1441
;1;2;364;5;6;395
;1;2;14;1442
;1;2;1443
;1;11;1444
;1;124;1445
;1;39;1446
;1;2;261;1447
;1;146;1448
;1;1449
;1;2;1450
;1;2;1451
;1;39;1452
;1;11;1453
;1;1454
;1;2;14;1455
;1;124;1456
;1;124;1457
;1;2;156;5;6;1458
;1;2;225;5;6;466
;1;1459
;1;73;1460
;1461
;1;11;1462
;1;2;1463
;1;11;1464
;1;39;371;5;6;1458
;1;73;1465
;1;20;1466
;1;2;3;31;1467
;1;2;60;67;5;6;1468
;1;11;1469
;1;56;1470
;1;11;1471
;1;2;60;67;5;6;1472
;1;1473
;1;892;1474
;1;11;1475
;1;11;1476
;1;73;1477
;1;11;1478
;1;20;1479
;1;2;53;5;6;9
;1;2;1480
;1;1481
;1;2;14;1482
;1;2;1483
;1;11;1484
;1;20;28
;1;2;1485
;1;1486
;1;124;1487
;1;1488
;1;1489
;1;2;30;67;5;6;360
;1;11;1490
;1;73;1491
;1;2;14;1492
;1;11;1493
;1;1494
;1;2;60;67;5;6;810
;1;33;1495
;1;2;14;1496
;1;39;136;5;6;466
;1;2;1497
;1;1498
;1;2;3;4;5;6;1499
;1;2;1500
;1;39;1501
;1;1502
;1;11;1503
;1;2;261;262;1040
;1;73;1504
;1;39;1505
;1;2;1506
;1;2;1507
;1;2;30;634;635;6;1508
;1;11;1509
;1;2;14;1510
;1;1511
;1;1512
;1;2;30;31;1513
;1;124;1026
;1;39;1514
;1;2;261;1515
;1;111;1516
;1;2;1517
;1;1518
;1;20;1174
;1;2;14;1519
;1;2;1520
;1;20;1521
;1;73;1522
;1;2;14;1523
;1;11;1524
;1;11;1525
;1;2;14;1526
;1;168;1527
;1;1528
;1;2;1529
;1;2;30;660
;1;2;60;86;1530
;1;2;53;5;6;466
;1;1531
;1;2;1532
;1;2;14;1533
;1;2;261;262;1534
;1;124;1535
;1;56;1536
;1;2;60;67;5;6;1240
;1;39;1537
;1;11;1538
;1;2;1539
;1;78;1540
;1;20;1294
;1;11;1541
;1;2;1542
;1;27;952
;1;1543
;1;27;1544
;1;168;1545
;1;2;1546
;1;2;1547
;1;43;1152
;1;2;30;1548
;1;1549
;1;2;1550
;1;2;389;5;6;372
;1;2;1551
;1;27;1552
;1;11;1553
;1;2;1554
;1;2;1555
;1;39;1556
;1;2;3;31;1360
;1;20;1557
;1;1558
;1;39;1559
;1;39;1560
;1;73;1561
;1;1562
;1;20;1563
;1;11;1564
;1;620;1534
;1;2;53;5;6;639
;1;1565
;1;1566
;1;27;1152
;1;1567
;1;11;1568
;1;1569
;1;1570
;1;1571
;1;20;1572
;1;39;1573
;1;124;1574
;1;1575
;1;2;3;86;804
;1;11;1576
;1;2;1577
;1;2;1578
;1;1579
;1;39;1580
;1;2;1581
;1;2;3;1582
;1;43;1583
;1;2;225;5;6;297
;1;39;371;5;6;639
;1;2;30;1178
;1;2;3;86;633
;1;2;30;86;1584
;1;20;1585
;1;27;1586
;1;11;1587
;1;11;1588
;1;124;1589
;1;2;30;86;1590
;1;146;1591
;1;124;1592
;1;78;1593
;1;43;1594
;1;2;1595
;1;20;1596
;1;2;1597
;1;1598
;1;2;60;67;5;6;855
;1;2;1599
;1;27;1600
;1;129;1601
;1;39;1602
;1;124;1603
;1;2;122;5;6;818
;1;2;60;31;1604
;1;11;1605
;1;43;1606
;1;11;1607
;1;2;389;5;6;998
;1;1608
;1;11;1609
;1;2;1610
;1;2;1611
;1;2;1612
;1;2;60;67;5;6;1239
;1;20;1613
;1;2;30;31;469
;1;2;1614
;1;836;790
;1;124;1615
;1;2;3;86;1155
;1;1616
;1;124;1617
;1;1618
;1;78;1619
;1;11;1620
;1;39;371;5;6;627
;1;2;30;67;5;6;1621
;1;2;1622
;1;2;3;1623
;1;124;1624
;1;2;1625
;1;146;1626
;1;2;3;1352
;1;2;60;4;5;6;855
;1;27;1627
;1;2;156;5;6;137
;1;2;1628
;1629
;1;573;1630
;1;129;1631
;1;1632
;1;56;791
;1;11;1633
;1;20;1535
;1;73;1634
;1;11;1635
;1;1636
;1;2;3;67;5;6;1637
;1;2;3;671
;1;39;1638
;1;11;1639
;1;11;1640
;1;43;1641
;1;1642
;1;78;1643
;1;2;1644
;1;2;60;1645
;1;56;1646
;1;1647
;1;1648
;1;39;371;5;6;1097
;1;2;30;634;635;6;777
;1;1649
;1;39;765
;1;2;1650
;1;2;30;86;701
;1;2;30;571
;1;2;1651
;1;2;1652
;1;11;1653
;1;124;1654
;1;11;1655
;1;2;1656
;1;1657
;1;2;30;67;5;6;703
;1;836;1658
;1;11;1659
;1;11;1660
;1;11;1661
;1;2;1662
;1;11;1663
;1;129;1664
;1;11;1665
;1;43;1666
;1;124;1667
;1;2;14;1176
;1;11;1668
;1;11;1669
;1;11;1670
;1;2;1671
;1;2;1672
;1;2;8;5;6;556
;1;774;1673
;1;2;1674
;1;2;30;4;5;6;682
;1;1675
;1;2;1676
;1;43;1677
;1;2;261;1678
;1;11;1679
;1;124;403
;1;2;235;5;6;395
;1;39;496
;1;1680
;1;11;1681
;1;2;30;4;5;6;553
;1;1682
;1;11;1683
;1;2;3;4;5;6;830
;1;73;1684
;1;1685
;1;39;1686
;1;2;30;4;5;6;1687
;1;20;1688
;1;39;136;5;6;390
;1;124;1689
;1;2;1690
;1;1691
;1;2;1692
;1693
;1;146;1694
;1;2;30;86;1360
;1;2;1695
;1;11;1696
;1;2;3;479
;1;27;1697
;1;39;1698
;1;2;1699
;1;229;597
;1;43;1700
;1;1701
;1;73;1702
;1;2;3;1703
;1;20;1704
;1;27;1705
;1;1706
;1;2;1707
;1;39;1708
;1;20;1709
;1;11;1710
;1;2;1711
;1;892;1712
;1;2;14;1713
;1;64;1714
;1;27;1715
;1;2;60;31;1716
;1;1717
;1;2;318
;1;2;1718
;1;2;3;1719
;1;2;156;5;6;541
;1;11;1720
;1;2;1721
;1;2;3;1722
;1;1723
;1;2;60;86;697
;1;2;30;4;5;6;297
;1;2;60;67;5;6;718
;1;1724
;1;11;1725
;1;1726
;1;1727
;1;2;1728
;1;20;1445
;1;39;1729
;1;11;1730
;1;1731
;1;11;1732
;1;124;1733
;1;27;1734
;1;2;60;67;5;6;288
;1;20;1735
;1;124;1736
;1;11;1737
;1;2;364;5;6;541
;1;2;3;1738
;1;27;1479
;1;2;1739
;1;2;1740
;1;17;230
;1;2;30;86;1513
;1;2;14;1741
;1;20;1742
;1;111;1743
;1;43;1744
;1;146;1745
;1;11;1746
;1;39;1747
;1;39;1748
;1;111;1749
;1;2;30;4;5;6;1288
;1;11;1750
;1;2;261;262;1751
;1;2;389;5;6;365
;1752
;1;2;1753
;1;129;1754
;1;2;1755
;1;2;1756
;1;73;1757
;1;20;1758
;1;43;1759
;1;2;261;1760
;1;2;1761
;1;2;1762
;1;2;1763
;1;1764
;1;2;1765
;1;1766
;1;1767
;1;2;1768
;1;11;1769
;1;2;3;31;1770
;1;2;1771
;1;27;439
;1;1772
;1;1773
;1;2;14;1774
;1;27;1775
;1;2;1776
;1;2;1777
;1;2;30;86;1778
;1;56;1779
;1;2;1780
;1;1781
;1;43;1782
;1;2;14;1783
;1;2;3;185
;1;124;1784
;1;39;136;5;6;365
;1;1785
;1;2;14;1786
;1;11;1787
;1;2;1788
;1;2;3;1789
;1;2;3;1790
;1;11;1791
;1;2;53;5;6;157
;1;43;1792
;1;11;1793
;1;2;60;67;5;6;682
;1;11;1794
;1;2;53;5;6;541
;1;2;1010
;1;111;1795
;1;39;1796
;1;43;1797
;1;56;1798
;1;1799
;1;73;1800
;1;20;1736
;1;11;1801
;1;2;1802
;1;2;30;503
;1;2;1803
;1;39;1804
;1;56;1805
;1;2;14;1806
;1;1807
;1;129;1808
;1;2;261;1809
;1;1810
;1;2;261;1811
;1;27;1177
;1;2;261;1812
;1;20;1813
;1;1814
;1;2;3;4;5;6;1240
;1;27;1815
;1;27;1816
;1;27;1817
;1;2;3;86;1818
;1;2;1819
;1;11;1820
;1;11;1821
;1;892;1822
;1;11;1823
;1;27;1824
;1;2;1825
;1;20;1826
;1;11;1827
;1;11;1828
;1;56;1829
;1;2;1830
;1;2;1831
;1;20;1054
;1;39;1832
;1;11;1833
;1;2;1834
;1;2;3;4;5;6;1621
;1;2;3;1835
;1;2;1836
;1;2;30;1023
;1;39;1837
;1;2;1838
;1;1839
;1;1840
;1;39;1841
;1;20;1842
;1;2;53;5;6;390
;1;39;371;5;6;1150
;1;2;60;86;32
;1;243;1843;25;6;26
;1;1844
;1;2;3;634;635;6;636
;1;11;1845
;1;1846
;1;1847
;1;39;1848
;1;124;1849
;1;27;1850
;1;11;1851
;1;1852
;1;20;1853
;1;11;1854
;1;2;1855
;1;43;1856
;1;2;3;1857
;1;56;1858
;1;2;1859
;1;11;1860
;1;73;1861
;1;2;14;1862
;1;2;1863
;1;20;1864
;1;2;1865
;1;43;1866
;1;111;1867
;1;39;1868
;1;2;30;1869
;1;39;1870
;1;11;1871
;1;11;1872
;1;2;1873
;1;1874
;1;2;8;5;6;1097
;1;43;1875
;1;2;1876
;1;1877
;1;11;1878
;1;39;371;5;6;1879
;1;2;14;1880
;1;78;79;1881
;1;129;1882
;1;124;1533
;1;2;1883
;1;2;1884
;1;39;1885
;1;2;1886
;1;27;825
;1;2;1887
;1;2;30;4;5;6;971
;1;39;1888
;1;111;1889
;1;20;1152
;1;11;1890
;1;124;1891
;1;111;1892
;1;39;1893
;1;39;136;5;6;782
;1;27;1894
;1;2;225;5;6;541
;1;2;389;5;6;453
;1;39;1895
;1;39;1896
;1;146;1897
;1;73;1898
;1899
;1;73;1900
;1;11;1901
;1;2;1902
;1;20;439
;1;20;1903
;1;27;1904
;1;73;1905
;1;27;1906
;1;2;122;5;6;1879
;1;2;3;67;5;6;297
;1;2;481
;1;2;14;1907
;1;111;1908
;1;39;1909
;1;1910
;1;146;1911
;1;2;1912
;1;620;1913
;1;11;1914
;1;56;69;6;70;1192;72
;1;27;1383
;1;11;1915
;1;1916
;1;39;371;5;6;236
;1;11;1917
;1;2;60;4;5;6;1918
;1;1919
;1;27;1920
;1;43;1921
;1;111;1922
;1;2;1923
;1;1924
;1;73;1925
;1;27;1926
;1;11;1927
;1;39;1928
;1;2;1929
;1;2;1930
;1;2;30;4;5;6;994
;1;2;60;86;1931
;1;2;225;5;6;137
;1;11;1932
;1;64;403
;1;39;1933
;1934
;1;27;140
;1;2;364;5;6;1097
;1;1935
;1;111;1936
;1;2;3;4;5;6;1937
;1;20;1938
;1;2;1939
;1;11;1940
;1;2;1941
;1;1330
;1;124;1268
;1;1942
;1;11;1943
;1;2;389;5;6;236
;1;2;156;5;6;782
;1;2;1944
;1;39;1945
;1;1946
;1;2;261;1947
;1;2;30;4;5;6;1090
;1;2;60;31;107
;1;27;1948
;1;27;1949
;1;1950
;1;2;30;4;5;6;1069
;1;11;1951
;1;2;1952
;1;2;60;31;205
;1;43;1953
;1;11;1954
;1;2;1955
;1;146;1956
;1;73;1957
;1;11;1958
;1;2;1959
;1;78;79;1960
;1;73;1961
;1;2;30;31;758
;1;1962
;1;1275
;1;11;1963
;1;20;1964
;1;39;1965
;1;2;261;1966
;1;73;1967
;1;73;1968
;1;43;1969
;1;124;1970
;1;620;1971
;1;39;1972
;1;2;1973
;1;124;1974
;1;11;1975
;1;11;1976
;1;2;1977
;1;1978
;1;2;1979
;1;2;1980
;1;27;1981
;1;146;1982
;1;27;1983
;1;2;389;5;6;628
;1;2;142
;1;11;1984
;1;124;1985
;1;2;1986
;1;2;3;67;5;6;102
;1;78;79;1987
;1;56;1988
;1;2;1989
;1;33;1990
;1;73;1991
;1;39;1992
;1;2;14;1993
;1;1994;1995;1996;6;26
;1;620;597
;1;2;30;86;197
;1;1997
;1;1998
;1;11;1999
;2000
;1;124;2001
;1;2002
;1;2;14;2003
;1;20;2004
;1;73;2005
;1;2;2006
;1;27;1535
;1;73;2007
;1;2;3;86;787
;1;2;2008
;1;39;2009
;1;2010
;1;124;2011
;1;27;2012
;1;27;2011
;1;2;3;67;5;6;1288
;1;2;2013
;1;2;14;842
;1;20;1083
;1;39;371;5;6;556
;1;2;2014
;1;2015
;1;2;14;2016
;1;124;2017
;1;11;2018
;1;20;2019
;1;2;3;67;5;6;1687
;1;20;899
;1;39;371;5;6;226
;1;2020
;1;11;2021
;1;146;2022
;1;73;2023
;1;73;2024
;1;2;261;262;1334
;1;2;14;2025
;1;124;2026
;1;124;2027
;1;2;60;31;492
;1;11;2028
;1;20;2029
;1;2;60;2030;635;6;777
;1;2;3;4;5;6;1286
;1;2031
;1;2;2032
;1;56;2033
;1;43;1822
;1;2;2034
;1;20;1815
;1;27;2035
;1;2;3;86;643
;1;2036
;1;2;2037
;1;2038
;1;11;2039
;1;20;1734
;1;2;2040
;1;2;3;4;5;6;1637
;1;124;2041
;1;2;2042
;1;124;1252
;1;2;2043
;1;20;385
;1;2;2044
;1;2;14;2045
;1;11;2046
;1;2;60;67;5;6;592
;1;2047
;1;2;2048
;1;39;2049
;1;27;727
;1;2;14;2050
;1;39;2051
;1;39;2052
;2053
;1;2;2054
;1;73;2055
;1;27;2056
;1;124;2057
;1;129;2058
;1;11;2059
;1;111;1210
;1;11;2060
;1;2;235;5;6;226
;1;11;2061
;1;2062
;1;124;2063
;1;2;30;4;5;6;542
;1;39;2064
;1;73;2065
;1;111;2066
;1;11;2067
;1;2;60;67;5;6;830
;1;2;2068
;1;17;796
;1;2;2069
;1;43;2070
;1;43;2071
;1;56;2072
;1;2073
;1;39;2074
;1;2075
;1;39;2076
;1;39;1131
;1;2;122;5;6;253
;1;2;2077
;1;27;1100
;1;124;2078
;1;774;951
;1;2;14;2079
;1;27;2080
;1;11;2081
;1;2082
;1;11;2083
;1;39;2084
;1;20;1371
;1;11;2085
;1;2;3;31;1590
;1;2086
;1;2087
;1;2088
;1;39;449
;1;2;60;2089
;1;2;2090
;1;2091
;1;2;14;2092
;1;2;816
;1;2093
;1;73;2094
;1;620;2095
;1;2;8;5;6;639
;1;2;30;86;697
;1;11;2096
;1;64;1922
;1;2;156;5;6;9
;1;2;30;31;507
;1;11;2097
;1;2098
;1;33;2099
;1;2;30;1857
;1;2;14;2100
;1;2;122;5;6;1066
;1;11;2101
;1;2;14;2102
;1;27;2103
;1;111;1714
;1;27;1613
;1;2;2104
;1;2;2105
;1;2;14;2106
;1;39;2107
;1;2;2108
;1;11;2109
;1;2;1516
;1;39;2110
;1;2;2111
;1;2112
;1;20;2103
;1;2;2113
;1;2;3;31;507
;1;2;2114
;1;33;2115
;1;39;2116
;1;2;3;576
;1;2117
;1;39;1305
;1;620;2118
;1;2;2119
;1;2120
;1;27;2121
;1;2;235;5;6;2122
;1;2123
;1;279;2124
;1;2;30;1645
;1;2125
;1;73;2126
;1;39;2127
;1;124;727
;1;39;2128
;1;73;2129
;1;2;3;4;5;6;682
;1;2130
;1;2;2131
;1;27;2132
;1;2;364;5;6;297
;1;129;2133
;1;11;2134
;1;11;2135
;1;2136
;1;2;3;67;5;6;166
;1;892;65
;1;2;2137
;1;2;2138
;1;11;2139
;1;2;60;4;5;6;2140
;1;11;2141
;1;2;30;67;5;6;203
;1;27;48
;1;2;2142
;1;2143
;1;39;2144
;1;2145
;1;2146
;1;2147
;1;2;30;86;1604
;1;2;2148
;1;2;14;2149
;1;39;2150
;1;2;2151
;1;27;2152
;1;2;30;4;5;6;830
;2153
;1;2154
;1;2;2155
;1;2;261;2156
;1;243;1198;25;6;26
;1;2;14;2157
;1;27;2158
;1;2;2159
;1;39;2160
;1;11;2161
;1;2162
;1;2;14;2163
;1;39;136;5;6;123
;1;2164
;1;2165
;1;43;2166
;1;11;2167
;1;111;2168
;1;2;60;2169
;1;2;30;431
;1;11;2170
;1;2;2171
;1;2;261;2172
;1;20;2173
;1;2174
;1;2;3;4;5;6;2175
;1;2;2176
;1;20;2177
;1;20;2178
;1;2;14;2179
;1;2;14;2180
;1;2;60;31;1584
;1;2181
;1;2;261;2182
;1;56;2183
;1;2184
;1;2;60;86;349
;1;11;2185
;1;2;14;2186
;1;2;3;31;2187
;1;620;2188
;1;2;60;4;5;6;994
;1;73;2189
;1;2;30;141
;1;39;2190
;1;2191
;1;2;3;86;349
;1;1559
;1;2;14;2192
;1;11;2193
;1;2;2194
;1;11;2195
;1;27;2196
;1;2;14;2197
;1;27;2198
;1;2199
;1;2200
;1;111;2201
;1;2202
;1;27;2203
;1;27;920
;1;2;2204
;1;56;69;6;70;330;2205
;1;243;930;25;6;26
;1;11;2206
;1;124;2207
;1;2;2208
;1;20;2209
;1;43;2210
;1;39;2211
;1;27;2212
;1;2;30;31;1818
;1;1516
;1;2;3;31;2213
;1;111;2214
;1;2215
;1;11;2216
;1;2217
;1;27;2218
;1;20;2219
;1;2;14;2220
;1;2221
;1;129;2222
;1;11;2223
;1;2;389;5;6;855
;1;2;2224
;1;11;2225
;1;229;2226
;1;111;2227
;1;2;2228
;1;2;2229
;1;11;2230
;1;43;2231
;1;2;261;2232
;1;2;2233
;1;2;60;410
;1;2;389;5;6;137
;1;2;2234
;1;39;2235
;1;39;2236
;1;2237
;1;43;2238
;1;2;60;793
;1;39;2239
;1;11;2240
;1;2;2241
;1;2;53;5;6;1097
;1;2242
;1;2;60;634;635;6;777
;1;56;2243
;1;2;30;31;633
;1;20;119
;1;56;2244
;1;2;2245
;1;43;2246
;1;2;3;67;5;6;7
;1;11;2247
;1;20;2248
;1;11;2249
;1;11;2250
;1;124;2251
;1;2;14;2252
;1;39;2253
;1;73;2254
;1;39;864
;1;2;2255
;1;2;14;2256
;1;2;30;1703
;1;2;30;67;5;6;553
;1;11;2257
;1;11;2258
;1;2;30;86;107
;1;39;2259
;1;620;1751
;1;11;2260
;1;2;30;208
;1;620;2261
;1;20;993
;1;124;370
;1;2262
;1;73;2263
;1;73;2264
;1;33;596;263
;1;2;60;31;758
;1;2265
;1;2;2266
;1;27;2267
;1;2;60;2268
;1;124;1817
;1;11;2269
;1;124;2270
;1;2;60;1352
;1;129;2271
;1;11;2272
;1;20;2273
;1;39;2274
;1;2275
;1;2;14;2276
;1;11;2277
;1;2;14;2278
;1;2;14;2279
;1;2;14;2280
;1;2;2281
;1;2282
;1;2;30;4;5;6;274
;1;73;2283
;1;2;3;4;5;6;1288
;1;129;2284
;1;124;894
;1;11;2285
;1;11;2286
;1;2;3;31;2287
;1;2;14;2288
;1;2;30;4;5;6;649
;1;2289
;1;2;60;31;512
;1;2;3;4;5;6;203
;1;39;2290
;1;111;2291
;1;2292
;1;39;2293
;1;11;2294
;1;2295
;1;2;53;5;6;453
;1;11;2296
;1;11;2297
;1;2;14;2298
;1;2;14;2299
;1;2;60;86;643
;1;11;2300
;1;20;2301
;1;73;2302
;1;2;2303
;1;129;2304
;1;2;2305
;1;2;261;2306
;1;73;2307
;1;124;554
;1;2;2308
;1;11;2309
;1;2310
;1;20;2311
;1;229;2312
;1;124;2313
;1;2;14;496
;1;146;2314
;1;39;1728
;1;124;2315
;1;2316
;1;2;53;5;6;998
;1;11;2317
;1;20;2318
;1;2;261;1702
;1;56;1643
;1;111;2319
;1;11;2320
;1;20;471
;1;2;364;5;6;855
;1;11;2321
;1;2;60;2322
;1;2323
;1;73;2324
;1;2;60;67;5;6;1918
;1;2;2325
;1;2;60;2326
;1;11;2327
;1;20;2328
;1;2;60;4;5;6;137
;1;39;2329
;1;124;2330
;1;56;2331
;1;2;14;2332
;1;168;2333
;1;39;2334
;1;20;2335
;1;2;2336
;1;2;60;86;1513
;1;2;53;5;6;1267
;1;2;14;2337
;1;2;2338
;1;2339
;1;33;2340
;1;2;122;5;6;2341
;1;39;371;5;6;2342
;1;43;405
;1;2;2343
;1;2;2344
;1;2;2345
;1;2;2346
;1;2;2347
;1;39;2348
;1;33;2349
;1;33;596;1421
;1;39;2350
;1;2351
;1;2;2352
;1;11;2353
;1;2;2354
;1;2;3;2355
;1;2356
;1;43;2357
;1;2358
;1;11;2359
;1;56;2360
;1;2;2361
;1;2;3;4;5;6;610
;1;2;3;31;2362
;1;2;2363
;1;11;2364
;1;20;2365
;1;39;2366
;1;20;640
;1;2;2367
;1;2;3;31;182
;1;2;235;5;6;818
;1;11;2368
;1;11;2369
;1;124;138
;1;2370
;1;73;2371
;1;2;3;67;5;6;360
;1;2;60;4;5;6;1637
;1;2;364;5;6;627
;1;43;2372
;1;11;2373
;1;20;1000
;1;2;60;86;1467
;1;2374
;1;2;14;2375
;1;2376
;1;11;2377
;1;39;2378
;1;2;60;86;382
;1;2;3;2169
;1;2379
;1;20;2380
;1;11;2381
;1;2;30;4;5;6;1472
;1;39;2382
;1;43;65
;1;2;2383
;1;11;2384
;1;56;2385
;1;43;2386
;1;2;53;5;6;818
;1;2387
;1;27;1712
;1;39;2388
;1;2;60;31;32
;1;11;2389
;1;20;2390
;1;2;2391
;1;2;53;5;6;680
;1;43;2392
;1;2393
;1;2;60;86;1590
;1;111;2394
;1;73;2395
;1;2396
;1;73;2397
;1;20;2398
;1;2;30;2399
;1;2400
;1;27;2401
;1;2;14;2402
;1;2;14;2403
;1;2;60;2404
;1;2;3;86;107
;1;2405
;1;73;2406
;1;11;2407
;1;2;2408
;2409
;1;11;2410
;1;20;1970
;1;20;842
;1;2;389;5;6;297
;1;20;443
;1;2;2411
;1;2;2412
;1;20;2413
;1;2;2414
;1;2;60;255
;1;2;2415
;1;2416
;1;2;3;2089
;1;11;2417
;1;124;2418
;1;1030
;1;39;2419
;1;2;2420
;1;2;60;86;314
;1;2;2421
;1;39;2422
;1;2423
;1;2;30;307
;1;20;2424
;1;892;405
;1;78;2425
;1;11;2426
;1;2;2427
;1;229;263
;1;2;30;2428
;1;73;2429
;1;2;14;2430
;1;2;60;1623
;1;43;2431
;1;2;3;31;205
;1;2;2432
;1;2;2433
;2434
;1;2;60;86;780
;1;2;2435
;1;2436
;1;2;30;86;633
;1;39;2437
;1;124;805
;1;39;2438
;1;78;2439
;1;2;2440
;1;27;2441
;1;2442
;1;39;2443
;1;11;2444
;1;2445
;1;2;2446
;1;73;2447
;1;20;1824
;1;56;2448
;1;2449
;1;2;30;67;5;6;994
;1;2;2450
;1;2;3;67;5;6;1472
;1;2;2451
;1;11;2452
;1;2;225;5;6;236
;1;2;14;798
;1;20;2453
;1;2;60;4;5;6;1061
;1;129;2454
;1;2;2455
;1;11;2456
;1;2457
;1;2;3;188
;1;33;596;2458
;1;2;8;5;6;818
;1;2;235;5;6;782
;1;129;2459
;1;2;30;67;5;6;483
;1;20;833
;1;2;14;2460
;1;2;2461
;1;573;2462
;1;11;2463
;1;2;2464
;1;43;2465
;1;2;14;2466
;1;11;2467
;1;11;2468
;1;20;2469
;1;56;1947
;1;11;2470
;1;2;60;1703
;1;2471
;1;11;2472
;1;2473
;1;11;2474
;1;2;225;5;6;145
;1;43;2475
;1;11;2476
;1;2477
;1;2;2478
;1;39;136;5;6;1267
;1;73;2479
;1;2;2480
;1;124;2481
;1;39;136;5;6;1879
;1;43;2482
;1;2;2483
;1;2;14;2484
;1;2;2485
;1;129;2486
;1;2;60;1023
;1;2;246
;1;43;2487
;1;2;14;2488
;1;2;3;86;527
;1;73;2489
;1;2;235;5;6;628
;1;56;2490
;1;2;14;2491
;1;129;2492
;1;11;2493
;1;20;2494
;1;11;2495
;1;20;2496
;1;2;14;2497
;1;2;14;2498
;1;124;2499
;1;11;2500
;1;43;2501
;1;2;225;5;6;453
;1;39;2502
;1;27;2503
;1;2504
;1;43;2505
;1;11;2506
;1;2;2507
;1;2508
;1;2;3;4;5;6;2140
;1;2509
;1;11;2510
;1;2;60;1719
;1;2;30;2326
;1;2;2511
;1;39;2512
;1;11;2513
;1;56;69;6;70;71;2205
;1;2;60;67;5;6;610
;1;56;69;6;70;1192;2514
;1;39;2515
;1;27;133
;1;124;2516
;1;11;2517
;1;2;2518
;1;11;2519
;1;168;2520
;1;111;2521
;1;11;2522
;1;2;14;2523
;1;43;2524
;1;2;235;5;6;453
;1;43;2525
;1;2526
;1;11;2527
;1;2;14;2528
;1;2;60;4;5;6;718
;1;2529
;1;43;2530
;1;2;3;2428
;1;11;2531
;1;620;951
;1;73;2532
;1;2;364;5;6;2341
;1;2;2533
;1;20;2534
;1;2;2535
;1;2536
;1;27;1985
;1;78;79;2537
;1;27;1654
;1;620;2538
;1;2;14;2539
;1;2;14;2540
;1;27;2541
;1;2542
;1;2;122;5;6;2342
;1;2;2543
;1;2;60;31;1778
;1;2;3;31;1411
;1;2544
;1;20;2063
;2545
;1;279;2546
;1;2547
;1;73;2548
;1;2;60;2549
;1;2550
;1;2551
;1;2;2552
;1;229;18
;1;129;2553
;1;2;60;2355
;1;146;1038
;1;11;2554
;1;2;3;86;1298
;1;124;2555
;1;27;2556
;1;2;1144
;1;2;2557
;1;11;2558
;1;2;14;2559
;1;39;2560
;1;2561
;1;2;2562
;1;2;389;5;6;1267
;1;2563
;1;39;2564
;1;2;2565
;1;2;2566
;1;2;14;2567
;1;43;138
;1;2;2568
;1;2569
;1;2570
;1;2;2571
;1;2572
;1;56;2573
;1;2574
;1;2;414
;1;2;3;2575
;1;39;2576
;1;73;2577
;1;73;2578
;1;2;3;1548
;1;56;69;6;2579
;1;11;2580
;1;2;14;2581
;1;27;2582
;1;56;2583
;1;2;14;2584
;1;39;2585
;1;111;2586
;1;39;2587
;1;39;2588
;1;2;389;5;6;157
;1;2;3;4;5;6;360
;1;11;2589
;1;2;2590
;1;11;2591
;1;20;1926
;1;2;2592
;1;2;30;67;5;6;319
;1;2;30;634;635;6;636
;1;11;2593
;1;2;235;5;6;1066
;1;129;2594
;1;2;122;5;6;627
;1;73;2595
;1;11;2596
;1;27;851
;1;20;2102
;1;2597
;1;17;2598
;1;2;261;2599
;1;27;38
;1;2600
;1;27;1964
;1;11;2601
;1;56;2602
;1;39;2603
;1;39;2604
;1;2;14;2605
;1;2606
;2607
;1;27;2608
;1;129;2609
;1;2;261;2610
;1;111;2611
;1;20;1985
;1;129;2612
;1;39;2613
;1;39;1912
;1;2;261;1275
;1;39;1939
;1;2;235;5;6;855
;1;27;1521
;1;11;2614
;1;124;2615
;1;2;14;2616
;1;39;2617
;1;2;2618
;1;2;2619
;1;11;2620
;1;39;2621
;1;124;2622
;1;39;2623
;1;73;2624
;1;2;156;5;6;1267
;1;2;30;67;5;6;1061
;2625
;1;39;2626
;1;2627
;1;11;2628
;1;56;2629
;1;2630
;1;39;2171
;1;39;2631
;1;11;2632
;1;27;2424
;1;124;2311
;1;124;2633
;1;2634
;1;111;2635
;1;2;14;2636
;1;2;14;2637
;1;27;623
;1;111;2638
;1;111;2639
;1;2;3;67;5;6;1918
;1;11;2640
;1;39;2641
;1;620;1421
;1;2;2642
;1;2643
;1;11;2644
;1;11;2645
;1;39;2646
;1;11;2647
;1;2;30;67;5;6;1499
;1;43;2648
;1;73;2649
;1;2;2650
;1;2651
;1;20;2288
;1;2;2652
;1;129;2653
;1;20;2654
;1;11;2655
;1;2;60;2656
;1;2657
;1;39;136;5;6;297
;1;2658
;1;2;2659
;1;2;2660
;1;39;371;5;6;628
;1;11;2661
;1;111;2662
;1;39;2663
;1;39;2664
;1;39;2665
;1;2666
;1;11;2667
;1;20;2668
;1;2;2669
;1;2;2670
;1;39;371;5;6;2341
;1;2;156;5;6;297
;1;2671
;1;11;2672
;1;39;2673
;1;2;60;86;2674
;1;168;2675
;1;56;69;6;70;2676
;1;39;2677
;1;11;2678
;1;39;938
;1;11;2679
;2680
;1;20;2681
;1;20;2682
;1;2;3;67;5;6;542
;1;2;2683
;1;2;60;2684
;1;11;2685
;1;11;2686
;1;2;2687
;1;229;1673
;1;2;2688
;1;11;2689
;1;2;60;67;5;6;274
;1;2;2690
;1;2;14;2691
;1;11;2692
;1;39;2693
;1;2;30;4;5;6;1621
;1;2;2694
;1;229;951
;1;124;2152
;1;2695
;1;2;53;5;6;1150
;1;2;2696
;1;791
;1;2697
;1;2;122;5;6;789
;1;23;1843;25;6;26
;1;20;2698
;1;2;2699
;1;146;2700
;1;73;2701
;1;2;14;2702
;1;73;2703
;1;11;2704
;1;2;2705
;1;11;2706
;1;39;2707
;1;2;2708
;1;2;2709
;1;2;2710
;1;2;2711
;1;2;2712
;1;2;261;2713
;1;39;2714
;1;129;2715
;1;111;2716
;1;39;1886
;1;2;225;5;6;2341
;1;124;2717
;1;39;2718
;1;2;30;498
;1;2;3;4;5;6;810
;1;2;2719
;1;2;3;31;797
;1;11;2720
;2721
;1;73;2722
;1;2;2723
;1;11;2724
;1;2;2725
;1;129;2726
;1;2;2727
;1;2;30;4;5;6;556
;1;2728
;1;2;1537
;1;39;2729
;1;2;14;2730
;1;2731
;1;11;2732
;1;73;2733
;1;11;2734
;1;11;2735
;1;33;2736
;1;2;225;5;6;538
;1;73;2737
;1;2;2738
;1;2;14;2739
;1;11;2740
;1;2;3;4;5;6;971
;1;11;2741
;1;2;122;5;6;556
;1;11;2742
;1;2;14;2743
;1;111;992
;1;11;2744
;1;2;225;5;6;680
;1;2;30;86;173
;1;2;8;5;6;137
;1;11;2745
;1;27;2209
;2746
;1;2;14;1317
;1;2;3;31;657
;1;39;136;5;6;538
;1;56;2747
;1;2;3;31;2748
;1;2749
;1;2;14;2750
;1;2;30;31;197
;1;2;30;4;5;6;1637
;1;2;60;2751
;1;2752
;1;2;30;4;5;6;1937
;1;124;2753
;1;56;2754
;1;2755
;1;124;2756
;1;2;30;2757
;1;20;2608
;1;11;2758
;1;2;364;5;6;782
;1;124;2759
;1;2760
;1;2;2761
;1;2;2762
;1;2;122;5;6;680
;1;2763
;1;11;2764
;1;2;122;5;6;1150
;1;2;3;348
;1;2;2765
;1;2;60;31;657
;1;2;225;5;6;1066
;1;129;2766
;1;2;30;67;5;6;2175
;1;11;2767
;1;2;2768
;1;2769
;1;43;2770
;1;11;2771
;1;2;2772
;1;43;2773
;1;56;69;6;70;2774
;1;27;316
;1;2;60;31;2287
;1;39;2775
;1;20;2776
;1;39;2777
;1;43;2778
;1;2;2779
;1;11;2780
;1;2;1175
;2781
;1;56;2782
;1;11;2783
;1;11;2784
;1;2;30;4;5;6;1355
;1;2;261;2785
;1;20;790
;1;2;3;287
;1;146;2786
;1;56;2787
;2788
;1;2;30;4;5;6;102
;1;2;3;67;5;6;810
;1;56;2789
;1;11;2790
;1;2791
;1;2;3;86;512
;1;11;2792
;1;43;2793
;1;2;2794
;1;11;2795
;1;2;364;5;6;137
;1;774;1751
;1;2;2796
;1;2;3;67;5;6;830
;1;39;2797
;1;124;2798
;1;11;2799
;1;124;2800
;1;73;2801
;1;2;235;5;6;998
;1;124;2267
;1;43;2802
;1;2;261;262;517
;1;2;2803
;1;11;2804
;1;39;2805
;1;2806
;1;2;60;31;1316
;1;43;2807
;1;27;882
;1;43;2808
;1;2;2809
;1;2;2810
;1;43;2811
;1;11;2812
;1;2;30;2813
;1;2814
;1;11;2815
;1;2;2816
;1;27;2817
;1;43;2818
;1;56;69;6;70;71;1193
;1;2;225;5;6;427
;1;2;60;31;1285
;1;124;2453
;1;39;2819
;1;2820
;1;2821
;2822
;1;168;2823
;1;11;2824
;1;11;2825
;1;2;60;548
;1;620;230
;1;2;2826
;1;39;2827
;1;111;2828
;1;2829
;1;20;2830
;1;2;14;2831
;1;11;2832
;1;11;2833
;1;2834
;1;2;2835
;1;2836
;1;129;2837
;1;146;2838
;1;73;2839
;1;20;2840
;1;20;811
;1;2841
;1;2;122;5;6;54
;1;124;1964
;1;11;2842
;1;2;2843
;1;2844
;1;2845
;1;129;2846
;1;2;30;86;1818
;1;39;136;5;6;1097
;1;39;2847
;1;2;3;86;1467
;1;2;14;1715
;1;2;60;31;2848
;1;39;2849
;1;43;2850
;1;2;14;2851
;1;2;2852
;1;2;3;255
;1;2;2853
;1;39;2854
;1;20;155
;1;2;2855
;1;2;14;2856
;1;111;342
;1;2;14;2857
;1;2;60;67;5;6;649
;1;2858
;1;2859
;1;39;2860
;1;2;2861
;1;2;30;67;5;6;810
;1;774;263
;1;2;3;67;5;6;1499
;1;56;69;6;70;1192;331
;1;11;2862
;1;2863
;1;20;2864
;1;2;2865
;1;73;2866
;1;2;261;262;18
;1;20;2867
;1;2868
;1;2;364;5;6;2122
;1;2;389;5;6;1879
;1;11;2869
;1;124;2870
;1;2871
;1;2;2872
;1;11;2873
;1;2;60;2874
;1;2;2875
;1;124;2424
;1;146;2876
;1;2877
;1;39;2878
;1;27;2879
;1;2;14;2880
;1;2;2881
;1;2;53;5;6;137
;1;168;2882
;1;2;14;405
;1;2;3;1869
;1;11;2883
;1;39;2884
;1;2;2885
;1;39;2886
;1;2;2887
;1;2;2888
;1;2;3;2326
;1;2;14;2889
;1;11;2890
;1;2;2891
;1;2;60;4;5;6;682
;1;20;2503
;1;43;2892
;1;2;60;31;780
;1;20;2800
;1;2;60;1869
;1;39;2893
;1;2;2894
;1;2;2895
;1;20;1817
;1;11;2896
;1;43;2897
;1;39;2898
;1;2;30;31;1467
;1;43;2899
;1;2900
;1;2;60;1104
;1;2901
;1;129;2902
;1;2;2903
;1;2;261;791
;1;2;2904
;1;124;2905
;1;11;2906
;1;2;261;262;796
;1;27;1400
;1;39;2907
;1;27;2908
;1;2909
;1;2;14;2910
;1;56;2911
;1;2;2912
;1;2;2913
;1;39;2914
;1;27;370
;1;2;30;4;5;6;2140
;1;2915
;1;11;2916
;1;73;2106
;1;20;2132
;1;124;2889
;2917
;1;11;2918
;1;20;1627
;1;2;30;67;5;6;1046
;1;2;14;2919
;1;20;1249
;1;11;2920
;1;27;1399
;1;2921
;1;2;2922
;1;2923
;1;39;2924
;1;2;2925
;1;2;3;31;469
;1;39;2926
;1;2;30;2927
;1;111;2928
;1;73;2929
;1;20;2930
;1;2931
;1;2;2932
;1;20;2933
;1;39;2934
;1;2935
;1;20;2936
;1;11;2937
;1;2;261;2938
;1;2;2939
;1;27;1709
;1;2940
;1;2;2941
;1;2;53;5;6;123
;1;27;2942
;1;2;30;4;5;6;483
;1;2;3;31;787
;1;2943
;1;2944
;1;11;2945
;1;11;2946
;1;11;2947
;1;2;30;67;5;6;2948
;1;11;2949
;1;2;60;503
;1;2;2950
;1;27;2951
;1;33;596;517
;1;124;2952
;1;39;327
;1;27;2953
;1;20;2954
;1;20;996
;1;2;14;2955
;1;11;2956
;1;11;2957
;2958
;2959
;1;2;30;2030;635;6;636
;1;2;2631
;1;2;14;2960
;1;39;2961
;1;2;14;2962
;1;2963
;1;2;2964
;1;2;14;407
;1;2;60;2575
;1;33;2965
;1;2;2966
;1;2;14;2967
;1;2;3;31;2968
;1;2;30;86;394
;1;2;440
;1;27;1011
;1;2;2969
;1;2;14;2970
;1;2;2971
;1;2;2972
;1;2;2973
;1;27;2974
;1;39;136;5;6;9
;1;2;14;2975
;1;39;2976
;1;2;2977
;1;27;2494
;1;2;3;4;5;6;1918
;1;2;2978
;2979
;1;2980
;1;229;1141
;1;11;2981
;1;2;2982
;1;2;2983
;1;2;30;4;5;6;1286
;1;2;1686
;1;2;2984
;1;11;2985
;1;2;2986
;1;2;2987
;1;2;30;4;5;6;68
;1;279;2988
;1;2;2989
;1;2;2990
;1;17;1751
;1;73;2991
;1;2;30;86;1298
;1;39;2992
;1;56;2993
;1;2994
;1;39;2995
;1;2;389;5;6;226
;1;2;60;67;5;6;556
;1;11;2996
;1;11;2997
;1;11;2998
;1;2999
;1;11;3000
;1;2;14;3001
;1;73;3002
;1;146;3003
;1;73;3004
;1;124;3005
;1;836;3006
;1;11;3007
;1;43;3008
;1;2;60;86;1316
;1;11;3009
;1;3010
;1;2;3011
;1;39;3012
;1;2;60;67;5;6;994
;1;11;3013
;1;2;261;3014
;1;2;3015
;1;2;235;5;6;538
;1;2;14;3016
;1;27;584
;1;620;3017
;1;39;3018
;1;3019
;1;11;3020
;1;2;3021
;1;39;136;5;6;627
;1;2;3022
;1;39;3023
;1;2;60;3024
;1;11;3025
;1;11;3026
;1;73;3027
;1;78;2716
;1;2;30;67;5;6;1355
;1;2;3028
;1;11;3029
;1;2;30;3030
;1;27;385
;1;20;3031
;1;3032
;1;2;3033
;1;27;3034
;1;3035
;1;3036
;1;11;3037
;1;124;2106
;1;2;14;3038
;1;43;3039
;1;2;14;3040
;1;39;3041
;1;2;3042
;1;27;3043
;1;39;3044
;1;11;3045
;1;2;3046
;1;2;14;3047
;1;27;3048
;1;33;3049
;1;39;371;5;6;538
;1;39;3050
;1;11;3051
;1;2;3052
;1;11;3053
;1;2;14;3054
;1;2;30;67;5;6;1472
;3055
;1;11;3056
;1;124;3057
;1;2;60;86;197
;1;2;3058
;1;2;3059
;1;39;3060
;1;2;235;5;6;680
;1;2;3061
;1;2;8;5;6;782
;1;129;3062
;1;39;3063
;1;2;60;31;1467
;1;3064
;1;3065
;1;39;3066
;1;2;14;3067
;1;2;3068
;1;124;2080
;1;2;3069
;1;39;3070
;1;2;261;3071
;1;2;30;4;5;6;1061
;1;111;3072
;1;3073
;1;3074
;1;111;2159
;1;3075
;1;3076
;1;111;3077
;1;39;3078
;1;11;3079
;1;11;3080
;1;73;3081
;1;2;3;31;3082
;1;2;8;5;6;54
;1;2;364;5;6;639
;1;11;3083
;1;39;784
;1;2;60;86;758
;1;11;3084
;1;129;3085
;1;39;3086
;1;11;3087
;1;2;3;103
;1;39;3088
;1;2;261;3089
;1;20;3090
;1;27;1167
;1;3091
;1;2;3;86;218
;1;39;3092
;1;3093
;1;1994;3094;1996;6;26
;1;11;3095
;1;39;3096
;1;2;389;5;6;2342
;1;33;3097
;1;2;3098
;1;11;3099
;1;11;3100
;1;3101
;1;2;3102
;1;27;3103
;1;56;3104
;1;2;3;31;758
;1;11;3105
;1;2;3;67;5;6;1937
;1;11;3106
;1;56;3107
;1;56;2439
;1;2;60;67;5;6;137
;1;3108
;1;43;3109
;1;2;30;67;5;6;2140
;1;20;2011
;1;2;3;31;527
;1;73;3110
;1;11;3111
;1;2;3112
;1;2;235;5;6;556
;1;43;3113
;1;2;60;67;5;6;1499
;1;11;3114
;1;2;3115
;1;3116
;1;2;3117
;1;229;2458
;1;39;3118
;1;11;3119
;1;27;3120
;1;2;3121
;3122
;1;2;364;5;6;680
;1;73;3123
;1;27;3124
;1;2;3125
;3126
;1;2;3127
;1;2;3128
;1;39;3129
;1;11;3130
;1;11;3131
;1;124;3132
;1;3133
;1;124;1100
;1;39;3134
;1;39;136;5;6;453
;1;11;3135
;1;2;156;5;6;395
;1;2;30;31;657
;1;73;3136
;1;27;1689
;1;3137
;1;2;30;67;5;6;1918
;1;11;3138
;1;2;60;3139
;1;3140
;1;56;1281
;1;2;8;5;6;627
;1;27;1059
;1;2;578
;1;2;3141
;1;2;60;31;507
;1;2;225;5;6;1097
;1;2;60;2030;635;6;1508
;1;2;3142
;1;39;3143
;1;39;3144
;1;3145
;1;11;3146
;1;124;2318
;1;124;3147
;1;73;3148
;1;11;3149
;1;2;60;67;5;6;7
;1;11;3150
;1;2;3;67;5;6;971
;1;11;3151
;1;43;3152
;1;11;3153
;1;2;30;86;1155
;1;2;60;31;3154
;1;2;30;103
;1;39;3155
;1;27;3156
;1;2;8;5;6;1458
;1;2;156;5;6;680
;1;124;1850
;1;3157
;1;11;3158
;1;73;3159
;1;2;3160
;1;11;3161
;1;124;1824
;1;20;3162
;1;124;3163
;1;11;3164
;1;20;3165
;1;2;14;3166
;1;3167
;1;124;927
;1;2;3010
;1;11;3168
;1;124;3169
;1;2;30;609
;1;2;14;3170
;1;2;225;5;6;1458
;1;2;14;3171
;1;3172
;1;43;1052
;3173
;1;39;3174
;1;2;14;700
;1;2;60;4;5;6;556
;1;2;60;86;2748
;1;43;3175
;1;2;3;67;5;6;556
;1;3176
;1;11;3177
;1;2;3178
;1;73;3179
;1;39;2543
;1;43;3180
;1;124;1177
;1;2;3;67;5;6;2140
;1;2;3181
;1;124;3182
;1;2;3183
;1;3184
;1;2;156;5;6;627
;1;11;3185
;1;2;14;3186
;1;129;3187
;1;3188
;1;124;2004
;1;2;3189
;1;3190
;1;2;3191
;1;11;3192
;1;2;3193
;1;2;60;67;5;6;319
;1;620;796
;3194
;1;2;261;2072
;1;2;60;4;5;6;1069
;1;11;3195
;1;39;136;5;6;998
;1;124;3196
;1;11;3197
;1;11;3198
;1;11;3199
;1;73;3200
;1;11;3201
;1;3202
;1;124;1613
;1;2;3;86;1604
;1;2;60;2813
;1;124;978
;1;3203
;1;2;389;5;6;54
;1;56;3204
;1;2;60;67;5;6;542
;1;2;3205
;1;39;323
;1;3206
;1;3207
;1;2;30;86;469
;1;39;897
;1;2;3208
;1;2;225;5;6;1879
;1;20;3209
;1;11;3210
;1;2;60;86;218
;1;124;38
;1;27;840
;1;3211
;3212
;1;2;3213
;1;3214
;1;2;60;86;797
;1;3215
;1;43;3216
;1;73;3217
;1;2;14;3218
;1;11;3219
;1;2;3220
;1;111;3221
;1;20;3222
;1;3223
;1;2;235;5;6;9
;1;2;30;2089
;1;56;3224
;1;2;1632
;1;43;3225
;1;2;261;3226
;1;3227
;1;3228
;1;2;30;31;1584
;1;3229
;1;2;60;31;87
;1;27;3230
;1;78;3231;1751
;1;11;3232
;3233
;1;2;30;535
;1;2;14;3234
;1;39;3235
;1;2;60;3236
;1;2;3;86;1411
;1;2;1336
;1;3237
;1;111;3238
;1;2;3239
;1;43;3240
;1;2;3241
;1;11;3242
;1;39;2511
;1;27;3243
;1;3244
;1;2;30;31;527
;1;56;3245
;1;124;2177
;1;11;3246
;1;2;30;287
;1;2;3;31;1155
;1;20;3247
;1;2;14;3248
;1;2;364;5;6;372
;1;64;3249
;1;129;3250
;1;43;3251
;1;2;3;67;5;6;530
;1;39;3252
;1;39;3253
;1;2;14;3254
;1;2;30;1790
;1;111;3255
;1;2;3;3256
;1;2;122;5;6;226
;1;43;3257
;1;39;3258
;1;39;3259
;1;43;3260
;1;2;8;5;6;427
;1;2;3261
;1;2;3262
;1;23;930;25;6;26
;1;56;3263
;1;20;3264
;1;11;3265
;1;3266
;1;78;79;3267
;1;2;3268
;1;39;3269
;1;73;3270
;3271
;1;11;3272
;1;11;3273
;1;11;3274
;1;129;3275
;1;39;3276
;1;11;3277
;1;3278
;1;11;3279
;1;43;3280
;1;2;14;3281
;1;3282
;1;3283
;1;11;3284
;1;39;3285
;1;11;3286
;1;11;3287
;1;11;3288
;1;2;3289
;1;3290
;1;73;3291
;1;124;3292
;1;11;3293
;1;2;60;4;5;6;649
;1;11;3294
;1;892;1152
;1;2;3295
;1;2;261;3296
;1;2;14;3297
;1;11;3298
;1;3299
;1;2;60;67;5;6;81
;1;3300
;1;2;3018
;1;168;3301
;1;11;3302
;1;56;3303
;1;2;60;31;173
;1;2;30;67;5;6;649
;1;20;3304
;1;124;3305
;1;33;3306
;1;2;3307
;1;39;1632
;1;124;3308
;1;11;3309
;1;2;3;67;5;6;226
;1;3310
;1;2;30;4;5;6;226
;1;124;3311
;1;3312
;1;3313
;1;3314
;1;33;3315
;1;129;3316
;1;11;3317
;1;129;3318
;1;2;3;276
;1;39;3319
;1;11;3320
;1;3321
;1;56;3322
;3323
;1;2;53;5;6;372
;1;2;3324
;1;2;14;3325
;1;124;2012
;1;39;3326
;1;2;30;31;697
;1;2;3327
;1;3328
;1;20;3329
;1;2;3;4;5;6;108
;1;43;840
;1;73;3330
;1;39;3331
;1;56;3332
;1;2;60;2030;635;6;636
;1;2;3;4;5;6;81
;1;39;3333
;1;2;30;4;5;6;166
;1;11;3334
;1;2;14;3335
;3336
;1;124;1152
;1;73;3337
;1;2;3338
;1;2;3339
;1;2;3340
;1;11;3341
;1;2;3;31;1778
;1;2;364;5;6;789
;1;39;371;5;6;1066
;1;11;3342
;1;2;3343
;1;27;3090
;1;39;3344
;1;129;3345
;1;56;2828
;3346
;1;2;3;307
;1;2;53;5;6;236
;1;43;3347
;1;2;261;3348;951
;1;27;2555
;1;2;60;609
;1;124;3349
;1;3350
;1;11;3351
;3352
;1;27;886
;1;3353
;1;3354
;1;11;3355
;1;2;3;2030;635;6;636
;1;124;3356
;1;20;3357
;1;2;3358
;1;64;405
;1;2;3;31;804
;1;3359
;3360
;3361
;1;2;14;3362
;1;2;8;5;6;541
;1;11;3363
;1;124;296
;1;2;364;5;6;453
;1;124;3364
;1;2;3365
;1;43;3366
;1;3367
;1;2;3368
;1;2;30;31;2748
;1;2;3369
;1;11;3370
;1;27;3371
;1;2;14;3372
;1;2;3373
;1;2;14;3374
;1;111;3375
;1;11;3376
;1;11;3377
;1;124;825
;3378
;1;124;3379
;1;73;3380
;1;2;3;4;5;6;855
;1;73;3381
;1;39;371;5;6;297
;1;27;3382
;1;11;3383
;1;2;3384
;1;146;3385
;1;2;30;1582
;1;43;3386
;1;2;3;86;3082
;1;2;60;86;633
;3387
;1;2;60;4;5;6;1499
;1;124;3388
;1;2;8;5;6;1879
;1;2;14;3389
;1;3390
;1;2;30;67;5;6;530
;1;2;3391
;1;2;3392
;1;39;3393
;1;2;3394
;1;2;3395
;1;11;3396
;1;2;30;31;780
;1;2;3397
;1;11;3398
;1;43;3399
;1;3400
;1;2;261;262;597
;1;56;3401
;1;2;3;412
;1;11;3402
;1;3403
;1;279;3404
;1;11;3405
;1;20;3248
;1;11;3406
;1;39;3407
;1;124;3408
;1;11;3409
;1;2;14;1277
;1;3410
;1;20;3371
;1;2;60;86;3411
;1;20;1457
;1;2;3412
;1;39;3413
;1;20;3414
;1;56;3415
;1;11;3416
;1;111;3417
;1;2;30;67;5;6;9
;1;11;3418
;1;2;60;31;3411
;1;27;1366
;1;27;486
;1;111;3419
;1;43;3420
;1;39;3421
;1;2;3;3024
;1;27;2029
;1;3422
;1;2;3423
;1;3424
;1;3425
;1;2;389;5;6;1097
;1;39;2568
;1;73;3426
;1;129;3427
;1;11;3428
;1;2;3;86;3429
;1;11;3430
;1;2;60;3431
;1;2;3432
;1;2;156;5;6;372
;1;2;122;5;6;157
;3433
;1;2;3434
;1;3435
;1;3436
;1;3437
;1;73;3438
;1;27;1853
;1;2;14;3439
;1;2;60;31;936
;1;2;122;5;6;365
;1;27;828
;3440
;1;3441
;1;2;60;31;2748
;1;11;3442
;1;2;30;31;1285
;1;11;3443
;1;124;3444
;1;11;3445
;1;11;3446
;1;56;69;6;70;1192;3447
;1;2;30;3448
;1;73;496
;1;39;136;5;6;680
;1;2;3449
;1;2;3450
;1;2;60;86;1360
;1;3451
;1;2;3;67;5;6;1621
;1;3452
;1;27;1938
;1;124;3453
;1;11;3454
;1;2;30;67;5;6;556
;1;129;3455
;3456
;1;27;3457
;1;11;3458
;1;39;136;5;6;395
;1;2;60;67;5;6;226
;1;2;3459
;1;20;3460
;1;2;14;3461
;1;2;3462
;1;2;30;86;936
;1;3463
;1;39;1977
;1;2;3464
;1;20;3465
;1;11;3466
;1;2;14;1758
;1;27;1413
;1;20;1904
;1;11;3467
;1;2;156;5;6;365
;1;11;3468
;3469
;1;39;136;5;6;427
;1;39;3470
;1;3471
;1;124;3472
;1;124;2811
;1;27;305
;1;27;2867
;1;20;1574
;1;2;3473
;1;620;3474
;1;2;8;5;6;1267
;1;2;60;86;657
;1;146;3475
;1;2;60;86;2187
;3476
;1;2;3477
;1;3478
;1;27;2332
;1;2;122;5;6;628
;1;3479
;1;124;2830
;1;73;3480
;1;11;3481
;1;39;3482
;1;620;3483
;1;27;1445
;1;2;3484
;1;27;3485
;1;39;3486
;1;124;3487
;1;3488
;1;27;3489
;1;111;3490
;1;3491
;1;20;3492
;1;20;2218
;1;43;3493
;1;2;3;86;3411
;1;3494
;1;3495
;1;39;3496
;1;3497
;1;73;3498
;1;39;3499
;1;124;3500
;1;2;3501
;1;2;3;67;5;6;319
;1;111;3502
;1;2;3503
;1;3504
;1;2;3505
;1;124;1479
;1;2;3506
;1;73;3507
;1;73;3508
;1;2;60;4;5;6;592
;1;2;122;5;6;639
;1;3509
;1;27;3510
;1;39;3511
;1;20;3512
;1;2;3513
;1;2;60;86;492
;1;2;3514
;1;2;3515
;1;836;3516
;1;11;3517
;1;11;3518
;1;2;3;2030;635;6;777
;1;2;3519
;1;11;3520
;1;78;3521
;1;2;3522
;1;2;30;86;218
;1;11;3523
;1;2;3524
;1;146;3525
;1;2;30;86;87
;1;124;28
;1;43;3526
;1;111;3527
;1;39;3528
;1;3529
;1;3530
;1;39;3531
;1;2;3532
;1;39;3533
;1;2;14;3534
;1;3535
;1;2;3536
;1;573;3537
;1;2;3538
;1;73;3539
;1;11;3540
;1;3541
;1;2;3542
;1;20;893
;1;20;3543
;1;3544
;1;33;596;1751
;1;27;3545
;1;3546
;1;20;3547
;1;2;3548
;1;2;1947
;1;17;2312
;1;39;3549
;1;3550
;1;2;235;5;6;1150
;1;39;3551
;1;27;3552
;1;2;14;3553
;1;39;1768
;1;2;3554
;1;2;3555
;1;2;30;86;1285
;1;2;3556
;3557
;1;2;3558
;1;2;225;5;6;1150
;1;2;3;86;182
;1;3559
;1;27;2967
;1;20;3560
;1;2;60;1857
;1;124;3561
;1;11;3562
;1;2;3563
;1;11;3564
;1;39;136;5;6;226
;1;124;3565
;1;11;3566
;1;39;3567
;1;3568
;1;2;60;31;1513
;1;2;30;86;2748
;1;2;3569
;1;73;3415
;1;168;3570
;3571
;1;2;14;1293
;1;39;3572
;1;3573
;1;124;3574
;1;2;3575
;1;2;3576
;1;111;3577
;1;39;3578
;1;43;3579
;1;2;30;3580
;1;33;2159
;1;2;60;3581
;1;11;3582
;1;2;3;67;5;6;592
;1;2;364;5;6;226
;1;2;14;3583
;1;2;30;67;5;6;592
;1;892;3584
;1;2;60;86;787
;1;2;30;4;5;6;1918
;1;39;3585
;1;3586
;1;3587
;1;27;3264
;1;2;3;4;5;6;483
;1;2;3588
;1;2;3589
;1;39;3590
;1;2;3591
;1;2;156;5;6;54
;1;39;3592
;1;168;3593
;1;73;3594
;1;2;14;2335
;1;2;3595
;1;2;3596
;1;2;60;3597
;1;39;2779
;1;11;3598
;1;43;3599
;1;20;3500
;1;2;3600
;1;39;3601
;1;3602
;1;20;3603
;1;2;235;5;6;137
;1;2;53;5;6;1458
;1;2;14;3604
;1;3605
;1;2;235;5;6;466
;1;146;3606
;1;2;3607
;1;11;3608
;1;2;3;86;205
;1;3609
;1;2;60;3580
;1;27;1842
;1;2;3;86;173
;1;11;3610
;1;124;3611
;1;774;517
;1;39;3612
;1;2;3613
;1;2;1909
;1;2;3614
;3615
;1;11;3616
;1;3617
;1;2;3618
;1;20;2198
;1;56;3619
;1;3620
;1;27;1022
;1;11;3621
;1;2;3;4;5;6;2948
;1;11;3622
;1;39;371;5;6;427
;1;2;225;5;6;54
;1;836;899
;1;2;53;5;6;628
;1;11;3623
;1;11;3624
;1;124;3625
;1;3626
;1;27;3627
;1;2;14;3628
;1;2;30;86;3154
;1;111;3049
;1;73;3629
;1;2;3630
;1;2;30;86;512
;1;43;3631
;1;2;14;1557
;1;124;1906
;1;20;3632
;1;2;14;601
;1;2;60;86;2362
;1;11;3633
;1;56;3634
;1;11;3635
;1;20;3636
;1;2;3637
;1;2;30;3024
;1;2;3638
;1;43;3639
;1;2;156;5;6;998
;1;2;364;5;6;329
;3640
;1;3641
;1;168;3642
;1;836;3643
;1;2;3;4;5;6;297
;1;20;3644
;1;2;3645
;1;2;30;31;1316
;1;3646
;1;39;371;5;6;789
;1;2;156;5;6;2341
;1;929;24;25;6;26
;1;2;3647
;1;73;3648
;1;39;136;5;6;628
;1;11;3649
;1;2;30;1738
;1;11;3650
;1;3651
;1;111;3652
;1;11;3653
;1;124;3654
;1;3655
;1;2;3656
;1;2;3657
;1;168;3658
;1;2;3659
;1;2;3;31;1513
;1;2;53;5;6;789
;1;43;3660
;1;2;3661
;1;20;300
;1;2;14;3662
;1;39;1542
;1;11;3663
;1;2;14;1624
;1;11;3664
;1;129;3665
;1;124;3159
;1;124;49
;1;892;138
;1;124;3603
;1;3666
;1;11;3667
;1;111;65
;1;2;1257
;1;129;3668
;1;39;3669
;1;3670
;1;39;3671
;1;3672
;1;2;3;2757
;1;3673
;1;73;3674
;1;20;2481
;1;64;2106
;1;2;53;5;6;1066
;1;11;3675
;1;2;3676
;1;124;1201
;1;27;482
;1;11;3677
;1;2;3;67;5;6;68
;1;2;14;3678
;1;2;3;31;512
;1;39;3679
;1;39;741
;1;11;3680
;1;11;3681
;1;2;8;5;6;329
;1;3682
;1;2;3683
;1;2;3684
;1;2;30;4;5;6;1046
;1;11;3685
;1;17;517
;1;2;235;5;6;145
;1;11;3686
;1;43;3687
;1;146;3688
;1;20;1712
;1;27;2528
;1;774;1534
;1;2;1423
;1;11;3689
;1;2;3690
;1;2;30;3236
;1;43;3691
;1;111;3692
;1;43;3693
;1;2;3;67;5;6;682
;1;124;3694
;1;168;3695
;1;2;14;3696
;1;43;3697
;1;20;3362
;1;20;1983
;1;39;3698
;1;27;3699
;1;39;3700
;1;2;3;634;635;6;1508
;1;2;3;31;633
;1;20;3701
;1;2;3702
;1;2;3;4;5;6;1239
;1;2;60;67;5;6;1077
;1;2;3703
;1;27;3704
;1;73;3705
;1;2;3;86;1166
;1;11;3706
;1;2;8;5;6;395
;1;11;3707
;1;27;3357
;1;20;1399
;1;2;60;86;1716
;1;3708
;1;3709
;1;124;640
;1;2;3710
;1;11;3711
;1;33;596;18
;1;2;60;31;182
;1;2;3712
;1;2;156;5;6;123
;1;2;3713
;1;20;1784
;1;56;3714
;1;124;838
;1;2;3715
;1;3716
;1;56;69;6;70;330;3447
;1;2;3;86;3717
;1;39;3718
;1;168;3719
;1;20;3720
;1;2;3721
;1;11;3722
;1;2;14;3584
;1;2;14;3723
;1;2;3724
;1;2;3725
;1;2;3726
;1;20;3727
;1;27;1052
;1;11;3728
;1;2;53;5;6;782
;1;39;3729
;1;39;136;5;6;157
;1;2;3730
;1;2;14;3731
;1;2;3;4;5;6;102
;1;64;496
;1;124;1705
;1;3732
;1;2;3733
;1;2;3734
;1;39;3735
;1;39;3736
;1;43;3737
;1;2;3;571
;1;620;18
;1;124;3738
;1;3739
;1;39;3740
;1;124;1189
;1;2;3741
;1;3742
;1;2;225;5;6;855
;1;27;3743
;1;124;3744
;1;3745
;1;27;190
;1;3746
;1;39;3747
;1;11;3748
;1;2;3;3431
;1;56;3749
;1;20;3750
;1;2;225;5;6;782
;1;2;60;1582
;1;124;1822
;1;2;14;2933
;1;2;14;3751
;1;20;554
;1;3752
;1;73;3753
;1;3754
;1;620;3755
;1;3756
;1;111;3757
;1;146;3758
;1;3759
;1;2;30;67;5;6;1286
;1;3760
;1;2;30;31;2674
;1;2;60;86;1818
;1;39;3761
;1;3762
;1;39;3763
;1;39;371;5;6;395
;1;56;69;6;70;71;2514
;1;3764
;1;3765
;1;2;30;4;5;6;718
;1;11;3766
;1;124;2936
;1;39;3767
;1;2;30;4;5;6;610
;1;2;30;86;780
;1;3768
;1;2;60;31;1234
;1;27;2004
;1;124;954
;1;2;3;3769
;1;27;3770
;1;2;30;223
;1;2;364;5;6;1066
;1;2;235;5;6;329
;1;2;3771
;1;124;3772
;1;2;3773
;1;3774
;1;3775
;1;73;3776
;1;39;3777
;1;39;371;5;6;390
;1;3778
;1;39;3779
;1;27;1189
;1;3780
;1;3781
;1;11;3782
;1;20;3783
;1;20;2555
;1;129;3784
;1;3785
;1;129;3786
;1;2;30;2169
;1;2;60;67;5;6;9
;1;2;30;4;5;6;1239
;1;11;3787
;1;73;3788
;1;3789
;1;3790
;1;124;3791
;1;3792
;1;2;3;4;5;6;1090
;1;11;3793
;1;39;3794
;1;11;3795
;1;129;3796
;1;11;3797
;1;2;3798
;1;39;3799
;1;2;389;5;6;329
;1;43;3800
;1;2;3801
;1;11;3802
;1;20;3803
;3804
;1;11;3805
;1;39;3806
;1;11;3807
;1;2;3808
;1;2;3809
;1;3810
;1;39;3811
;1;3812
;1;2;3;67;5;6;855
;1;20;3699
;1;33;3813
;1;43;3814
;1;124;3357
;1;3815
;1;2;14;3816
;1;2;3;31;1316
;1;2;3817
;1;73;3818
;1;2;3819
;1;11;3820
;1;11;3821
;1;11;3822
;1;3823
;1;111;3824
;1;3825
;1;39;3826
;1;2;30;4;5;6;1468
;1;2;14;3827
;1;2;30;3769
;1;124;3828
;1;27;3829
;1;11;3830
;1;39;1780
;1;2;261;213
;1;3831
;1;2;3;31;32
;1;39;3832
;1;2;14;3833
;1;2;3834
;1;56;3835
;1;20;1002
;1;2;30;86;804
;1;2;3836
;1;124;1052
;1;11;3837
;1;2;3838
;1;39;3839
;1;39;371;5;6;466
;1;2;30;67;5;6;1240
;1;39;3840
;1;11;3841
;1;20;3842
;1;20;606
;1;3843
;1;20;3349
;1;2;364;5;6;1267
;1;20;1139
;1;2;3;4;5;6;530
;1;2;156;5;6;818
;1;11;3844
;1;3845
;1;39;3846
;1;2;3847
;1;3848
;1;11;3849
;1;3850
;1;3851
;1;2;3852
;1;11;3853
;1;73;3854
;1;78;1922
;1;124;170
;1;27;3574
;1;3855
;1;2;225;5;6;123
;1;3856
;1;20;2330
;1;11;3857
;1;2;60;4;5;6;267
;1;11;3858
;1;111;3859
;1;56;3860
;1;2;8;5;6;998
;1;2;3861
;1;2;3862
;1;11;3863
;1;111;3864
;1;11;3865
;1;2;3866
;1;111;3867
;1;20;3868
;1;2;3869
;1;39;3870
;1;2;3871
;1;11;3872
;1;2;30;31;1234
;1;2;235;5;6;1267
;1;3873
;1;73;3874
;1;27;2654
;1;124;3875
;1;2;3876
;1;2;3877
;1;2;225;5;6;639
;1;11;3878
;1;2;3879
;1;2;3880
;1;2;3881
;1;2;8;5;6;2342
;1;11;3882
;1;2;3883
;1;11;3884
;1;11;3885
;1;2;14;3886
;1;124;3887
;1;27;1813
;1;124;1596
;1;279;3888
;1;11;3889
;1;124;604
;1;3890
;1;11;3891
;1;3892
;1;168;3893
;1;3894
;1;124;1304
;1;2;3895
;1;2;30;2322
;1;20;3896
;1;73;3897
;1;2;60;67;5;6;1621
;1;124;3898
;1;129;3899
;1;43;3900
;1;3901
;1;11;3902
;1;2;3;31;107
;1;124;3090
;1;2;60;86;3903
;1;11;3904
;1;78;79;3905
;1;2;3906
;1;2;30;31;1590
;1;2;60;1722
;1;2;261;3907
;1;2;3;67;5;6;1239
;1;2;3;4;5;6;288
;1;2;261;3908
;1;73;3909
;1;33;3910
;1;11;3911
;1;3912
;1;3913
;1;11;3914
;1;2;261;3915
;1;2;3916
;1;2;30;4;5;6;99
;1;2;14;3917
;1;2;60;86;3154
;1;39;3918
;1;2;30;67;5;6;718
;1;73;3919
;1;73;3920
;1;3921
;1;27;343
;1;2;3922
;1;78;3231;1040
;1;3923
;1;27;3924
;1;11;3925
;1;20;305
;1;2;3;67;5;6;718
;1;2;3;4;5;6;226
;1;124;3926
;1;39;3927
;1;39;3721
;1;2;60;1738
;1;2;60;31;3928
;1;2;3929
;1;124;3930
;1;124;3931
;1;11;3932
;1;3933
;1;620;3934
;1;11;3935
;1;2;3936
;1;2;3937
;1;20;2012
;1;27;1736
;1;2;30;185
;1;3938
;1;73;3939
;1;2;3;2656
;1;27;1026
;3940
;1;3941
;1;3942
;1;39;3943
;1;2;53;5;6;226
;1;20;3944
;1;56;69;6;70;3945
;1;11;3946
;1;3947
;1;2;3;67;5;6;610
;1;73;3948
;1;2;30;86;3949
;1;279;3950
;1;56;69;6;70;3951
;1;43;3952
;1;3953
;1;3954
;1;124;3584
;1;43;3955
;1;43;3956
;1;2;156;5;6;2342
;1;20;3034
;1;3957
;1;39;3958
;1;3959
;1;2;3960
;1;2;3961
;1;3962
;1;3963
;1;2;3964
;1;39;3965
;1;11;3966
;1;73;3967
;1;11;3968
;1;2;14;3969
;1;3970
;1;129;3971
;1;111;3972
;1;2;30;4;5;6;9
;1;2;3973
;1;2;60;2428
;1;2;3974
;1;11;3975
;1;2;3976
;1;2;60;86;1778
;1;2;122;5;6;390
;1;2;3977
;1;2;60;86;1285
;1;3978
;1;2;60;4;5;6;1090
;1;43;3979
;3980
;1;2;389;5;6;253
;1;2;3981
;1;11;3982
;1;11;3983
;1;20;3930
;1;2;14;3984
;1;2;3;3985
;1;124;1096
;1;124;3986
;1;2;8;5;6;236
;1;2;3;208
;1;27;2830
;1;27;1974
;1;2;261;3987
;1;3988
;1;2;14;3989
;1;2;30;86;1716
;1;56;3990
;1;11;3991
;1;2;3992
;1;129;3993
;1;124;3770
;1;3994
;1;27;3995
;1;2;30;3996
;1;3997
;1;39;3998
;1;3999
;1;73;4000
;1;39;136;5;6;1066
;1;11;4001
;1;2;60;4;5;6;1472
;1;39;2710
;1;2;60;86;1298
;1;4002
;1;2;3;4;5;6;553
;1;2;60;4;5;6;2175
;1;4003
;1;4004
;1;11;4005
;1;2;4006
;1;124;3636
;1;2;60;4;5;6;971
;1;4007
;1;124;4008
;1;124;4009
;1;11;4010
;1;56;2425
;1;2;3;86;936
;1;111;4011
;1;11;4012
;1;27;1822
;1;11;4013
;1;39;4014
;1;2;4015
;1;124;4016
;1;4017
;1;2;4018
;1;2;3;86;1316
;1;2;4019
;1;73;4020
;1;4021
;1;4022
;1;11;4023
;1;11;4024
;1;2;30;86;32
;1;2;4025
;1;33;246
;1;73;4026
;1;4027
;1;146;4028
;1;4029
;1;2;4030
;1;2;60;86;1411
;1;124;3868
;1;39;4031
;1;129;4032
;1;27;4033
;1;2;14;4034
;1;39;4035
;1;39;136;5;6;372
;1;2;261;4036
;1;4037
;1;11;4038
;1;39;4039
;4040
;1;27;4041
;1;4042
;1;2;4043
;1;2;53;5;6;2342
;1;11;4044
;1;11;4045
;1;129;4046
;1;11;4047
;1;2;225;5;6;818
;1;11;4048
;1;2;4049
;1;73;4050
;1;2;60;3985
;1;4051
;1;73;4052
;1;2;4053
;1;39;4054
;1;39;4055
;1;2;4056
;1;2;3092
;1;4057
;1;11;4058
;1;39;4059
;1;20;4060
;1;2;4061
;1;11;4062
;1;2;4063
;1;43;4064
;1;39;371;5;6;253
;1;2;14;442
;1;39;4065
;1;20;2017
;1;20;4066
;1;2;60;4;5;6;81
;1;27;3984
;1;4067
;1;2;4068
;1;43;4069
;1;2;60;31;3903
;1;2;30;4;5;6;108
;1;27;4070
;1;2;4071
;1;11;4072
;1;2;4073
;1;124;614
;1;129;4074
;4075
;1;20;2027
;1;11;4076
;1;124;2879
;1;129;4077
;1;4078
;1;20;4079
;1;2;30;4;5;6;782
;1;39;3618
;1;4080
;1;2;60;86;182
;1;4081
;1;39;4082
;1;4083
;1;11;4084
;1;2;14;4085
;1;39;4086
;1;4087
;1;124;4088
;1;43;4089
;1;20;4090
;1;2;3;86;3903
;1;2;4091
;1;73;4092
;1;27;4093
;1;39;4094
;1;11;4095
;1;2;14;415
;1;2;4096
;1;39;4097
;1;4098
;1;4099
;1;39;136;5;6;789
;1;4100
;1;20;480
;1;39;4101
;1;2;14;4102
;1;4103
;1;2;60;1108
;1;2;2623
;1;4104
;1;27;3944
;1;2;4105
;1;2;60;67;5;6;1937
;1;2;14;4106
;1;20;4107
;1;2;60;788
;1;39;4108
;1;4109
;1;124;524
;1;4110
;1;20;1268
;1;11;4111
;1;129;4112
;1;2;4113
;1;2;4114
;1;39;4115
;1;2;14;4116
;1;4117
;1;2;30;4118
;1;73;4119
;1;2;30;2751
;1;39;371;5;6;2122
;1;2;4120
;1;2;8;5;6;2122
;1;39;4121
;1;2;14;4122
;1;2;14;4123
;1;2;60;4124
;1;2;4125
;1;11;4126
;1;11;4127
;1;73;4128
;1;27;2936
;1;39;4129
;1;27;4130
;1;4131
;1;124;4132
;1;4133
;1;124;443
;1;2;30;31;1778
;1;56;4134
;1;11;4135
;1;39;136;5;6;2122
;1;2;30;2684
;1;27;2178
;1;2;4136
;1;2;4137
;1;39;4138
;1;11;4139
;1;2;4140
;1;27;4141
;1;4142
;1;43;4143
;1;39;4144
;1;4145
;1;620;2312
;1;27;2318
;1;4146
;1;64;4147
;1;2;60;31;4148
;1;2;4149
;1;2;3;86;2748
;1;4150
;1;4151
;1;39;4152
;1;4153
;1;27;4154
;1;27;4079
;4155
;1;2;14;4156
;1;2;4157
;1;124;3699
;1;2;389;5;6;123
;1;4158
;1;39;4159
;1;11;4160
;1;2;4161
;1;2;3747
;1;4162
;1;2;60;276
;1;2;4163
;1;2;4164
;1;4165
;1;2;3331
;1;27;755
;1;11;4166
;1;2;225;5;6;2342
;1;2;4167
;1;2;30;885
;1;2;4168
;1;4169
;1;11;4170
;1;4171
;1;2;14;4172
;1;4173
;1;20;1850
;1;2;4174
;1;124;1020
;1;2;4175
;1;39;4176
;1;124;3924
;1;39;4177
;1;4178
;1;4179
;1;4180
;1;11;4181
;1;4182
;1;2;4183
;1;4184
;1;2;60;431
;1;111;4185
;1;11;4186
;1;20;4187
;1;4188
;1;78;79;4189
;1;124;2776
;1;20;4190
;1;4191
;1;11;4192
;1;39;4193
;1;27;1442
;1;2;30;548
;1;78;3231;951
;1;11;4194
;1;4195
;1;111;1075
;1;11;4196
;1;27;4197
;1;4198
;1;11;4199
;1;4200
;1;33;4201
;1;27;4202
;1;2;30;4;5;6;810
;1;27;2453
;1;4203
;1;124;1627
;1;20;4204
;1;39;371;5;6;782
;1;129;65
;1;20;4205
;1;124;4206
;1;39;136;5;6;54
;1;39;4207
;1;11;4208
;1;43;3584
;1;4209
;1;2;4210
;1;4211
;1;2;261;4212
;1;2;60;31;197
;1;73;4213
;1;4214
;1;20;2313
;1;2;14;4215
;1;4216
;1;4217
;1;2;364;5;6;2342
;1;20;316
;1;2;14;1091
;1;43;4218
;1;4219
;1;20;1143
;1;2;225;5;6;789
;1;2;4220
;1;11;4221
;1;11;4222
;1;2;4223
;1;111;2106
;1;4224
;1;11;4225
;1;39;4226
;1;2;14;3120
;1;27;1096
;1;43;4227
;1;2;4228
;1;4229
;1;4230
;1;11;4231
;1;4232
;1;2;30;86;3411
;1;4233
;1;2;3;31;1931
;1;2;3;86;1716
;1;11;4234
;1;20;1180
;1;39;136;5;6;1458
;1;129;4235
;1;39;4236
;1;11;4237
;1;11;4238
;1;11;4239
;1;27;4240
;1;2;4241
;1;43;4242
;1;20;3048
;1;11;4243
;1;20;4244
;1;1994;4245;1996;6;26
;1;4246
;1;2;225;5;6;2122
;1;2;4247
;1;124;2498
;1;4248
;1;27;201
;1;39;4249
;1;4250
;1;4251
;1;2;60;31;1166
;1;20;1974
;1;2;30;4;5;6;288
;1;11;4252
;4253
;1;2;3;31;1818
;1;11;4254
;1;4255
;1;43;4256
;1;2;364;5;6;466
;4257
;1;4258
;1;27;2001
;1;20;4259
;1;2;60;67;5;6;1090
;1;124;4260
;1;43;2178
;1;20;914
;1;4261
;1;2;4262
;1;129;4263
;1;20;2035
;1;4264
;1;2;4265
;1;2;14;4266
;1;2;60;4;5;6;1468
;1;2;4267
;1;2;4268
;1;20;978
;1;2;30;4269
;1;43;4270
;1;43;4271
;1;4272
;1;111;4273
;1;64;320
;1;2;4274
;1;2;14;65
;1;4275
;1;56;900
;1;2;53;5;6;427
;1;39;4276
;1;11;4277
;1;2;3;3236
;1;146;4278
;1;2;4279
;1;11;4280
;1;11;4281
;1;73;4282
;1;124;993
;1;2;1375
;1;56;69;6;70;330;2514
;1;27;3304
;1;2;30;1006
;1;2;60;1548
;1;27;471
;1;2;30;479
;1;4283
;1;2;4284
;1;2;225;5;6;390
;1;56;4285
;1;27;3750
;1;33;596;775
;1;11;4286
;1;64;4287
;1;2;30;86;2848
;1;39;4288
;1;2;3;67;5;6;1069
;1;73;4289
;1;11;4290
;1;20;3457
;1;73;4291
;1;2;14;4292
;1;11;4293
;1;2;3;86;2213
;1;4294
;1;4295
;1;20;1304
;1;4296
;1;4297
;1;2;30;31;87
;1;20;4298
;1;2;3;31;2848
;1;56;69;6;70;4299
;1;2;4300
;1;11;4301
;1;27;2466
;1;2;261;4302
;1;2;3;67;5;6;288
;1;27;2045
;1;4303
;1;2;14;4304
;1;43;4305
;1;20;2418
;1;4306
;1;2;4307
;1;43;4308
;1;2;4309
;1;124;4066
;1;4310
;1;43;4311
;1;2;30;67;5;6;782
;1;4312
;1;2;4313
;1;2;4314
;1;2;3;31;349
;1;4315
;1;124;4316
;1;2;4317
;1;4318
;1;4319
;1;111;4320
;1;4321
;1;4322
;1;2;4323
;1;2;14;4324
;1;27;3292
;1;27;2905
;1;2;4325
;1;11;4326
;1;4327
;1;27;4328
;1;2;14;4132
;1;11;4329
;1;2;30;2575
;1;73;4330
;1;2;261;4331
;1;11;4332
;1;2;14;4333
;1;20;3124
;1;2;8;5;6;789
;1;4334
;1;129;4335
;1;4336
;1;39;4337
;1;11;4338
;1;2;14;4339
;1;2;3;4;5;6;703
;1;124;4340
;1;11;4341
;1;39;4342
;1;2;4343
;1;2;261;4344
;1;2;261;4345
;1;27;3986
;1;4346
;1;2;3;86;507
;1;892;2178
;1;11;4347
;1;4348
;1;11;4349
;1;4350
;1;4351
;1;2;225;5;6;253
;1;2;3;4;5;6;542
;1;2;4352
;1;39;4353
;1;2;3044
;1;11;4354
;1;27;2615
;1;124;3512
;1;4355
;1;39;1347
;1;124;4147
;1;39;4356
;1;27;4357
;1;78;79;1285
;1;2;4358
;1;2;4359
;1;4360
;1;4361
;1;20;3379
;1;56;4362
;1;27;2499
;1;73;4363
;1;39;4364
;1;33;4365
;1;4366
;1;2;30;4;5;6;1499
;1;43;4367
;1;2;30;67;5;6;610
;1;11;4368
;1;43;4369
;1;11;4370
;1;27;1183
;1;129;4371
;1;146;4372
;1;20;3171
;1;2;4373
;1;4374
;1;11;4375
;1;11;4376
;1;39;371;5;6;123
;1;11;4377
;1;2;14;584
;1;2;30;86;2674
;1;4378
;1;39;4379
;1;2;30;3256
;1;124;4244
;1;2;4380
;1;2;3;788
;1;2;4381
;1;892;739
;1;11;4382
;1;43;4383
;1;4384
;1;11;4385
;1;11;4386
;1;2;14;4387
;1;111;3061
;1;39;136;5;6;541
;1;11;4388
;1;2;30;67;5;6;1090
;1;20;4389
;1;27;614
;1;2;4390
;1;1686
;1;39;4391
;1;56;1275
;1;2;4392
;1;11;4393
;1;2;3;86;2362
;1;11;4394
;1;2;60;67;5;6;1355
;1;4395
;1;2;53;5;6;2122
;1;43;4396
;1;124;4397
;1;111;4398
;1;4399
;1;11;4400
;1;39;4401
;1;146;4402
;1;2;53;5;6;2341
;1;2;4403
;1;39;371;5;6;54
;1;11;4404
;1;56;3587
;1;39;1259
;1;27;2027
;1;2;4405
;1;2;4406
;1;2;4407
;1;129;2106
;1;39;4313
;1;78;1516
;1;33;4408
;1;11;4409
;1;124;48
;1;4410
;1;39;4411
;1;17;2226
;1;20;2203
;1;4412
;1;124;131
;1;124;4357
;1;43;4413
;1;111;4414
;1;4415
;1;111;1947
;1;11;4416
;1;73;4417
;1;39;3268
;1;39;4418
;1;2;4419
;1;111;4420
;1;4421
;1;2;60;4;5;6;1355
;1;129;4422
;1;39;4423
;1;27;3930
;1;2;60;67;5;6;1288
;1;2;3;1645
;1;73;4424
;1;2;4425
;1;124;2867
;1;20;3243
;1;39;1065
;1;2;3;67;5;6;2175
;1;43;4426
;1;2;235;5;6;1458
;1;39;4427
;1;11;4428
;1;56;4429
;1;11;4430
;1;39;3503
;1;20;1806
;1;2;4431
;1;11;4432
;1;39;4433
;1;2;60;86;2968
;1;4434
;1;2;4435
;1;2;3;67;5;6;649
;1;73;4436
;1;73;4437
;1;4438
;1;2;60;1790
;1;2;14;4439
;1;33;4440
;1;39;4441
;1;11;4442
;1;11;4443
;1;2;14;4444
;1;39;4445
;1;2;4446
;1;4447
;1;111;4448
;1;20;544
;1;2;60;86;804
;1;17;2261
;1;2;3;2684
;1;20;4449
;1;11;4450
;1;78;79;87
;1;129;4451
;1;124;3465
;1;2;4082
;1;56;69;6;70;4452
;1;2;30;1104
;1;124;4205
;1;2;60;86;173
;1;56;4453
;1;11;4454
;1;2;4455
;1;39;4456
;1;56;4457
;1;2;4458
;1;20;170
;1;11;4459
;1;4460
;1;33;4461
;1;124;4462
;1;124;1208
;1;39;4463
;1;39;4464
;1;4465
;1;2;3;4466
;1;2;3049
;1;11;4467
;1;2;1050
;1;2;3;1006
;1;2;3;4;5;6;274
;1;124;193
;1;774;796
;1;11;4468
;1;11;4469
;1;2;4470
;1;2;14;4471
;1;11;4472
;1;39;1773
;1;73;4473
;1;2;4474
;1;39;4475
;1;124;4476
;1;2;3;4477
;1;2;4478
;1;4479
;1;11;4480
;1;73;4481
;1;39;4482
;1;11;4483
;1;56;4484
;1;73;4485
;1;2;14;4486
;1;2;235;5;6;2342
;1;4487
;1;73;4488
;4489
;1;11;4490
;1;2;122;5;6;1097
;1;17;4491
;1;2;389;5;6;2341
;1;2;4492
;1;2;3;4;5;6;68
;1;78;79;32
;1;39;4493
;1;56;4494
;1;2;53;5;6;253
;1;39;136;5;6;855
;1;4495
;1;20;4240
;1;4496
;1;2;4497
;1;2;4498
;1;129;4499
;1;129;4500
;1;2;4501
;1;73;4502
;1;4503
;1;2;4504
;1;2;30;67;5;6;1288
;1;2;4505
;1;73;4506
;1;27;346
;1;2;3;4;5;6;1472
;1;27;894
;1;929;1198;25;6;26
;1;2;60;4507
;1;4508
;1;39;4509
;1;4510
;1;11;4511
;1;2;4512
;1;2;4513
;1;2;8;5;6;1066
;1;2;60;67;5;6;1637
;1;4514
;1;64;4515
;1;2;261;4516
;1;4517
;1;4518
;1;2;4519
;1;124;1734
;1;2;60;665
;1;73;4520
;1;2;30;31;797
;1;2;3;4;5;6;592
;1;39;4521
;1;11;4522
;1;11;4523
;1;2;4524
;1;2;364;5;6;628
;1;43;4525
;1;56;69;6;70;330;72
;1;11;4526
;1;124;496
;1;2;60;4118
;1;774;597
;1;39;4527
;1;11;4528
;4529
;1;229;1751
;1;20;1775
;1;2;14;4530
;1;168;4531
;1;4532
;1;11;4533
;1;27;1903
;1;111;4534
;1;2;14;4535
;1;20;4536
;1;78;342
;1;2;4537
;1;11;4538
;1;11;4539
;1;39;4540
;1;2;4541
;1;2;4542
;1;2;4463
;1;20;4543
;1;2;156;5;6;556
;1;2;14;1265
;1;2;122;5;6;236
;1;168;4544
;1;4545
;1;20;4546
;1;2;3;86;758
;1;111;4547
;1;2331
;1;4548
;1;4549
;1;43;4550
;1;11;4551
;1;4552
;1;4553
;1;4554
;1;4555
;1;27;1574
;1;11;4556
;1;2;4557
;1;111;4558
;1;73;1030
;1;43;4559
;1;39;4560
;1;4561
;1;11;4562
;1;4563
;1;4564
;1;2;156;5;6;855
;1;56;4565
;1;73;4566
;1;2;235;5;6;1097
;1;39;4567
;1;2;60;67;5;6;1061
;1;2;3;86;1778
;1;73;4568
;1;168;4569
;1;4570
;1;11;4571
;1;11;4572
;1;2;14;4573
;1;2;60;2757
;1;78;4574
;1;2;14;1122
;1;11;4575
;1;892;1052
;1;11;4576
;1;620;4577
;1;124;1474
;1;4578
;1;73;1745
;1;20;2152
;1;2;4579
;1;11;4580
;1;2;156;5;6;2122
;1;11;4581
;1;2;4582
;1;2;4583
;1;2;60;4;5;6;226
;1;2;345
;1;4584
;1;11;4585
;1;56;4586
;1;73;4587
;1;73;4588
;1;2;14;4589
;1;2;4590
;1;2;60;31;804
;1;4591
;1;129;4592
;1;4593
;1;11;4594
;1;124;1842
;1;11;4595
;1;56;4596
;1;11;4597
;1;11;4598
;1;111;4599
;1;4600
;1;39;2904
;1;43;4601
;1;39;4167
;1;124;890
;1;56;69;6;70;4602
;1;2;3;498
;1;64;1122
;1;73;4603
;1;4604
;1;2;30;67;5;6;1937
;1;11;4605
;1;2;4606
;1;4607
;1;39;4608
;1;39;4609
;1;2;60;4610
;1;39;4611
;1;4612
;1;124;3371
;1;11;4613
;1;27;4614
;1;4615
;1;2;14;4616
;1;11;4617
;1;73;4618
;1;2;261;776
;1;39;4619
;1;11;4620
;1;129;4621
;1;2;4622
;1;17;4623
;1;39;4624
;1;4625
;1;124;4626
;1;2;4627
;1;20;4628
;1;2;60;4;5;6;68
;1;11;4629
;1;124;343
;1;39;4630
;1;2;14;2057
;1;43;4631
;1;4632
;1;2;4633
;1;43;4634
;1;2;14;4635
;1;111;4636
;1;2;60;4269
;1;2;4637
;1;4638
;1;27;2301
;1;11;4639
;1;11;4640
;1;27;1557
;1;11;4641
;1;27;4642
;1;2;14;4643
;1;2;60;86;1604
;1;2;4644
;1;4645
;1;4646
;1;2;4647
;1;4648
;1;2;30;4649
;1;27;1208
;1;2;4650
;1;2;30;67;5;6;108
;1;11;4651
;1;39;4652
;1;2;4653
;1;39;4654
;1;2;60;67;5;6;2140
;1;39;4655
;1;43;4656
;1;2;4657
;1;129;4658
;1;11;4659
;1;2;4660
;1;73;4661
;1;11;4662
;1;4663
;1;2;60;4;5;6;483
;1;2;60;67;5;6;703
;1;4664
;1;20;1586
;1;2;3;31;492
;1;39;4665
;1;4666
;1;620;4667
;1;2;4668
;1;4669
;1;124;4670
;1;2;14;3944
;1;2;4671
;1;2;60;4;5;6;102
;1;73;4672
;1;2;4673
;1;11;4674
;1;124;1249
;1;2;14;4675
;1;27;2481
;1;2;4676
;1;4677
;1;11;4678
;1;20;2499
;1;73;4679
;1;43;4680
;1;4681
;1;73;4682
;1;124;4683
;1;39;3838
;4684
;1;4685
;1;2;4686
;1;111;4287
;1;11;4687
;1;4688
;1;2;14;4689
;1;2;60;2927
;1;2;4690
;1;4691
;1;4692
;1;2;4693
;1;20;1849
;1;2;261;4694
;1;11;4695
;1;11;4696
;1;2;2926
;1;2;364;5;6;157
;1;4697
;1;20;2332
;1;4698
;1;2;14;4699
;1;39;4700
;1;4701
;1;2;1340
;1;2;60;67;5;6;1046
;1;2;4702
;1;2;60;31;797
;1;39;4703
;1;2;4704
;1;2;60;86;527
;1;2;122;5;6;453
;1;73;4705
;1;2;4706
;1;20;3704
;1;4707
;1;4708
;1;27;4709
;1;2;30;86;349
;1;4710
;1;124;4711
;1;2;14;4712
;1;1540
;1;73;4713
;1;2;4714
;1;39;4715
;1;11;4716
;1;56;4717
;4718
;1;2;14;4719
;1;2;122;5;6;782
;1;11;4720
;1;27;4721
;1;2;4722
;1;11;4723
;1;2;30;4477
;1;73;4724
;1;56;1075
;1;39;4725
;1;4726
;1;2;4727
;1;2;2009
;1;20;3120
;1;2;60;634;635;6;1508
;1;27;2930
;1;56;4728
;1;39;4729
;1;2;4730
;1;2;4731
;1;2;30;1623
;1;2;4732
;1;2;30;31;1155
;1;11;4733
;1;11;4734
;1;43;4735
;1;11;4736
;1;33;4737
;1;4738
;1;4739
;1;11;4740
;1;4741
;1;56;69;6;70;4742;26
;1;124;2494
;1;4743
;1;4744
;1;11;4745
;1;11;4746
;1;2;4747
;1;39;4748
;1;2;60;4749
;1;78;3231;796
;1;27;2278
;1;39;4750
;1;2;14;4751
;1;73;4752
;1;2;3;4269
;1;2;14;4753
;1;43;1712
;1;2;4754
;1;2;60;4;5;6;1240
;1;4755
;1;43;4756
;1;43;4757
;1;2;60;67;5;6;360
;1;39;4758
;1;2;8;5;6;157
;1;2;364;5;6;253
;4759
;1;4760
;1;2;235;5;6;372
;1;27;4761
;1;2;3;31;4762
;1;73;4763
;1;2;122;5;6;538
;1;2;4764
;1;2;4765
;1;124;1395
;1;2;4766
;1;2;4767
;1;146;4768
;1;4769
;1;4770
;1;2;235;5;6;2341
;1;27;4771
;1;20;1654
;1;11;4772
;1;2;364;5;6;123
;1;73;4773
;1;2;225;5;6;9
;1;11;4774
;1;4775
;1;11;4776
;1;11;4777
;1;20;4778
;1;43;4779
;1;27;3500
;4780
;1;33;4781
;1;111;4782
;1;2;4783
;1;73;4784
;1;129;4785
;1;2;4786
;1;4787
;1;73;4788
;1;2;4789
;1;168;4790
;1;20;1037
;1;73;4791
;1;27;3875
;1;2;4792
;1;2;4793
;1;11;4794
;1;4795
;1;11;4796
;1;4797
;1;2;261;4558
;1;27;4798
;1;27;3379
;1;2;3;86;697
;1;4799;1843;25;6;26
;1;2;4800
;1;2;14;4801
;1;4802
;1;4803
;1;11;4804
;1;11;4805
;1;27;4806
;1;2;156;5;6;538
;1;11;4807
;1;11;4808
;1;39;4809
;1;11;4810
;1;2;3;86;469
;1;4811
;1;2;4812
;1;11;4813
;1;11;4814
;1;43;4815
;1;2;14;4816
;1;11;4817
;1;20;3485
;1;11;4818
;1;4819
;1;2;30;31;1604
;1;2;4820
;1;4821
;1;4822
;1;2;4823
;1;2;4824
;1;4825
;1;39;4826
;1;620;4827
;1;4828
;1;124;4190
;1;73;4829
;1;2;225;5;6;628
;1;11;4830
;1;279;4831
;1;2;30;86;492
;1;11;4832
;1;2;30;67;5;6;102
;1;73;1474
;1;146;4833
;1;124;1813
;1;2;60;535
;1;2;14;4834
;1;73;4835
;1;4836
;1;4837
;1;2;14;4838
;1;124;1714
;1;2354
;1;2;225;5;6;372
;1;43;1317
;1;39;4839
;1;4840
;1;1038
;1;11;4841
;1;39;371;5;6;855
;1;17;775
;1;2;3;31;780
;1;4842
;1;27;324
;1;2;30;4;5;6;2175
;1;929;1843;25;6;26
;1;2;467
;1;4843
;1;20;4844
;1;2;14;1815
;1;2;4845
;1;2;4846
;1;43;4847
;1;2;3;2751
;1;2;3144
;1;73;4848
;1;39;4849
;1;2;389;5;6;2122
;1;4850
;1;2;3;4749
;1;2;60;3769
;1;11;4851
;1;124;684
;1;39;4852
;1;2;156;5;6;226
;1;27;4853
;1;39;371;5;6;145
;1;2;3;86;2674
;1;11;4854
;1;2;4855
;1;2;364;5;6;236
;1;73;4856
;1;2;8;5;6;855
;1;2;4857
;1;39;3015
;1;4858
;1;2;3;2927
;1;11;4859
;1;73;4860
;1;2;3;31;3411
;1;279;4861
;1;27;1826
;1;2;4862
;1;2;30;86;527
;1;27;4863
;1;2;4864
;1;39;4865
;1;4866
;1;4799;1198;25;6;26
;1;124;4867
;1;2;30;86;2213
;1;27;4060
;1;11;4868
;1;11;4869
;1;64;4870
;1;2;235;5;6;157
;1;2;30;4;5;6;360
;1;11;4871
;1;43;4872
;1;124;4873
;1;11;4874
;1;43;4875
;1;11;4876
;1;56;776
;1;2;14;4877
;1;2;261;4878
;1;2;30;2874
;1;2;30;4;5;6;7
;1;33;4879
;1;39;4880
;1;11;4881
;1;73;4882
;1;11;4883
;1;2;4884
;1;2;4885
;1;4886
;1;27;4887
;1;2;14;4888
;1;11;4889
;1;2;4890
;1;2;4891
;1;2;4892
;1;2;4893
;1;73;4894
;1;39;136;5;6;639
;1;11;4895
;1;39;4896
;1;620;2598
;1;111;4897
;1;4898
;1;2;261;4899
;1;43;4900
;1;2;30;4;5;6;137
;1;111;4901
;1;20;4902
;1;836;1712
;4903
;1;11;4904
;1;27;1849
;1;129;4905
;1;2;60;67;5;6;1286
;1;56;4906
;1;56;4907
;1;27;4908
;1;4909
;1;27;2017
;1;20;2466
;1;2;14;4910
;1;56;69;6;70;4911
;1;4912
;1;73;4913
;1;39;4914
;1;2;389;5;6;1458
;1;11;4915
;1;11;4916
;1;2;4917
;1;4918
;1;2;3;86;1590
;1;2;1559
;1;2;3;2874
;1;4919
;4920
;1;2;4921
;1;2;389;5;6;427
;1;4922
;1;2;30;31;3928
;1;2;60;4;5;6;2948
;1;39;915
;1;2;30;3985
;1;2;60;4466
;1;11;4923
;1;2;156;5;6;1879
;1;2;4924
;1;4925
;1;20;519
;1;2;261;4926
;1;20;3924
;1;56;4927
;1;11;4928
;1;2;261;4929
;1;27;155
;1;39;4930
;1;27;3636
;1;2;4931
;1;2;4932
;1;11;4933
;1;39;4934
;1;2;4935
;1;39;4936
;1;2;14;4937
;1;73;4938
;1;73;4939
;1;11;4940
;1;2;4941
;1;2;364;5;6;390
;1;2;3;67;5;6;81
;1;11;4942
;1;73;4943
;1;2;4944
;1;56;69;6;70;1192;2205
;1;111;4945
;1;124;2654
;1;2;4946
;1;4947
;1;2;4948
;1;78;3231;597
;1;2;4949
;1;4950
;4951
;1;2;4952
;1;168;4953
;1;20;3986
;1;2;364;5;6;818
;1;39;4954
;1;11;4955
;1;78;79;4956
;1;27;2207
;1;39;4359
;1;2;4957
;1;2;3;4;5;6;1046
;1;11;4958
;1;39;4959
;1;20;1437
;1;4960
;1;2;14;4961
;1;2;2714
;1;2;60;4477
;1;27;4962
;4963
;1;11;4964
;1;4965
;1;2;30;67;5;6;137
;1;11;4966
;1;4799;24;25;6;26
;1;2;4967
;1;2;4968
;1;168;4969
;1;39;4970
;1;11;4971
;1;2;30;67;5;6;1687
;1;2;60;4;5;6;553
;1;111;4972
;1;2;4973
;1;39;4974
;1;2;4975
;1;4976
;1;2;4977
;1;20;4614
;1;4978
;1;2;3;4;5;6;782
;1;4979
;1;4980
;1;4981
;1;39;4982
;1;4983
;1;2;4984
;1;2;4985
;1;2;4986
;1;11;4987
;1;56;4988
;1;2;53;5;6;329
;1;2;30;86;1048
;1;20;4989
;1;27;4107
;1;11;4990
;1;2;14;4991
;1;4992
;1;2;14;1297
;1;20;2584
;1;73;4993
;1;2;30;4;5;6;2948
;1;111;4994
;1;892;2811
;1;43;4995
;1;11;4996
;1;33;596;230
;1;2;30;86;1166
;1;2;4997
;1;27;1020
;1;2;3;4;5;6;319
;1;11;4998
;1;11;4999
;1;11;5000
;1;11;5001
;1;2;30;31;3411
;1;33;5002
;1;2;5003
;1;2;14;5004
;1;2;3;86;32
;1;56;5005
;1;111;5006
;1;2;5007
;1;39;5008
;1;11;5009
;1;73;5010
;1;20;4357
;1;2;5011
;1;78;3231;263
;1;124;1712
;1;2;389;5;6;541
;1;20;4962
;1;11;5012
;1;146;5013
;1;11;5014
;1;27;2328
;1;39;5015
;1;2;30;31;1298
;1;73;923
;1;73;5016
;1;39;5017
;1;5018
;1;2;53;5;6;365
;1;2;5019
;1;2;5020
;1;2;60;4;5;6;1687
;1;2;60;86;4148
;1;2;1184
;1;124;3264
;1;124;5021
;1;43;5022
;1;111;5023
;1;2;3;31;1584
;1;39;371;5;6;818
;1;2;8;5;6;2341
;1;111;5024
;1;2;156;5;6;236
;1;2;261;5025
;1;20;2278
;1;620;517
;1;124;5026
;1;2;235;5;6;1879
;1;2;14;5027
;1;11;5028
;1;2;14;5029
;1;5030
;1;2;5031
;1;2;14;5032
;1;39;1151
;1;129;5033
;1;2;14;5034
;1;43;5035
;1;146;5036
;1;56;1038
;1;2;5037
;1;39;3459
;1;73;5038
;1;111;5039
;1;39;5040
;1;5041
;1;11;5042
;1;2;14;5043
;1;11;5044
;1;2;5045
;1;73;5046
;1;124;5047
;1;43;5048
;1;2;5049
;1;2;30;31;643
;1;11;5050
;1;5051
;1;2;14;3132
;1;129;5052
;1;2;5053
;1;5054
;1;27;1248
;1;2;5055
;1;73;5056
;1;11;5057
;1;2;5058
;1;2;225;5;6;998
;1;11;5059
;1;279;5060
;1;2;5061
;1;124;828
;1;124;2540
;1;20;4471
;1;2;5062
;1;39;1406
;1;43;739
;1;27;4535
;1;73;5063
;1;20;2879
;1;39;5064
;1;2;235;5;6;427
;1;5065
;1;5066
;1;2;30;2656
;1;39;136;5;6;253
;1;2;30;67;5;6;226
;1;56;2716
;1;2;3;4;5;6;556
;1;11;5067
;1;5068
;1;11;5069
;1;20;623
;1;27;138
;1;20;3770
;1;11;5070
;1;2;14;5071
;1;27;2313
;1;27;2288
;1;39;5072
;1;20;4863
;1;2;122;5;6;2122
;1;2;60;67;5;6;2948
;1;11;5073
;1;124;3829
;1;39;5074
;1;5075
;1;11;5076
;1;2;60;5077
;1;39;5078
;1;5079
;1;11;5080
;1;2;122;5;6;466
;1;11;5081
;1;2;5082
;1;129;5083
;1;2;261;5084
;1;73;5085
;1;5086
;1;73;5087
;1;2;60;3256
;1;43;5088
;1;11;5089
;1;2;14;5090
;1;27;5091
;1;5092
;1;11;5093
;1;124;790
;1;129;5094
;1;5095
;1;20;3292
;1;11;5096
;1;2;5097
;1;2;5098
;1;2;5099
;1;39;5100
;1;39;5101
;1;43;5102
;1;2;5103
;1;11;5104
;1;11;5105
;1;73;5106
;1;20;1201
;1;2;60;31;1590
;1;2;3;67;5;6;1240
;1;2;3;4;5;6;1687
;1;5107
;1;2;5108
;1;2;60;4;5;6;319
;1;2;60;67;5;6;530
;1;2;14;5109
;1;27;4536
;1;27;1806
;1;11;5110
;1;2;5111
;1;27;5112
;1;11;5113
;1;124;3485
;1;11;5114
;1;64;5115
;1;2;30;4;5;6;81
;1;73;5116
;1;27;4546
;1;2;5117
;5118
;1;2;30;1722
;1;2;60;4;5;6;1937
;1;5119
;1;2;5120
;1;5121
;1;5122
;1;43;5123
;1;892;3159
;1;2;5124
;1;168;5125
;1;124;5126
;1;11;5127
;1;5128
;1;56;69;6;70;5129
;1;11;5130
;1;11;5131
;1;5132
;1;5133
;1;11;5134
;1;39;5135
;1;2;5136
;1;2;5137
;1;27;604
;1;124;2503
;1;2;14;5138
;1;2;14;5139
;1;129;5140
;1;11;5141
;1;2;5142
;1;27;5143
;1;2;30;31;1716
;1;2;5144
;1;5145
;1;2;156;5;6;639
;1;124;2203
;1;2;5146
;1;11;5147
;1;2;14;5148
;1;2;60;3030
;1;124;5149
;1;5150
;1;2;3;4;5;6;994
;1;56;5151
;1;56;5152
;1;5153
;1;2;60;188
;1;2;5154
;1;2;5155
;1;11;5156
;1;5157
;1;73;5158
;1;5159
;1;2;5160
;1;2;77
;5161
;1;111;794
;1;73;5162
;1;124;5163
;1;11;5164
;1;11;5165
;1;43;5166
;1;11;5167
;1;5168
;1;20;1086
;1;27;4066
;1;2;14;5169
;1;27;1970
;1;20;5170
;1;2;30;86;787
;1;124;5171
;1;2;3;86;2848
;1;5172
;1;124;5173
;1;2;235;5;6;789
;1;2;60;671
;1;2;235;5;6;627
;1;2;30;67;5;6;1077
;1;5174
;1;124;5175
;1;78;5176
;1;2;30;67;5;6;166
;1;43;5177
;1;124;5178
;1;2;1804
;1;27;1784
;1;73;5179
;1;2;3;67;5;6;553
;1;5180
;1;2;30;2030;635;6;1508
;1;39;3392
;1;2;724
;1;20;1362
;1;2;5181
;1;73;5182
;1;2;30;86;2187
;1;73;5183
;5184
;1;2;5185
;1;168;5186
;1;27;1466
;1;27;3305
;1;2;14;5187
;1;2;2924
;1;27;850
;1;2;5188
;1;20;5189
;1;11;5190
;1;20;4093
;1;27;5191
;1;11;5192
;1;43;5193
;1;11;5194
;1;2;30;86;507
;1;43;5195
;1;124;5196
;1;20;805
;1;5197
;1;11;5198
;1;5199
;1;39;371;5;6;157
;1;2;14;5200
;1;2;5201
;1;2;5202
;1;27;1111
;1;5203
;1;56;5204
;1;11;5205
;1;146;5206
;1;2;3;31;2674
;1;11;5207
;1;11;5208
;1;2;5209
;1;20;2739
;1;2;5210
;1;129;5211
;1;5212
;1;27;2177
;1;5213
;1;27;4190
;1;20;5214
;1;11;5215
;1;2;30;67;5;6;1637
;1;11;5216
;1;2;60;412
;1;39;136;5;6;2342
;1;2;3;67;5;6;1355
;1;2;122;5;6;855
;1;111;900
;1;124;739
;1;11;5217
;1;11;5218
;1;39;5219
;1;2;14;4147
;1;129;5220
;1;20;2905
;1;5221
;1;2;5222
;1;2;5223
;1;2;5224
;1;2;8;5;6;365
;1;11;5225
;1;2;30;4;5;6;267
;1;2;389;5;6;556
;1;39;5226
;1;2;389;5;6;782
;1;5227
;1;2;5228
;1;2;14;5229
;1;2;30;4;5;6;855
;1;5230
;1;39;5231
;1;124;1350
;1;2;235;5;6;297
;1;20;524
;1;2;60;67;5;6;1687
;1;11;5232
;1;27;5233
;1;5234
;1;2;14;5235
;1;2;122;5;6;1458
;1;11;5236
;1;11;5237
;1;39;1952
;1;20;2092
;1;124;4287
;1;2;30;31;1166
;1;39;5238
;1;20;5239
;1;2;3;67;5;6;1286
;1;11;5240
;1;2;60;4;5;6;1077
;1;56;69;6;70;5241
;1;73;5242
;1;73;5243
;1;2;60;67;5;6;68
;1;39;5244
;1;2;14;5245
;1;2;30;67;5;6;267
;1;2;5246
;1;2;8;5;6;1150
;1;2;261;5247
;1;2;3;4649
;1;2;14;2811
;5248
;1;39;3464
;1;73;5249
;1;2;4521
;1;2;1773
;1;2;397
;1;2;3;86;1584
;1;124;401
;1;73;5250
;1;39;5251
;1;56;5252
;1;11;5253
;1;124;5254
;1;39;5255
;1;5256
;1;2;5257
;1;27;996
;1;2;14;42
;1;2;261;262;951
;1;11;5258
;1;5259
;1;2;5260
;1;11;5261
;1;20;5262
;1;2;5263
;1;111;5264
;1;20;1395
;1;5265
;1;5266
;1;20;965
;1;5267
;1;78;3249
;1;2;809
;1;5268
;1;11;5269
;1;2;3;31;643
;1;27;2698
;1;2;5270
;1;27;2063
;1;2;60;67;5;6;971
;1;39;5271
;5272
;1;11;5273
;1;39;371;5;6;680
;1;2;5274
;1;39;1325
;1;2;5275
;1;11;5276
;1;39;371;5;6;453
;1;2;30;2030;635;6;777
;1;2;5277
;1;2;14;5278
;1;73;5279
;1;11;5280
;1;5281
;1;11;5282
;1;39;5283
;1;129;5284
;1;56;5285
;1;5286
;1;2;3;31;1285
;1;73;5287
;1;27;3040
;1;56;69;6;70;5288
;1;5289
;1;2;60;1178
;1;5290
;1;2;5291
;1;111;5292
;1;2;14;5293
;1;2;60;86;205
;1;11;5294
;1;2;14;5295
;1;5296
;1;2;30;1108
;1;5297
;1;39;5298
;1;5299
;1;27;1688
;1;2;5300
;1;2;364;5;6;1150
;1;2;30;4749
;1;11;5301
;1;39;5302
;1;39;5303
;1;27;5304
;1;27;798
;1;2;5305
;1;5306
;1;2;5307
;1;11;5308
;1;11;5309
;1;2;14;5310
;1;39;5311
;1;111;1540
;1;2;30;67;5;6;1239
;1;2;60;31;2674
;1;129;5312
;1;73;5313
;1;11;5314
;1;2;2515
;1;5315
;1;5316
;1;39;2694
;5317
;1;11;5318
;1;11;5319
;1;11;5320
;1;39;136;5;6;2341
;1;2;5321
;1;39;4373
;1;2;60;31;1298
;1;5322
;1;2;122;5;6;427
;1;2;5323
;1;2;30;86;1467
;1;2;14;5324
;1;39;5325
;1;20;5326
;1;39;1973
;1;43;5327
;1;5328
;1;5329
;1;111;5330
;1;2;389;5;6;466
;1;2;5331
;1;2;30;2549
;1;39;5332
;1;39;5333
;1;11;5334
;1;33;1947
;1;2;5335
;1;2;3;67;5;6;1468
;1;5336
;1;2;60;3996
;1;2;8;5;6;538
;1;11;5337
;1;11;5338
;1;27;2330
;1;2;60;4;5;6;274
;1;56;5339
;1;20;2080
;1;2;5340
;1;2;60;31;1818
;1;5341
;1;73;5342
;1;11;5343
;1;2;30;31;2848
;1;20;5344
;1;20;5345
;1;11;5346
;1;11;5347
;1;27;4244
;1;2;5348
;1;2;8;5;6;466
;1;20;3574
;1;2;53;5;6;145
;1;124;2218
;1;129;5349
;1;5350
;1;11;5351
;1;2;235;5;6;54
;1;11;5352
;1;39;5353
;1;2;122;5;6;1267
;1;2;364;5;6;1458
;1;2;122;5;6;998
;1;2;3;31;1604
;1;27;833
;1;2;5354
;1;2;60;31;382
;1;2;5355
;1;33;5356
;1;11;5357
;1;43;5358
;1;27;5359
;1;20;4709
;1;11;5360
;1;27;3465
;1;2;14;5361
;1;2;60;4649
;1;5362
;1;11;5363
;1;5364
;1;2;5365
;1;11;5366
;1;27;3512
;1;5367
;1;5368
;1;11;5369
;1;11;5370
;1;5371
;1;2;5372
;1;11;5373
;1;2;30;31;1048
;1;2;14;1362
;1;20;5374
;1;2;5375
;1;5376
;1;73;5377
;1;2;5378
;1;27;739
;1;5379
;1;73;5380
;1;2;3;186
;1;2;30;67;5;6;855
;1;5381
;1;2;261;5382
;1;73;5383
;1;27;1457
;1;2;14;5384
;1;2;5385
;1;5386
;1;56;69;6;70;330;1193
;1;2;14;5387
;1;2;5388
;1;11;5389
;1;56;5390
;1;11;5391
;1;11;5392
;1;5393
;1;5394
;1;20;5395
;1;73;5396
;1;2;3;2322
;1;2;261;5397
;1;2;5398
;1;5399
;1;2;5400
;1;5401
;1;2;14;5402
;1;5403
;1;5404
;1;111;5405
;1;5406
;1;73;5407
;1;146;5408
;1;39;5409
;1;56;5410
;1;27;3603
;1;11;5411
;1;2;5412
;1;146;5413
;1;2;3;86;1931
;1;56;5414
;1;5415
;1;2;2587
;1;39;136;5;6;556
;1;2;14;5126
;1;20;5416
;1;2;14;5417
;1;124;2178
;1;2;14;172
;1;73;5418
;1;27;4471
;1;11;5419
;1;5420
;1;2;5421
;1;5422
;1;2;3;31;394
;1;4799;930;25;6;26
;1;2;30;67;5;6;1069
;1;124;1371
;1;2;5423
;1;2;3;86;1513
;1;33;3061
;1;5424
;1;11;5425
;1;5426
;1;111;5427
;5428
;1;56;69;6;70;5429
;1;2;364;5;6;1879
;1;33;5430
;1;27;811
;1;129;5431
;1;11;5432
;1;56;5433
;1;2;3;31;3928
;1;17;1421
;1;2;60;4;5;6;1046
;1;5434
;1;2;30;4466
;1;43;5435
;1;124;1111
;1;5436
;1;2;5437
;1;5438
;1;5439
;1;11;5440
;1;2;122;5;6;9
;1;27;2418
;1;27;5441
;1;5442
;1;2;14;5443
;1;11;5444
;1;2;122;5;6;395
;1;2;14;5445
;1;620;1334
;1;73;5446
;1;39;5447
;1;146;5448
;1;27;5449
;1;11;5450
;1;5451
;1;168;5452
;1;2;3;2549
;1;56;1330
;1;2;5453
;5454
;1;146;5455
;1;124;5456
;1;2;225;5;6;395
;1;20;196
;1;2;60;4;5;6;7
;1;2;3572
;1;2;261;5457
;1;124;4536
;1;2;5458
;1;2;3;257
;1;5459
;1;2;5460
;1;2;53;5;6;1879
;1;11;5461
;1;2;364;5;6;998
;1;2;60;4;5;6;1621
;1;2;5462
;1;11;5463
;1;2;5464
;1;5465
;1;11;5466
;1;27;401
;1;39;5467
;1;124;899
;1;73;5468
;1;2;5469
;5470
;1;2;30;67;5;6;1468
;1;11;5471
;1;5472
;1;73;5473
;1;2;60;86;1166
;1;5474
;1;2;5475
;1;73;65
;1;124;5476
;1;39;5477
;1;11;5478
;1;2;14;4009
;1;5479
;1;11;5480
;1;2;3;86;3949
;1;39;5481
;1;2;3;67;5;6;2948
;1;43;5482
;1;146;5483
;1;39;5484
;1;11;5485
;1;2;5486
;1;73;5487
;1;39;5488
;1;56;5489
;1;11;5490
;1;39;2354
;1;20;5491
;1;27;5492
;1;2;30;86;423
;1;2;30;31;512
;1;2;60;31;1357
;1;73;5493
;1;56;5197
;1;64;5494
;1;2;5495
;1;64;1533
;1;2;225;5;6;556
;1;2;60;4;5;6;542
;1;2;122;5;6;372
;1;2;5496
;1;20;927
;1;27;3868
;1;2;5497
;1;27;890
;1;20;1822
;1;2;60;4;5;6;782
;1;27;2248
;1;2;261;5498
;1;39;5499
;1;73;5500
;1;11;5501
;1;2;14;1126
;1;43;5502
;1;56;5503
;1;43;5504
;1;5505
;1;2;5506
;1;11;5507
;1;2;3;4;5;6;1069
;1;2;3;2030;635;6;1508
;1;27;2270
;1;39;5508
;1;11;5509
;1;2;3;86;492
;1;5510
;1;11;5511
;1;5512
;1;73;5513
;1;2;14;5514
;1;20;5233
;1;39;136;5;6;145
;1;27;5491
;1;2;5515
;1;20;5516
;1;20;5517
;1;129;5518
;1;2;5519
;1;11;5520
;1;2;60;31;643
;1;73;5521
;1;20;3995
;1;27;2776
;1;2;364;5;6;54
;1;5522
;1;124;5233
;1;5523
;1;33;596;1040
;1;39;5524
;1;124;5189
;1;2;14;5525
;1;124;882
;1;11;5526
;1;39;5527
;1;43;5528
;1;56;5529
;1;146;5530
;1;2;5531
;1;2;30;2355
;1;2;60;67;5;6;2175
;1;2;5532
;1;5533
;1;43;5534
;1;27;4543
;1;11;5535
;1;11;5536
;1;129;5537
;1;11;5538
;1;11;5539
;1;39;5540
;1;2;156;5;6;1066
;1;2;5541
;1;5542
;1;2;5543
;1;73;2244
;1;56;5544
;1;2;364;5;6;538
;1;11;5545
;1;129;5546
;1;11;5547
;1;73;5548
;1;124;2029
;1;27;5549
;1;5550
;1;2;14;5551
;1;111;5552
;1;11;5553
;1;2;5554
;1;27;5555
;1;129;5556
;1;2;3;3581
;1;5557
;1;20;5558
;1;2244
;1;11;5559
;1;2;5560
;1;11;5561
;1;39;371;5;6;541
;1;5562
;1;124;840
;1;56;5563
;1;39;5564
;1;43;5565
;1;5566
;1;2;5567
;1;17;597
;1;2;5568
;1;129;5569
;1;20;4070
;1;43;5570
;1;27;3632
;1;39;371;5;6;1267
;1;2;14;5571
;1;5572
;1;39;5573
;1;2;5574
;1;2;5575
;1;2;60;5576
;1;2;261;1030
;1;20;2001
;1;2;5577
;1;2;3;660
;1;2;60;4;5;6;99
;1;2;14;5578
;1;5579
;1;5580
;1;1308
;1;2;14;3005
;1;2;2443
;1;11;5581
;1;2;389;5;6;680
;1;20;328
;1;2;5582
;1;43;5583
;1;5584
;1;2;5585
;1;73;5586
;1;129;5587
;1;27;2311
;1;2;1210
;1;11;5588
;1;43;5589
;1;20;1894
;1;5590
;1;2;14;5591
;1;39;426
;1;2;5592
;1;39;5593
;1;2;5594
;1;2;30;3431
;1;11;5595
;1;2;3;4;5;6;1468
;1;2;5596
;1;11;5597
;1;20;4798
;1;2;14;5598
;1;39;1651
;1;27;919
;1;2;5599
;1;27;772
;1;2;8;5;6;145
;1;2;14;5600
;1;11;5601
;1;2;30;3581
;1;20;4908
;1;2;30;67;5;6;288
;1;124;965
;1;2;3;67;5;6;483
;1;11;5602
;1;39;5603
;1;2;5604
;1;11;5605
;1;73;5606
;1;2;5607
;1;2;30;67;5;6;297
;1;39;5608
;1;2;5609
;1;27;2840
;1;2;14;5610
;1;39;5611
;1;20;4197
;1;2;14;1704
;1;2;5612
;1;2;5613
;1;5614
;1;2;5615
;1;11;5616
;1;2;5617
;1;27;5618
;1;56;5619
;1;2;389;5;6;627
;1;124;2103
;1;11;5620
;1;2;3;3996
;1;39;5621
;1;2;5622
;1;2;3590
;1;2;2253
;1;2;60;86;1584
;1;2;5623
;1;2;5624
;1;2;14;521
;1;5625
;1;124;4543
;1;11;5626
;1;2;4839
;1;11;5627
;1;39;3808
;1;39;5628
;1;620;2458
;1;2;30;4124
;1;11;5629
;1;2;5630
;1;39;5631
;1;2;30;348
;1;168;5632
;1;11;5633
;5634
;5635
;5636
;5637
;5638
;5639
;5640
;5641
;5642
;5643
;5644
;5645
;5646
;5647
;5648
;5649
;5650
;5651
;5652
;5653
;5654
;5655
;5656
;5657
;5658
;5659
;5660
;5661
;5662
;5663
;5664
;5665
;5666
;5667
;5668
;5669
;5670
;5671
;5672
;5673
;5674
;5675
;5676
;5677
;5678
;5679
;5680
;5681
