;1;2;3
;1;4;5
;1;6;7
;1;8
;1;9;10
;1;11
;1;12;13
;1;14;15;16
;1;17
;1;9;18
;1;9;19
;1;6;20
;1;21;22;23
;1;9;24
;1;14;25
;1;9;26
;1;14;27
;1;9;28
;1;6;29
;1;30;31
;1;14;32
;1;2;33
;1;4;34
;1;2;35
;1;2;36
;1;14;37
;1;14;15;38;39;40;41
;1;42;43
;1;2;44
;1;6;45
;1;46
;1;47
;1;9;48
;1;49;50
;1;2;51
;1;14;52;53;54
;1;30;55
;1;14;56
;1;14;57;58
;1;4;59
;1;60;61
;1;62
;1;63;64
;1;65;66
;1;14;67
;1;9;68
;1;69
;1;14;52;70;71;40;72
;1;73
;1;12;74
;1;75
;1;65;76
;1;14;77;71;40;78
;1;14;79;71;40;80
;1;14;52;70;71;40;81
;1;14;82;83;84
;1;30;85
;1;86
;1;14;82;87
;88
;1;89;90
;1;12;91
;1;92;93
;1;94
;1;14;95;71;40;96
;97
;1;14;98
;1;4;99
;1;14;57;53;100
;1;4;101
;1;2;102
;1;14;103
;1;6;104
;1;14;105
;1;106
;1;107
;1;2;108
;1;65;109
;1;110
;1;14;111
;1;14;112;71;40;113
;1;14;15;114
;1;4;115
;1;2;116
;1;9;117
;1;92;118
;1;4;119
;1;9;120
;1;121
;1;63;122
;1;14;123
;1;14;79;71;40;124
;1;65;125
;1;14;15;126;127
;1;14;57;70;71;40;128
;1;4;129
;1;14;130
;1;30;131
;1;2;132
;1;2;133
;1;9;134
;1;135
;1;14;15;136
;1;14;57;53;137
;1;14;79;71;40;138
;1;30;139
;1;140
;1;2;141
;1;14;52;142
;1;14;143
;1;14;144
;1;42;145
;1;14;57;146;39;40;147
;1;148
;1;9;149
;1;14;150;71;40;151
;1;14;152;153
;1;9;154
;1;14;79;71;40;155
;1;9;156
;1;157
;1;158
;1;14;152;159
;1;160
;1;161
;1;9;162
;1;14;163
;1;2;164
;1;9;165
;1;63;166
;1;14;167
;1;2;168
;1;4;169
;1;4;170
;1;2;171
;1;172
;1;4;173
;1;14;82;174
;1;2;175
;1;14;52;176;71;40;177
;1;2;178
;1;14;95;71;40;179
;1;14;52;180
;1;2;181
;1;65;182
;1;183
;1;30;101
;1;14;15;126;184
;1;185
;1;6;186
;1;14;187
;1;14;188
;1;14;57;176;71;40;189
;1;65;190
;1;191
;1;9;192
;1;14;193
;1;14;15;176;71;40;194
;1;14;52;176;71;40;195
;1;30;196
;1;2;197
;1;14;198
;1;14;199
;1;200
;1;201
;1;14;202
;1;14;57;114
;1;14;203
;1;12;204
;1;14;15;126;205
;206
;1;6;207
;1;14;208
;1;2;209
;1;14;210
;1;60;211
;1;9;212
;1;65;213
;1;12;214
;1;215;216
;1;9;217;71;40;218
;1;4;219
;1;14;52;220
;1;30;221
;1;49;222
;1;223
;1;14;52;126;224
;1;14;225
;1;65;226
;1;14;52;70;71;40;227
;1;9;228
;1;63;229
;1;14;230
;1;6;231
;1;2;232
;1;65;233
;1;14;234
;1;235
;1;9;236
;1;14;237
;238
;1;9;217;71;40;239
;1;4;240
;1;14;15;176;71;40;177
;1;12;241
;1;65;242
;1;243;244
;1;9;245;71;40;218
;1;2;246
;1;2;247
;1;248
;1;30;249
;1;2;250
;1;14;52;70;71;40;96
;1;30;251
;1;12;252
;1;92;253
;1;2;254
;1;2;255
;1;14;52;256
;1;14;257
;1;6;258
;1;2;259
;1;14;57;70;71;40;260
;1;2;261
;1;14;57;262
;1;14;263
;1;2;264
;1;6;265
;1;9;266
;1;267;268
;1;92;269
;1;270
;1;2;271
;1;14;272
;1;14;273
;1;4;274
;1;65;275
;1;65;276
;1;63;277
;1;14;150;71;40;155
;1;14;278
;1;14;279
;1;14;280
;1;14;52;281
;1;14;282
;1;2;283
;1;9;284
;1;92;285;40;286;287;288
;1;2;289
;1;65;290
;1;291
;1;2;292
;1;14;152;293
;1;2;294
;1;295
;1;14;296;71;40;96
;1;14;112;71;40;297
;1;14;82;298
;1;2;299
;1;14;79;71;40;300
;1;243;301
;1;4;302
;1;65;303
;1;14;82;304
;1;14;305
;1;14;52;176;71;40;306
;1;14;307
;1;14;152;308
;1;2;309
;1;9;310
;1;12;311
;1;14;52;312
;1;14;15;53;313
;1;14;15;314
;1;14;52;315
;1;14;8
;1;4;316
;1;2;317
;1;14;152;318
;1;63;319
;1;63;320
;1;4;321
;1;63;322
;1;30;323
;1;30;324
;1;2;325
;1;14;326
;1;14;52;176;71;40;300
;1;14;327
;1;30;328
;1;2;329
;1;14;152;330
;1;14;52;53;331
;1;4;332
;1;65;333
;1;14;334
;1;12;335
;1;4;336
;1;6;337
;1;14;95;71;40;338
;1;14;339
;1;14;15;340
;1;12;341
;1;342
;1;30;343
;1;9;344
;1;14;345
;1;2;346
;1;347
;1;14;152;348
;1;49;349
;1;14;350
;1;14;57;340
;1;21;351
;1;4;352
;1;2;353
;1;42;354
;1;21;22;54
;1;9;355
;1;12;356
;1;14;357
;1;14;150;71;40;358
;1;92;285;40;286;287;359
;1;9;360
;1;361
;1;2;362
;1;14;363
;1;65;364
;1;14;296;71;40;365
;1;14;366
;1;367
;1;368
;1;369
;1;2;370
;1;14;52;371
;1;14;372
;1;14;373
;1;14;152;374
;1;14;15;53;375
;1;14;52;376
;1;4;377
;1;89;378
;1;2;379
;1;2;380
;1;381
;1;382
;1;383
;1;9;384
;1;2;385
;1;65;386
;1;14;52;387
;1;388
;1;65;389
;1;390
;1;12;391
;1;65;392
;1;2;393
;1;4;394
;1;2;395
;1;65;396
;1;397
;1;14;398
;1;14;150;71;40;399
;1;14;400
;1;14;82;401
;1;14;112;71;40;402
;1;12;403
;1;404
;1;2;405
;1;2;406
;1;14;152;407
;1;14;77;71;40;239
;1;14;52;70;71;40;408
;1;9;409
;1;92;410
;1;30;411
;1;14;57;176;71;40;412
;1;413
;414
;1;14;415
;1;243;416
;1;30;417
;1;14;95;71;40;402
;1;14;15;53;137
;1;418
;1;14;95;71;40;419
;1;4;55
;1;4;420
;1;9;217;71;40;365
;1;42;421
;1;65;422
;1;14;423
;1;30;424
;1;14;425
;1;14;15;281
;1;4;426
;1;14;427
;1;65;428
;1;30;211
;1;12;429
;1;30;430
;1;2;431
;1;432
;1;12;433
;1;14;52;176;71;40;434
;1;2;435
;1;14;82;436
;1;2;437
;1;4;438
;1;439
;1;14;440
;1;441
;1;442
;1;65;443
;1;14;444
;1;14;445
;1;2;446
;1;14;152;241
;1;4;447
;1;243;448
;1;2;449
;1;14;450;71;40;451
;1;12;452
;1;14;152;453
;1;14;152;454
;1;9;455
;1;14;57;53;456
;1;2;457
;1;14;458
;1;459
;1;460
;1;9;461
;1;2;462
;1;2;463
;1;30;464
;1;2;465
;1;466
;1;14;467;71;40;468
;1;14;467;71;40;138
;1;9;469
;1;30;470
;1;471;472;473;40;474
;1;14;152;475
;1;9;217;71;40;476
;1;2;477
;1;14;478
;1;9;479
;1;92;480
;1;9;481
;1;9;482
;1;42;483
;1;2;484
;1;485
;1;14;486
;1;14;152;487
;1;12;488
;1;92;285;40;286;489;490
;1;12;491
;1;215;492
;1;14;52;53;493
;1;92;494
;1;495
;1;14;152;496
;1;14;52;53;497
;1;14;15;70;71;40;498
;1;499
;1;65;500
;1;267;501
;1;2;502
;1;14;503
;1;14;57;70;71;40;504
;1;14;505
;1;506
;1;507
;1;508
;1;14;509
;1;4;510
;1;6;511
;1;14;512
;1;6;513
;1;2;514
;1;515
;1;14;52;126;516
;1;2;517
;1;14;518
;1;14;57;53;519
;1;2;520
;1;14;57;176;71;40;521
;1;63;522
;523
;1;524
;1;14;15;126;525
;1;14;15;70;71;40;177
;1;30;526
;1;6;527
;1;4;528
;1;14;95;71;40;529
;1;14;52;126;530
;1;531
;1;215;532
;1;2;533
;1;14;152;534
;1;14;535
;1;63;536
;1;14;537
;1;30;538
;1;14;539
;1;2;540
;1;14;541
;1;65;542
;1;543
;1;14;544
;1;2;545
;1;2;546
;1;63;547
;1;9;217;71;40;96
;1;548
;1;4;549
;1;2;550
;1;14;551
;1;14;152;552
;1;14;553
;1;554;555
;1;14;296;71;40;556
;1;14;150;71;40;451
;1;557
;1;2;558
;1;12;559
;1;9;560
;1;2;561
;1;63;562
;1;14;15;70;71;40;563
;1;30;564
;1;2;565
;1;12;566
;1;30;567
;1;14;152;568
;1;569
;1;12;570
;1;9;571
;1;14;112;71;40;138
;1;30;572
;1;14;296;71;40;573
;1;14;52;53;574
;1;14;152;575
;1;14;82;576
;1;577
;1;14;578
;1;14;579
;1;65;447
;1;215;580
;1;2;581
;1;14;52;126;582
;1;9;583
;1;14;584
;1;585
;1;14;57;176;71;40;586
;1;30;587
;1;14;296;71;40;588
;1;9;589
;1;14;590
;1;591
;1;9;592
;1;14;593
;1;14;52;126;594
;1;14;595
;1;14;596
;1;2;597
;1;9;598
;1;65;599
;1;600
;1;65;601
;1;14;15;602
;1;603;604
;1;30;605
;1;2;606
;1;14;607
;1;9;608
;1;14;57;176;71;40;609
;1;14;610
;1;243;611
;1;2;612
;1;6;211
;1;9;613
;1;9;614
;1;49;615
;1;30;616
;1;12;617
;1;14;150;71;40;300
;1;2;618
;1;6;619
;1;9;217;71;40;620
;1;14;621
;1;14;622
;1;14;623
;1;14;77;71;40;179
;1;624
;1;4;411
;1;625
;1;14;79;71;40;260
;1;626
;1;92;64
;1;30;627
;1;65;628
;1;14;629
;1;6;630
;1;92;631
;1;14;15;126;632
;1;633
;1;634
;1;14;152;635
;1;14;636
;1;14;82;637
;1;9;638
;1;639
;1;640
;1;14;296;71;40;151
;1;2;641
;1;65;642
;1;14;77;71;40;643
;1;14;644
;1;14;57;176;71;40;645
;1;4;646
;1;92;91
;1;2;647
;1;14;150;71;40;124
;1;30;648
;1;14;152;649
;1;12;650
;1;14;57;180
;1;4;651
;1;652
;1;9;653
;1;9;654
;1;14;52;53;655
;1;656
;1;14;57;657
;1;658
;1;2;659
;1;21;660
;1;9;661
;1;662;663
;1;89;664
;1;14;57;176;71;40;665
;1;14;666
;1;30;667
;1;9;593
;1;14;57;53;668
;1;12;669
;1;21;670
;1;14;671
;1;14;57;70;71;40;588
;1;4;139
;1;6;672
;1;14;57;126;23
;1;30;673
;1;30;674
;1;675
;1;4;676
;1;677
;1;14;678
;1;9;679
;1;680
;1;681;682
;1;9;683
;1;267;684
;1;14;82;83;685
;1;14;52;686
;1;687
;1;30;688
;1;689
;1;2;690
;1;63;691
;1;14;15;692
;1;14;52;693
;1;2;694
;1;2;695
;1;30;696
;1;697
;1;9;698
;1;14;150;71;40;699
;1;9;700
;1;603;701
;1;30;702
;1;4;703
;1;14;704
;1;30;61
;1;14;57;70;71;40;96
;1;9;705
;1;14;57;53;184
;1;14;15;176;71;40;189
;1;12;706
;1;9;707
;1;14;52;58
;1;14;150;71;40;708
;1;709
;1;14;15;70;71;40;128
;1;9;710
;1;14;15;53;497
;1;49;711
;1;681;712
;1;4;713
;1;14;714
;1;30;715
;1;14;52;176;71;40;260
;1;65;716
;1;2;717
;1;9;718
;1;14;719
;1;14;720
;1;14;112;71;40;529
;1;14;57;176;71;40;721
;1;14;722
;1;60;723
;1;6;724
;1;9;725
;1;30;726
;1;4;500
;1;2;727
;1;12;728
;1;14;729
;1;9;730
;1;9;425
;1;14;731
;1;4;328
;1;14;15;53;732
;1;65;733
;1;734
;1;12;735
;1;14;736
;1;14;15;53;737
;1;65;738
;1;2;739
;1;63;740
;1;14;741
;1;14;742
;1;65;743
;1;9;744
;1;9;745
;1;63;746
;1;12;747
;1;14;748
;1;14;15;70;71;40;749
;1;2;750
;1;4;751
;1;63;752
;1;14;52;176;71;40;588
;1;14;753
;1;65;5
;1;267;754
;1;9;755
;1;14;756
;1;14;450;71;40;338
;1;9;245;71;40;399
;1;757
;1;65;758
;1;14;759
;1;2;760
;1;4;241
;1;14;761
;1;762
;1;14;77;71;40;113
;1;763
;1;9;764
;1;765
;1;14;52;126;766
;1;65;767
;1;768
;1;14;15;70;71;40;721
;1;14;769
;1;2;770
;1;14;771
;1;14;152;772
;1;14;57;176;71;40;96
;1;773
;1;6;774
;1;63;775
;1;14;52;126;497
;1;776
;1;42;777
;1;14;112;71;40;778
;1;14;779
;1;9;780
;1;14;152;781
;1;30;782
;1;2;783
;1;14;784
;1;2;785
;1;9;245;71;40;786
;1;2;787
;1;14;52;53;530
;1;788
;1;65;29
;1;14;152;789
;1;6;790
;1;14;57;146;39;40;41
;1;2;791
;1;2;792
;1;14;793
;1;14;450;71;40;643
;1;14;794
;1;14;82;83;664
;1;14;57;70;71;40;795
;1;14;796
;1;2;797
;1;14;57;176;71;40;504
;1;12;798
;1;799
;1;14;800
;1;6;599
;1;14;15;70;71;40;801
;1;14;802
;1;803
;1;2;804
;1;14;57;53;632
;1;2;805
;1;215;806
;1;14;807
;1;30;808
;1;14;809
;1;9;810
;1;2;811
;1;2;812
;1;9;813
;1;814
;1;63;815
;1;4;392
;1;2;816
;1;267;817
;1;14;467;71;40;643
;1;14;818
;1;14;152;819
;1;14;820
;1;12;821
;1;14;822
;1;14;52;126;331
;1;603;823
;1;14;15;126;824
;1;2;825
;1;14;826
;1;14;57;827
;1;828
;1;14;829
;1;4;667
;1;2;830
;1;9;831
;1;9;832
;1;14;833
;1;14;82;834
;1;14;52;176;71;40;835
;1;836
;1;837
;1;838
;1;9;245;71;40;365
;1;65;839
;1;14;840
;1;92;841
;1;14;842
;1;65;843
;1;2;844
;1;14;845
;1;603;846
;1;30;847
;1;65;848
;1;849
;1;30;850
;1;14;851
;1;30;852
;1;853
;1;14;854
;1;63;855
;1;856
;1;857
;1;2;858
;1;14;152;859
;1;2;860
;1;14;57;176;71;40;795
;1;14;152;861
;1;14;52;126;862
;1;863
;1;92;285;40;286;287;864
;1;14;152;865
;1;65;866
;1;14;867
;1;65;868
;1;9;869
;1;6;870
;1;871
;1;872
;1;14;82;873
;1;6;874
;1;2;875
;1;876
;1;42;877
;1;14;57;70;71;40;81
;1;2;878
;1;14;52;126;879
;1;12;880
;1;14;881
;1;9;882
;1;14;82;883
;1;21;166
;1;884
;1;92;285;40;286;885
;1;4;886
;1;14;15;887
;1;14;869
;1;30;888
;1;2;889
;1;65;890
;1;9;334
;1;9;891
;1;4;892
;1;603;893
;1;14;894
;1;4;303
;1;14;82;895
;1;14;896
;1;12;897
;1;92;898
;1;14;52;126;23
;1;30;868
;1;14;15;899
;1;14;900
;901
;1;30;902
;1;63;903
;1;2;904
;1;905
;906
;1;12;907
;1;908
;1;603;909
;1;12;910
;1;14;911
;1;30;912
;1;14;57;913
;1;4;914
;1;4;915
;1;14;150;71;40;786
;1;9;773
;1;30;916
;1;9;917
;1;14;152;918
;1;9;919
;1;42;920
;1;65;648
;1;65;921
;1;922
;1;6;923
;1;14;82;924
;1;14;925
;1;926
;1;14;57;53;23
;1;14;57;176;71;40;835
;1;14;57;70;71;40;927
;1;4;928
;1;14;929
;1;930
;1;14;57;176;71;40;227
;1;14;52;70;71;40;260
;1;931
;1;14;932
;1;65;852
;1;933
;1;12;934
;1;12;935
;1;4;936
;1;2;937
;1;12;938
;1;9;245;71;40;939
;1;14;940
;1;14;57;941
;1;942
;1;2;943
;1;65;293
;1;30;843
;1;2;944
;1;9;945
;1;30;946
;1;14;947
;1;2;948
;1;14;152;949
;1;14;950
;1;951
;1;30;952
;1;14;953
;1;65;954
;1;14;955
;1;92;956
;1;14;152;957
;1;14;15;53;958
;1;65;959
;1;2;960
;1;267;961
;1;14;962
;1;14;963
;1;65;964
;1;965
;1;14;966
;1;14;152;967
;1;968
;1;969
;1;14;970
;1;30;971
;1;972
;1;973
;1;2;974
;1;14;52;975
;1;976
;1;14;977
;1;9;978
;1;14;152;979
;1;92;980
;1;267;981
;1;6;982
;1;2;983
;1;14;15;53;54
;1;14;296;71;40;155
;1;14;15;53;984
;1;14;15;38;39;40;147
;1;21;877
;1;21;985;555
;1;21;22;986
;1;2;987
;1;988
;1;989
;1;990
;1;14;991
;1;14;992
;1;4;993
;1;14;994
;1;267;995
;1;603;996
;1;14;15;997
;1;998
;1;14;296;71;40;529
;1;14;999
;1;1000
;1;12;1001
;1;14;1002
;1;6;1003
;1;1004
;1;4;1005
;1;65;1006
;1;65;914
;1;2;1007
;1;1008
;1;21;985;664
;1;9;1009
;1;14;152;1010
;1;21;22;1011
;1;65;85
;1;4;1012
;1;2;1013
;1;63;1014
;1;12;1015
;1;2;1016
;1;9;784
;1;2;1017
;1;1018
;1;2;1019
;1;6;1020
;1;4;1021
;1;14;1022
;1;14;1023
;1;14;15;176;71;40;749
;1;14;15;126;668
;1;1024
;1;6;1025
;1;9;1026
;1;92;1027
;1;14;15;176;71;40;412
;1;4;1028
;1;1029
;1;1030
;1;14;1031
;1;14;150;71;40;1032
;1;14;1033
;1;14;1034
;1;14;52;38;39;40;147
;1;30;866
;1;12;1035
;1;14;1036
;1;9;1037
;1038
;1;63;777
;1;2;1039
;1;14;15;1040
;1;14;15;53;1041
;1;2;1042
;1;12;1043
;1;1044;1045
;1;14;82;1046
;1;14;1047
;1;65;702
;1;65;139
;1;2;1048
;1;14;152;1049
;1;2;1050
;1;2;1051
;1;4;1052
;1;6;1053
;1;2;1054
;1;14;1055
;1;2;1056
;1;14;77;71;40;402
;1;1057
;1;30;1058
;1;9;1059
;1;92;1060
;1;14;15;1061
;1;14;15;1062
;1;14;1063
;1;6;1064
;1;2;1065
;1;14;1066
;1;4;1067
;1;9;1068
;1;14;467;71;40;778
;1;1069
;1;2;1070
;1;14;1071
;1;1072
;1;60;599
;1;1073
;1;9;217;71;40;556
;1;14;57;176;71;40;1074
;1;1075
;1;14;1076
;1077
;1;14;112;71;40;1078
;1;2;1079
;1;14;15;1080
;1;2;1081
;1;9;1082
;1;14;467;71;40;297
;1;14;1083
;1;14;152;1084
;1;14;1085
;1;4;1086
;1;14;1087
;1;63;1088
;1;1089
;1;9;1090
;1;14;1091
;1;14;1092
;1;14;1093
;1;4;1094
;1;65;211
;1;9;1095
;1;4;1096
;1;1097
;1;63;1098
;1;14;15;70;71;40;645
;1;14;1099
;1;12;1100
;1;30;1101
;1;14;152;1102
;1;14;79;71;40;588
;1;14;1103
;1;14;152;1104
;1;14;467;71;40;1078
;1;14;152;1105
;1;14;1106
;1;1107
;1;2;1108
;1;267;1109
;1;14;57;70;71;40;1110
;1;14;1111
;1;92;285;40;286;1112
;1;14;1113
;1;1114
;1;63;1115
;1;6;1116
;1;14;1117
;1;9;1118
;1;42;1119
;1;14;57;176;71;40;1120
;1;243;1121
;1;14;95;71;40;939
;1;4;1122
;1;12;1123
;1;1124
;1;2;1125
;1;2;1126
;1;12;1127
;1;2;1128
;1;14;57;1129
;1;30;1130
;1;12;1131
;1;9;1132
;1;2;1133
;1;2;1134
;1;14;152;1135
;1;1136
;1;92;908
;1;12;1137
;1;2;1138
;1;215;1139
;1;14;57;70;71;40;645
;1;1140
;1;2;1141
;1;2;1142
;1;14;1143
;1;14;57;70;71;40;1144
;1;2;1145
;1;14;52;1146
;1;267;1147
;1;92;1148
;1;14;1149
;1;9;1150
;1;14;1151
;1;14;152;1152
;1;2;1153
;1;9;1154
;1;14;1155
;1;2;1156
;1;1157
;1;9;1158
;1;1159
;1;30;1160
;1;267;1161
;1;2;1162
;1;14;152;249
;1;9;1163
;1;267;1164
;1;14;1165
;1;2;1166
;1;14;1167
;1;14;1168
;1;267;1169
;1;30;1170
;1;4;1171
;1;1172
;1;1173
;1;14;1174
;1;14;1175
;1;14;15;126;1176
;1;2;1177
;1;267;1178
;1;14;152;1179
;1;14;1180
;1;14;1181
;1;2;1182
;1;2;1183
;1;14;152;1184
;1;65;1185
;1;9;1186
;1;4;1187
;1;9;1188
;1;14;52;70;71;40;665
;1;471;1189;473;40;474
;1;1190
;1;1191
;1;12;1192
;1;14;1193
;1;14;77;71;40;620
;1;49;1194
;1;9;1195
;1;14;57;53;862
;1;603;1196
;1;9;1197
;1;14;52;1198
;1;1199
;1200
;1;14;467;71;40;939
;1;554;84
;1;30;115
;1;14;52;126;493
;1;65;1201
;1;14;152;1202
;1;14;152;1203
;1;1204
;1;49;1205
;1;14;450;71;40;80
;1;14;1206
;1;14;1207
;1;1208
;1;2;1209
;1;14;77;71;40;260
;1;14;1210
;1;9;1211
;1;92;1212
;1;14;95;71;40;1213
;1;6;1214
;1;14;1215
;1;14;15;256
;1;14;152;1216
;1;14;1217
;1;2;1218
;1;6;1219
;1;14;1220
;1;14;95;71;40;78
;1;14;467;71;40;365
;1;267;1221
;1;6;1222
;1;14;52;176;71;40;96
;1;4;1223
;1;30;1224
;1;14;57;1225
;1;14;152;1226
;1;2;1227
;1;14;1228
;1;2;1229
;1;12;1230
;1;14;1231
;1;14;152;1232
;1;637
;1;14;1233
;1;63;1234
;1;30;1235
;1236
;1;30;1237
;1;4;1238
;1;2;1239
;1;12;1240
;1;554;1241
;1;63;1242
;1;14;150;71;40;620
;1;14;1243
;1;2;1244
;1;4;1245
;1;14;1246
;1;65;1247
;1;1248;1249
;1;14;1250
;1;12;1251
;1;14;52;53;1176
;1;267;1252
;1;65;1253
;1;9;307
;1;14;152;1254
;1;14;82;1255
;1;14;152;1256
;1;14;152;1257
;1;4;1258
;1;14;467;71;40;96
;1;2;1259
;1;14;1260
;1;4;1261
;1;2;1262
;1;14;57;53;375
;1;14;1263
;1;2;1264
;1;1265
;1;12;1266
;1;12;1267
;1;14;450;71;40;708
;1;21;64
;1;9;1268
;1;14;152;1269
;1;89;1270
;1;14;152;1271
;1;1272
;1;12;1273
;1;4;1274
;1;1275
;1;14;57;126;732
;1276
;1;14;79;71;40;476
;1;12;1277
;1;267;1278
;1;14;1279
;1;4;1280
;1;1281
;1;14;1282
;1;1283
;1;63;1119
;1;30;1284
;1;2;1285
;1;14;152;1286
;1;14;152;1287
;1;215;1288
;1;1289
;1;30;1290
;1;14;152;1291
;1;14;52;53;1292
;1;243;1293
;1;1294
;1;63;1295
;1;1296
;1;14;1297
;1;63;660
;1;2;1298
;1;6;1299
;1;4;1300
;1;14;1301
;1;14;52;70;71;40;1302
;1;12;1303
;1;14;152;1304
;1;14;150;71;40;78
;1;14;77;71;40;124
;1;14;52;126;1305
;1;9;1306
;1;30;303
;1;2;1307
;1;92;1308
;1;14;57;38;39;40;41
;1;1309
;1;1310
;1;1311
;1;603;1312
;1;14;152;1313
;1;9;1314
;1;14;296;71;40;468
;1;14;52;1225
;1;2;1315
;1;92;1316
;1317
;1;1318
;1;2;1319
;1;1320
;1;14;52;1321
;1;12;1322
;1;14;1323
;1;12;1324
;1;215;1325
;1;14;1326
;1;1327
;1;215;1328
;1;6;1329
;1;14;450;71;40;786
;1;9;1330
;1;14;112;71;40;96
;1;12;1331
;1;14;152;1332
;1;9;1333
;1;603;1334
;1;2;1335
;1;2;1336
;1;14;1337
;1;1338
;1;14;1339
;1;30;1340
;1;1341
;1;14;1342
;1;1343
;1;12;1344
;1;6;1345
;1;6;1346
;1;9;245;71;40;1213
;1;14;152;1347
;1;92;1348
;1;1349
;1;2;1350
;1;1351
;1;2;1352
;1;2;1353
;1;30;1354
;1;14;79;71;40;699
;1;9;1355
;1;92;1356
;1;2;1357
;1;1358
;1;12;1359
;1;1360
;1;12;637
;1;14;52;1361
;1;1362
;1;65;1363
;1;2;1364
;1;9;245;71;40;96
;1;4;31
;1;14;57;176;71;40;588
;1;9;245;71;40;1365
;1;9;1366
;1;9;1367
;1;21;22;1368
;1;2;1369
;1;14;296;71;40;620
;1;14;152;1370
;1;65;115
;1;92;1371
;1;9;1372
;1;14;296;71;40;786
;1;9;1373
;1;9;217;71;40;1213
;1;65;1374
;1;30;1375
;1;14;112;71;40;786
;1;2;1376
;1;14;15;1377
;1;1378
;1;2;1379
;1;2;1380
;1;14;1381
;1;2;1382
;1;1383
;1;4;1384
;1;9;1385
;1;2;1386
;1;14;15;70;71;40;434
;1;14;57;136
;1;1387
;1;63;1388
;1;1389
;1;14;450;71;40;399
;1;14;57;53;1292
;1;14;152;1390
;1;9;1391
;1;14;57;1392
;1;65;1393
;1;14;152;1394
;1;92;1395
;1;14;112;71;40;124
;1;14;77;71;40;468
;1;1396
;1;14;152;1397
;1;65;1398
;1;65;1399
;1;1400
;1;63;1401
;1;92;1402
;1;2;1403
;1;14;152;1404
;1;9;1405
;1;14;467;71;40;358
;1;1406
;1;12;1407
;1;14;296;71;40;300
;1;1408
;1;9;1409
;1;65;1410
;1;2;1411
;1;14;152;1412
;1;14;152;1413
;1;12;1414
;1;14;152;1415
;1;9;1416
;1;14;152;1417
;1;2;1418
;1;2;1419
;1;14;52;1420
;1;14;57;176;71;40;927
;1;9;1421
;1;65;1422
;1;12;1423
;1;267;1424
;1;1425
;1;14;52;176;71;40;795
;1;14;82;1426
;1;14;57;1427
;1;14;152;1428
;1;14;1429
;1;14;1430
;1;14;152;1086
;1;9;1431
;1;14;1432
;1;4;1433
;1;14;1434
;1;243;1435
;1;9;1436
;1;2;1437
;1;30;1438
;1;2;1439
;1;12;1440
;1;12;1441
;1;30;1393
;1;14;1442
;1;1443
;1;30;1444
;1;9;1445
;1;14;57;53;1446
;1;30;1447
;1;1448
;1;30;1449
;1;6;1450
;1;14;57;312
;1;14;15;126;1451
;1;14;1452
;1;30;1453
;1;14;1211
;1;21;22;1454
;1;2;1455
;1;1456
;1;2;1457
;1;14;57;376
;1;14;1458
;1;14;57;70;71;40;609
;1;215;1459
;1;2;1460
;1;6;1461
;1;9;1462
;1;298
;1;14;15;176;71;40;1110
;1;1463
;1;4;1464
;1;4;1465
;1;65;1466
;1;1467
;1;267;1468
;1;6;1469
;1;14;467;71;40;573
;1;12;1470
;1;2;1471
;1;14;15;1427
;1;9;1472
;1;14;52;176;71;40;189
;1;2;1473
;1;1474
;1;243;1475
;1;12;298
;1;1476
;1;267;1477
;1;14;1478
;1;14;57;126;958
;1;14;15;126;1479
;1;2;1480
;1;1481
;1;1482
;1;2;1483
;1;2;1484
;1;49;1485
;1;14;77;71;40;708
;1;14;1486
;1;1487
;1;1488
;1;14;79;71;40;419
;1;14;1489
;1;14;1490
;1;14;1491
;1;2;1492
;1;14;52;70;71;40;195
;1;9;1493
;1;1494
;1;2;1495
;1;1496
;1;14;152;1497
;1;65;1498
;1;1499
;1;65;635
;1;1500
;1;4;1501
;1;14;467;71;40;113
;1;14;79;71;40;1078
;1;14;15;1321
;1;14;1502
;1;65;1503
;1;89;1504
;1;9;867
;1;65;1505
;1;65;31
;1;6;1506
;1;2;1507
;1;14;1508
;1;1509
;1510
;1;2;1511
;1;243;1512
;1;9;1513
;1;14;15;53;1514
;1;14;1515
;1;92;285;40;286;489;359
;1;14;1516
;1;14;15;176;71;40;927
;1;14;15;126;1368
;1;6;1517
;1;9;636
;1;6;1518
;1;14;1519
;1;14;1520
;1;14;52;1521
;1;14;152;1522
;1;12;1523
;1;14;1524
;1;14;152;1525
;1;14;152;377
;1;14;15;146;39;40;147
;1;2;1526
;1;14;57;70;71;40;412
;1;6;1527
;1;1528
;1;14;1529
;1;1530
;1;65;129
;1;1531
;1532
;1;9;1533
;1;1534
;1;1535
;1;14;152;1536
;1;2;1537
;1;1538
;1;14;1539
;1;2;1540
;1;12;1541
;1;12;1542
;1;2;1543
;1;14;1544
;1;2;1545
;1;65;847
;1;14;450;71;40;358
;1;14;152;1006
;1546
;1;42;1547
;1;14;57;126;530
;1;14;52;1548
;1;14;152;1549
;1550
;1;603;1551
;1;14;1552
;1;14;52;53;1553
;1;14;52;126;1514
;1;1554
;1;14;57;53;1555
;1;14;1556
;1;14;450;71;40;419
;1;14;52;70;71;40;1557
;1;14;15;126;1558
;1;1044;1559
;1;65;1560
;1;1561
;1;14;57;176;71;40;1562
;1;2;1563
;1;14;57;1564
;1;14;152;1565
;1;6;1566
;1;14;152;1567
;1;1568
;1;9;1569
;1;2;1570
;1;14;95;71;40;365
;1;1571
;1;14;57;176;71;40;434
;1;30;1572
;1;6;1573
;1;267;1574
;1;14;52;913
;1;14;15;176;71;40;408
;1;2;1575
;1;9;1576
;1;1577
;1;65;34
;1;14;1578
;1;2;1579
;1;2;1580
;1;14;82;1581
;1;9;1582
;1;14;82;1583
;1584
;1;14;79;71;40;1585
;1;14;57;126;1586
;1;4;1587
;1;1588
;1;14;1589
;1;14;152;1590
;1;14;52;126;1591
;1;1592
;1;1593
;1;30;125
;1;1594
;1;12;1595
;1;65;1596
;1;14;467;71;40;620
;1;14;1597
;1;65;1598
;1;2;1599
;1;14;15;70;71;40;1600
;1;9;1601
;1;14;1602
;1;14;1603
;1;14;152;1604
;1;14;1605
;1;118
;1;6;1606
;1;9;1607
;1;14;77;71;40;529
;1;30;865
;1;14;1608
;1;2;1609
;1;30;1399
;1;1610
;1;9;1611
;1;30;1612
;1;14;152;1613
;1;2;1614
;1;2;1615
;1;14;1616
;1;14;152;1617
;1;2;1618
;1;1619
;1;65;1620
;1;9;1621
;1;14;1622
;1;4;952
;1;14;57;38;39;40;147
;1;9;273
;1;1623
;1;14;77;71;40;573
;1;65;1624
;1;14;15;1625
;1;14;57;53;1626
;1;14;1627
;1;6;1086
;1;14;1628
;1;14;52;70;71;40;795
;1;14;112;71;40;1032
;1;9;1629
;1;1630
;1;14;52;70;71;40;434
;1;14;112;71;40;151
;1;1631
;1;65;1005
;1;30;1632
;1;4;673
;1;9;1633
;1;14;1634
;1;14;152;421
;1;6;1635
;1;2;1636
;1;14;1637
;1;1638
;1;1639
;1;4;767
;1;1640
;1;6;1641
;1;14;450;71;40;1032
;1;6;1642
;1;14;1643
;1;2;1644
;1;9;1645
;1;1646
;1;4;1647
;1;12;1648
;1;14;15;70;71;40;408
;1;14;1649
;1;14;1650
;1;14;152;920
;1;4;1651
;1;14;57;1652
;1;65;1653
;1;4;61
;1;4;1654
;1;2;1655
;1;215;1656
;1;92;285;40;286;1657
;1;14;1658
;1;1659
;1;14;77;71;40;588
;1;14;57;1660
;1;30;839
;1;4;1661
;1;14;57;176;71;40;1662
;1;12;1663
;1;4;1664
;1;14;15;176;71;40;665
;1;2;1665
;1;1666
;1;92;1667
;1;14;1668
;1;14;1669
;1;14;1670
;1;14;1671
;1;1672
;1;14;1673
;1;14;15;1564
;1;14;1674
;1;2;1675
;1;2;1676
;1;14;57;176;71;40;801
;1;12;1677
;1;14;1678
;1;30;1679
;1;1680
;1;14;79;71;40;451
;1;2;1681
;1;14;1682
;1;4;946
;1;2;1683
;1;14;1684
;1;1685
;1;1686
;1;215;1687
;1;9;1688
;1;9;1689
;1;6;1690
;1;14;296;71;40;239
;1;14;467;71;40;1213
;1;2;1691
;1;30;1692
;1;1693
;1;14;52;53;1586
;1;14;15;1694
;1;30;682
;1;14;1695
;1;63;1696
;1;14;152;1697
;1;65;1698
;1;30;1261
;1;14;52;70;71;40;588
;1;14;52;16
;1;14;1699
;1;9;1700
;1;2;1701
;1;65;1702
;1;603;1703
;1;1704
;1;14;1705
;1;1706
;1;14;1707
;1;14;52;176;71;40;1562
;1;1708
;1;14;152;1709
;1;65;1710
;1;14;52;53;1711
;1;9;245;71;40;476
;1;30;716
;1;215;1712
;1;14;1713
;1;2;1714
;1;14;1715
;1;12;1716
;1;12;1717
;1;1718
;1;14;1719
;1;1720
;1;14;57;1321
;1;14;52;70;71;40;521
;1;1721
;1;603;1722
;1;12;1723
;1;1724
;1;9;1725
;1;9;1726
;1;12;1727
;1;14;1728
;1;6;1729
;1;49;1730
;1;9;1731
;1;1732
;1;6;1733
;1;2;1734
;1;65;1735
;1;12;1736
;1;14;1737
;1;14;1738
;1;4;1739
;1;14;77;71;40;419
;1;14;57;70;71;40;194
;1;9;1740
;1;9;1741
;1;2;1742
;1;30;1743
;1;14;152;145
;1;4;1744
;1;14;1745
;1;9;1746
;1;92;1747
;1;1748
;1;14;1749
;1;14;1750
;1;30;1751
;1;14;57;126;1752
;1;30;1753
;1;14;1754
;1;14;152;1755
;1;49;1756
;1;14;152;1757
;1;1758
;1;14;1759
;1;14;1760
;1;14;1761
;1;2;1762
;1;65;1763
;1;1764
;1;14;1765
;1;14;52;1652
;1;2;1766
;1;14;52;53;824
;1;65;336
;1;14;1767
;1;21;1768
;1;14;152;1769
;1;1770
;1;2;1771
;1;14;82;1772
;1;14;57;1773
;1;14;152;1774
;1;14;79;71;40;939
;1;4;1775
;1;14;79;71;40;468
;1;14;52;1776
;1;14;1777
;1;1778
;1;2;1779
;1;12;1780
;1;14;52;1392
;1;14;57;70;71;40;620
;1;14;52;53;1781
;1;9;1782
;1;14;152;1783
;1;14;82;1784
;1;14;1785
;1;6;1786
;1;92;1787
;1;1788
;1;14;52;1129
;1;14;1789
;1;14;152;1790
;1;1791
;1;14;1792
;1;65;1793
;1;1794
;1;14;1795
;1;14;57;70;71;40;434
;1;9;1796
;1;6;1797
;1;63;1798
;1;9;217;71;40;78
;1;92;1799
;1;14;1800
;1;1801
;1;30;1802
;1;14;1803
;1;14;1804
;1;9;1805
;1;9;1806
;1;14;112;71;40;419
;1;2;1807
;1;4;1808
;1;14;1809
;1;6;1810
;1;1811
;1;14;15;126;984
;1;14;1812
;1;1813
;1;4;1814
;1;30;738
;1;14;1815
;1;554;1816
;1;12;1817
;1;4;1818
;1;6;1819
;1;30;1820
;1;14;1821
;1;9;1649
;1;14;1822
;1;6;1823
;1;14;1824
;1;14;1825
;1;2;1826
;1;2;1827
;1;65;55
;1;30;1828
;1;6;1829
;1;2;1830
;1;92;285;40;286;287;1831
;1;14;52;70;71;40;1585
;1;1832
;1;30;1833
;1;14;82;1834
;1;30;1835
;1;14;57;126;519
;1;1836
;1;12;1837
;1;215;1838
;1;14;152;1839
;1;1840
;1;1841
;1;14;95;71;40;300
;1;14;152;1842
;1;14;1843
;1;14;15;53;1558
;1;9;1844
;1;14;152;1845
;1;65;1094
;1;9;1846
;1;14;152;1847
;1;63;354
;1;2;1848
;1;12;1849
;1;14;152;1850
;1;2;1851
;1;14;52;176;71;40;521
;1;267;1852
;1;14;1853
;1;65;1743
;1;63;1854
;1;1855
;1;9;1856
;1;14;1857
;1;14;152;1858
;1;30;496
;1;14;1859
;1;30;1860
;1;14;152;1861
;1;1862
;1;14;1863
;1;1864
;1;14;52;126;54
;1;2;1865
;1;14;57;16
;1;14;52;1866
;1;1867
;1;30;1498
;1;14;450;71;40;778
;1;9;1868
;1;9;1869
;1;65;1870
;1;2;1871
;1;14;82;1872
;1;12;1873
;1;9;1874
;1;9;1875
;1;2;1876
;1;6;1877
;1;9;1878
;1;63;1879
;1;2;1880
;1;65;1881
;1;14;1882
;1;2;1883
;1;14;1884
;1;12;1885
;1;14;152;1886
;1;14;15;126;1553
;1;14;152;1887
;1;6;1888
;1;14;1889
;1;14;296;71;40;476
;1;2;1890
;1;14;150;71;40;1078
;1;14;1891
;1;14;152;1892
;1;14;152;1893
;1;1894
;1;14;1895
;1;14;1896
;1;14;1897
;1;1898
;1;2;1899
;1;65;1632
;1;1900
;1;6;1901
;1;1902
;1;1903
;1;1904
;1905
;1;2;1906
;1;12;1907
;1;215;1908
;1;9;1909
;1;4;1910
;1;2;1911
;1;4;85
;1;1912;472;473;40;474
;1;14;82;83;1913
;1;2;1914
;1;14;15;657
;1;14;15;1915
;1;14;15;176;71;40;1916
;1;9;1917
;1;14;57;70;71;40;1557
;1;9;1918
;1;1919
;1;30;1920
;1;2;1921
;1;243;1922
;1;12;1923
;1;2;1924
;1;65;1925
;1;14;15;315
;1;30;1926
;1;14;15;176;71;40;1927
;1;14;15;1928
;1;14;152;1929
;1;14;52;1377
;1;12;1930
;1;9;1643
;1;14;57;1931
;1;65;1932
;1;14;296;71;40;1365
;1;14;467;71;40;556
;1;14;15;126;1933
;1;2;1934
;1;1935
;1;42;1936
;1;92;1937
;1;1938
;1;65;1939
;1;1940
;1;2;1941
;1;14;15;686
;1;2;1942
;1;14;79;71;40;529
;1;9;1943
;1;14;1944
;1;14;57;176;71;40;81
;1;14;1945
;1;1946
;1;267;1947
;1;4;1948
;1;1949
;1;92;1950
;1;6;1951
;1;9;1952
;1;1953
;1;9;217;71;40;338
;1;9;1954
;1;14;1955
;1;14;1956
;1;65;1957
;1;30;447
;1;65;1958
;1;2;1959
;1;14;1960
;1;1961
;1;14;79;71;40;556
;1;9;1962
;1;14;661
;1;14;1963
;1;14;1964
;1;4;1965
;1;1966
;1;65;1967
;1;14;296;71;40;402
;1;14;1968
;1;6;1969
;1;2;1970
;1;14;152;1971
;1;14;152;1972
;1;2;1973
;1;2;1974
;1;14;1975
;1;6;1976
;1;14;152;1977
;1;14;112;71;40;399
;1;14;15;1978
;1;9;217;71;40;1032
;1;14;52;53;1979
;1;14;15;1980
;1;9;1981
;1;4;1253
;1;9;1490
;1;1982
;1;1983
;1;14;15;53;1984
;1;14;57;53;516
;1;1985
;1;30;1932
;1;9;1986
;1;14;1987
;1;4;1988
;1;14;1989
;1;14;467;71;40;399
;1;14;1990
;1;1991
;1;30;1992
;1;14;1993
;1;14;1994
;1;4;538
;1;12;1995
;1;9;1996
;1;14;1997
;1;6;1998
;1;14;52;70;71;40;563
;1;30;1999
;1;2000
;1;4;2001
;1;2002
;1;14;15;376
;1;2003
;1;14;296;71;40;260
;1;1044;1504
;1;14;77;71;40;1213
;1;14;57;70;71;40;2004
;1;30;1006
;1;9;2005
;1;2006
;1;267;2007
;1;14;152;2008
;1;267;2009
;1;92;2010
;1;9;245;71;40;155
;1;14;152;2011
;1;14;152;2012
;1;14;2013
;1;14;296;71;40;643
;1;14;152;2014
;1;12;2015
;1;14;152;2016
;1;14;112;71;40;218
;1;63;2017
;1;2;2018
;1;4;221
;2019
;1;14;82;83;1045
;1;14;2020
;1;14;2021
;1;14;2022
;1;14;52;70;71;40;412
;1;2;2023
;1;2024
;1;2025
;1;9;245;71;40;124
;1;14;15;176;71;40;1144
;1;2;2026
;1;14;52;176;71;40;665
;1;92;2027
;1;60;1086
;1;30;2028
;1;2;2029
;1;471;2030;473;40;474
;1;21;2031
;1;6;241
;1;9;245;71;40;573
;1;4;2032
;1;2;2033
;1;63;2034
;1;14;296;71;40;451
;1;2035
;1;2036
;1;4;2037
;1;65;2038
;1;14;1788
;1;2;2039
;1;2;2040
;1;14;57;176;71;40;72
;1;92;2041
;1;14;2042
;1;2;2043
;1;14;112;71;40;573
;1;30;2044
;1;14;2045
;1;2046
;1;2;2047
;1;14;57;176;71;40;2048
;1;14;2049
;1;2;2050
;1;9;217;71;40;113
;1;65;430
;1;2051
;1;14;57;53;224
;1;1044;2052
;1;14;2053
;1;2;2054
;1;2;2055
;1;14;95;71;40;399
;1;2056
;1;14;152;2057
;1;9;2058
;1;14;82;2059
;1;243;2060
;1;6;2061
;1;2;2062
;1;14;52;126;2063
;1;2064
;1;14;152;2065
;1;14;15;126;1514
;1;14;15;53;23
;1;2066
;1;267;2067
;1;14;95;71;40;218
;1;2068
;1;14;2069
;1;14;2070
;1;14;2071
;1;2;2072
;1;14;2073
;1;2;2074
;1;14;152;2075
;1;14;52;53;737
;1;14;57;126;1626
;1;2;2076
;1;30;2077
;1;9;2078
;1;2;2079
;1;12;2080
;1;14;2081
;1;9;1282
;1;14;95;71;40;1078
;1;2082
;1;2;2083
;1;65;2084
;1;2085
;1;14;15;70;71;40;1585
;1;9;2086
;1;2087
;1;267;2088
;1;12;2089
;1;14;2090
;1;30;2091
;1;14;57;1377
;1;9;2092
;1;14;15;176;71;40;521
;1;14;2093
;1;2;2094
;1;267;2095
;1;4;808
;1;12;2096
;1;2;2097
;1;14;77;71;40;476
;1;9;2098
;1;2099
;1;4;2100
;1;9;245;71;40;556
;1;14;2101
;1;2;2102
;1;14;15;387
;1;14;2103
;1;2104
;1;14;15;1361
;1;14;150;71;40;556
;1;14;2105
;1;14;52;53;2106
;1;30;2107
;1;267;2108
;1;9;2109
;1;14;2110
;1;243;2111
;1;2;2112
;1;2113
;1;4;866
;1;2;2114
;1;14;296;71;40;179
;1;14;95;71;40;1365
;2115
;1;2116
;1;6;2117
;1;4;2118
;2119
;1;14;57;70;71;40;721
;1;2120
;1;14;15;53;224
;1;14;2121
;1;6;2122
;1;4;2123
;1;30;1433
;1;14;52;126;2124
;1;30;1422
;1;14;152;2125
;1;9;2126
;1;9;217;71;40;588
;1;14;79;71;40;96
;1;9;2127
;1;2;2128
;1;65;1661
;1;4;2129
;1;2;2130
;1;14;15;220
;1;14;57;2131
;1;21;43
;1;14;112;71;40;78
;1;267;2132
;1;681;2133
;1;2;2134
;1;2;2135
;1;14;2136
;1;2137
;2138
;1;14;57;1625
;1;65;1651
;1;2;2139
;1;2140
;1;12;2141
;1;14;2142
;1;14;15;53;824
;1;9;2143
;1;14;82;2144
;1;14;2145
;1;2;2146
;1;92;2147
;1;6;2148
;1;2;2149
;1;6;2150
;1;2151
;1;2152
;1;2;2153
;1;2154
;1;14;2155
;1;267;2156
;1;14;15;53;2157
;1;2158
;1;243;2159;1756
;1;267;2160
;1;2161
;1;9;217;71;40;1078
;1;2162
;1;14;301
;1;14;52;176;71;40;563
;1;2163
;1;2164
;1;14;95;71;40;113
;1;14;152;2165
;1;14;2166
;1;14;52;176;71;40;2167
;1;2;2168
;1;14;152;2169
;1;65;1835
;1;2;2170
;2171
;1;2172
;1;14;2173
;1;14;2174
;1;2;2175
;1;14;2176
;1;30;914
;1;9;245;71;40;529
;1;14;57;1198
;1;65;2177
;1;14;2178
;1;4;859
;1;9;2179
;1;91
;1;65;2180
;1;2;2181
;1;14;52;2182
;1;2;2183
;1;14;2184
;1;12;2185
;1;14;52;70;71;40;2048
;1;14;2186
;2187
;1;2188
;1;4;2189
;1;14;57;1978
;1;2;2190
;1;14;2191
;1;6;2192
;1;9;2193
;1;4;2194
;1;14;2195
;1;2196
;1;14;57;126;1555
;1;2197
;1;2198
;1;2199
;1;92;2200
;1;2201
;1;14;2202
;1;9;2203
;1;14;95;71;40;80
;1;14;467;71;40;218
;1;14;57;126;1933
;1;14;2204
;1;12;2205
;1;4;2206
;1;2;2207
;1;14;15;827
;1;14;2208
;1;603;2209
;1;65;2210
;1;2;2211
;1;14;15;53;2212
;1;30;1171
;1;14;95;71;40;468
;1;14;82;2213
;1;14;15;53;2214
;1;14;57;1548
;1;6;2215
;1;14;15;2216
;1;14;15;126;1586
;1;4;712
;1;12;1950
;1;14;152;2217
;1;14;52;1915
;1;65;1261
;1;65;2218
;1;30;1624
;1;14;57;70;71;40;835
;1;2;2219
;1;30;2220
;1;14;2221
;1;14;2222
;1;14;152;2223
;1;2;2224
;1;14;15;1129
;1;2;2225
;1;2226
;1;14;52;70;71;40;1120
;1;2227
;1;2;2228
;1;14;296;71;40;778
;1;2229
;1;14;57;70;71;40;2230
;1;14;15;176;71;40;795
;1;9;2231
;1;30;2232
;1;14;2233
;1;2;2234
;1;14;2235
;1;9;2236
;1;2237
;1;6;2238
;1;2;2239
;1;14;52;1061
;1;2240
;1;14;2241
;1;2242
;1;603;2243
;1;14;755
;1;14;15;126;516
;1;65;2107
;1;6;2244
;1;2245
;1;2246
;1;2;2247
;1;65;2248
;1;554;1270
;1;603;2249
;1;9;2250
;1;2251
;1;2252
;1;681;2253
;1;14;2254
;1;9;2255
;1;2;2256
;1;2;2257
;1;30;1466
;1;4;2258
;1;14;467;71;40;151
;1;12;2259
;1;65;1444
;1;63;1965
;1;14;2260
;1;2261
;1;14;2262
;1;2;2263
;1;14;2264
;1;14;2265
;1;14;82;83;1756
;1;14;2266
;1;14;2267
;1;14;2268
;1;14;112;71;40;365
;1;14;15;371
;1;6;2269
;1;9;2270
;1;9;2271
;1;2;2272
;1;9;2273
;1;2274
;1;30;2275
;1;6;2276
;1;2;2277
;1;4;1393
;1;14;2278
;1;14;52;126;2279
;1;2280
;1;267;2281
;1;2282
;1;2;2283
;1;14;15;126;862
;1;9;2284
;1;14;2285
;1;9;2286
;1;2287;2288;473;40;474
;1;2;2289
;1;65;1237
;1;14;2290
;1;14;2291
;1;267;2292
;1;2293
;1;2294
;1;30;2295
;1;14;2296
;1;2297
;2298
;1;14;52;126;2157
;1;65;782
;1;14;82;2299
;1;2;2300
;1;14;152;2301
;1;14;15;126;732
;1;14;15;2302
;1;4;674
;1;2;2303
;1;2;2304
;1;30;2305
;1;9;2306
;1;92;2307
;1;2308
;1;2309
;1;14;2310
;1;4;2311
;1;14;52;692
;1;2312
;1;42;2313
;1;2;2314
;1;243;2315
;1;30;2194
;1;2;2316
;1;2317
;1;14;15;1146
;1;9;2318
;1;9;2319
;1;4;2320
;1;9;2321
;1;14;15;126;1781
;1;6;2322
;1;14;2323
;1;2;2324
;1;14;2325
;1;2;2326
;1;14;57;70;71;40;521
;1;9;2327
;1;12;2328
;1;14;2329
;1;14;2330
;1;2;2331
;1;14;152;2332
;1;65;2333
;1;92;285;40;286;2334;490
;1;2335
;2336
;1;4;2337
;1;14;15;53;2338
;1;14;57;53;879
;1;4;2339
;1;215;2340
;1;12;2341
;1;14;2342
;1;63;2343
;1;65;2344
;1;14;15;70;71;40;2167
;1;30;2345
;1;2346
;1;65;1290
;1;2347
;1;2;2348
;1;267;2349
;1;554;90
;1;2350
;1;30;2351
;1;12;2352
;1;65;888
;1;2353
;1;30;2354
;1;12;2355
;1;30;213
;1;14;95;71;40;1032
;1;243;2356
;1;603;2357
;1;14;57;1080
;1;2358
;1;9;2359
;1;14;1436
;1;65;2360
;1;14;2361
;1;65;2362
;1;471;2288;473;40;474
;1;2;2363
;1;30;2364
;1;2365
;1;2366
;1;65;1028
;1;2367
;1;14;152;1398
;1;14;152;2368
;1;14;52;176;71;40;227
;1;14;2369
;1;65;2370
;1;2;2371
;1;14;2372
;1;14;2373
;1;6;2374
;1;14;57;53;984
;1;14;2375
;1;14;52;70;71;40;721
;1;30;2376
;1;4;2377
;1;14;2378
;1;2379
;1;243;2159;1194
;1;267;2380
;1;2;2381
;1;14;2382
;1;2383
;1;14;2384
;1;2385
;1;9;2386
;1;2;2387
;1;2;2388
;1;14;152;2389
;1;14;152;2390
;1;14;653
;1;2;2391
;1;9;2392
;1;14;15;2393
;1;14;57;53;1984
;1;14;2394
;1;30;2395
;1;14;152;2396
;1;14;2397
;1;9;2398
;1;2399
;1;681;29
;1;14;57;53;737
;1;14;2400
;1;63;2401
;1;6;2402
;1;14;1918
;1;14;57;2403
;1;2;2404
;1;30;2405
;1;2406
;1;65;916
;1;14;2407
;1;14;57;126;1292
;1;2;2408
;1;2409
;1;14;57;176;71;40;1302
;2410
;1;14;15;126;1555
;1;63;2411
;1;4;2412
;1;14;15;53;184
;1;12;2413
;1;2;2414
;1;12;2415
;1;14;52;136
;1;2;2416
;1;30;2417
;1;14;2418
;1;14;2419
;1;30;2420
;1;9;2421
;1;2;2422
;1;2423
;1;30;2424
;1;2425
;1;243;2159;555
;1;9;2426
;1;2;2427
;1;9;2428
;1;14;152;2429
;1;14;57;53;497
;1;662;2430
;1;14;57;146;39;40;2431
;1;2432
;1;2;2433
;1;2434
;1;14;152;567
;1;2435
;1;4;2436
;1;63;2437
;1;14;57;2438
;1;14;82;2439
;1;14;52;70;71;40;1662
;1;14;152;2440
;1;14;152;2441
;1;2;2442
;1;9;2443
;1;2444
;1;14;2445
;1;14;52;126;205
;1;4;1624
;1;2;2446
;1;14;152;2447
;1;9;2448
;1;14;2449
;1;681;2450
;1;14;2451
;1;9;2452
;1;1044;1913
;1;30;2453
;1;9;2454
;1;14;2455
;1;12;2456
;1;2457
;1;89;1756
;1;4;2458
;1;12;2459
;2460
;1;12;2461
;1;14;52;70;71;40;300
;1;4;2462
;1;2463
;1;12;2464
;1;603;2465
;1;2466
;1;14;152;2467
;1;4;2468
;1;14;112;71;40;260
;1;14;2469
;1;92;2470
;1;2;2471
;1;14;82;956
;1;14;15;176;71;40;1074
;1;9;2472
;1;21;483
;1;2473
;1;267;2474
;1;14;2475
;1;2;2476
;1;4;421
;1;14;152;2477
;1;2478
;1;2;2479
;1;9;2480
;1;267;2481
;1;9;2482
;1;30;2483
;1;2;2484
;1;2;2485
;1;6;2486
;1;2;2487
;1;12;2488
;1;14;2489
;1;2490;2288;473;40;474
;1;4;2491
;1;63;2492
;1;2493
;1;6;2494
;1;2;2495
;1;14;2496
;1;30;2497
;1;12;2498
;1;14;15;126;224
;1;14;2499
;1;65;2497
;1;14;52;126;824
;1;2500
;1;14;467;71;40;419
;1;2;2501
;1;14;112;71;40;338
;1;2;2502
;1;30;76
;1;2503
;1;2504
;1;2505
;1;14;15;70;71;40;586
;1;9;2506
;1;2507
;1;14;2508
;1;9;2509
;1;14;52;176;71;40;609
;1;14;2510
;1;14;2511
;1;14;57;2512
;1;65;2513
;1;243;2159;1241
;2514
;1;12;2515
;1;14;52;53;525
;1;9;2516
;1;30;190
;1;65;1300
;1;14;15;2517
;1;14;450;71;40;402
;1;2518
;1;65;2519
;1;4;2520
;1;9;2521
;1;92;2522
;1;14;2523
;1;2524
;1;14;57;126;2124
;1;14;57;315
;1;14;152;2525
;1;2;2526
;1;9;2527
;1;14;2528
;1;30;2529
;1;14;77;71;40;96
;1;14;52;176;71;40;749
;1;14;2530
;1;65;2531
;1;92;285;40;286;2334;288
;1;14;2532
;1;14;2533
;1;65;2376
;1;4;2417
;1;267;2534
;1;2;2535
;1;14;450;71;40;556
;1;14;150;71;40;402
;1;65;2536
;1;9;2530
;1;14;2537
;1;2;2538
;1;2539
;1;14;152;2540
;1;65;2295
;1;2541
;1;1044;1194
;1;1248;2542
;1;12;2543
;1;9;2544
;1;14;52;70;71;40;504
;1;30;2545
;1;2;2546
;1;2547
;1;14;2548
;1;30;1651
;1;2;2549
;1;2;2550
;1;4;1444
;1;14;52;70;71;40;194
;1;2551
;1;6;2552
;1;14;15;975
;1;9;2553
;1;14;152;2554
;1;14;2555
;1;14;2556
;1;49;1559
;1;4;2557
;1;2;2558
;1;14;52;70;71;40;645
;1;14;450;71;40;260
;1;42;2559
;1;14;57;1928
;1;14;2560
;1;267;2561
;1;14;2562
;1;14;150;71;40;588
;1;9;2563
;1;14;52;53;766
;1;2564
;1;2;2565
;1;2566
;1;2;2567
;1;2;2568
;1;14;2569
;1;65;119
;1;2570
;1;14;57;126;54
;1;92;2571
;1;30;1005
;1;2;2572
;1;65;2573
;1;63;2574
;1;2;2575
;1;9;2576
;1;14;2577
;1;14;52;70;71;40;2004
;1;14;57;126;632
;1;9;423
;1;603;2578
;1;267;2579
;1;63;2580
;1;9;2581
;1;2;2582
;1;14;2583
;1;49;1045
;1;14;2584
;1;14;15;176;71;40;1600
;1;65;2585
;1;14;2586
;1;2;2587
;1;14;166
;1;2588
;1;30;2589
;1;14;152;2590
;1;2;2591
;1;2;2592
;1;2593
;1;9;2594
;1;267;2595
;1;14;2596
;1;14;2597
;1;14;2598
;1;215;2599
;1;14;52;126;2600
;1;14;152;2601
;1;14;152;2602
;1;12;2603
;1;14;2604
;1;92;2605
;1;14;52;126;2338
;1;14;152;2606
;1;14;2607
;1;267;2608
;2609
;1;2610
;1;63;2611
;1;14;79;71;40;338
;1;6;2612
;1;215;2613
;1;9;2614
;1;9;245;71;40;300
;1;6;2615
;1;9;2616
;1;1044;2617
;1;14;152;2618
;1;63;2619
;1;65;221
;1;12;2620
;1;9;2621
;1;30;1735
;1;65;2622
;1;9;2623
;1;14;152;2624
;1;14;52;1694
;1;14;2625
;1;4;2626
;1;2;2627
;1;14;2628
;1;2;2629
;1;9;217;71;40;643
;1;14;52;53;958
;1;14;112;71;40;239
;1;2630
;1;267;2631
;1;9;2632
;1;243;2633
;1;2634
;1;4;2635
;1;2;2636
;1;4;443
;1;554;664
;1;9;2637
;1;2;2638
;1;6;2639
;1;14;450;71;40;113
;1;14;2640
;2641
;1;12;2642
;1;2;2643
;1;30;2644
;1;14;52;70;71;40;1074
;1;14;152;2645
;1;14;2646
;1;2647
;1;14;2648
;1;14;15;53;1368
;1;63;2315
;1;14;2649
;1;2650
;1;14;95;71;40;151
;1;2651
;1;12;2652
;1;2653
;1;12;2654
;1;2;2655
;1;12;2656
;1;14;152;2210
;1;4;2420
;1;9;2657
;1;215;2658
;1;14;2659
;1;14;57;70;71;40;1600
;1;63;2660
;1;2661
;1;65;2662
;1;30;2663
;1;2664
;1;14;15;176;71;40;1585
;2665
;1;14;2666
;1;6;2206
;1;92;2667
;1;9;217;71;40;297
;1;14;2668
;1;2;2669
;1;2670
;1;14;95;71;40;786
;1;603;2671
;1;2672
;1;1248;2673
;1;2;2674
;1;9;2675
;1;2676
;1;14;2677
;1;267;2678
;1;9;963
;1;14;15;70;71;40;2004
;1;14;95;71;40;297
;1;14;95;71;40;138
;1;9;2679
;1;2680
;1;2;2681
;1;2;2682
;1;14;2683
;1;14;52;126;1558
;1;92;2684
;1;12;2685
;1;14;152;2686
;1;14;152;2687
;1;14;2688
;1;2;2689
;1;49;1504
;1;2;2690
;1;14;15;2691
;1;30;646
;1;14;82;83;50
;1;2;2692
;1;65;1433
;1;2;2693
;1;2694
;1;2;2695
;1;30;2520
;1;2;2696
;1;4;2697
;1;267;2698
;1;9;2699
;1;63;2700
;1;14;2701
;1;14;2702
;1;2287;2030;473;40;474
;1;6;2703
;1;6;2704
;1;14;2705
;1;9;245;71;40;113
;1;14;57;1980
;1;4;2706
;1;4;2707
;1;2708
;1;4;738
;1;9;2709
;1;9;245;71;40;699
;1;14;57;53;1711
;1;14;82;2710
;1;14;57;70;71;40;195
;1;243;2711
;1;14;2712
;1;12;2713
;1;12;2714
;1;14;77;71;40;1365
;1;14;52;176;71;40;412
;1;14;112;71;40;179
;1;14;2715
;1;2716
;1;14;15;70;71;40;338
;1;2;2717
;1;65;682
;1;9;217;71;40;80
;1;215;2718
;1;9;217;71;40;124
;1;14;296;71;40;358
;1;92;2719
;1;14;52;2720
;1;14;15;53;2721
;1;2;2722
;1;14;2723
;1;14;2724
;1;14;15;70;71;40;2725
;1;14;57;126;2214
;1;9;2726
;1;14;95;71;40;708
;1;2727
;1;2;2728
;1;14;15;70;71;40;2729
;1;12;2730
;1;267;2731
;1;4;2732
;1;2;2733
;1;14;152;2734
;1;65;2735
;1;30;2736
;1;6;2737
;1;267;2738
;1;14;2739
;1;14;152;2740
;1;2;2741
;1;267;2742
;1;2;2743
;1;14;15;2744
;1;30;2745
;1;4;2746
;1;12;2747
;1;2748
;1;9;2749
;1;2;2750
;1;2751
;1;14;2752
;1;14;57;126;224
;1;14;2753
;1;14;152;2754
;1;2755
;1;14;15;2756
;1;30;642
;1;12;248
;1;14;2757
;1;14;15;126;519
;1;14;52;70;71;40;306
;1;14;57;1040
;1;14;2758
;1;6;2759
;1;9;2760
;1;14;2761
;1;9;2762
;1;215;2763
;1;1044;1816
;1;14;152;2764
;1;2;2765
;1;2766
;1;2767
;1;14;296;71;40;218
;1;14;2506
;1;2768
;1;2;2769
;1;14;2770
;1;14;2771
;1;30;2772
;1;30;2773
;1;14;2774
;1;14;2775
;1;2;2776
;1;14;57;176;71;40;2777
;1;9;217;71;40;399
;1;14;2778
;1;14;2779
;1;14;2780
;1;2;2781
;1;2;2782
;1;2783
;1;603;2784
;1;12;2785
;1;243;2159;664
;1;6;2786
;1;2;2787
;1;9;245;71;40;643
;1;14;79;71;40;708
;1;2;2788
;1;14;15;38;39;40;2431
;1;14;95;71;40;588
;1;65;667
;1;14;57;53;824
;1;92;298
;1;2789
;2790
;1;2;2791
;1;2;2792
;1;30;2793
;1;14;2794
;1;2795
;1;42;2796
;1;12;2797
;1;14;2798
;1;12;2799
;1;14;152;2800
;1;2801
;1;14;52;2802
;1;14;15;53;100
;1;14;152;2803
;1;30;2804
;1;14;2805
;1;42;676
;1;14;15;176;71;40;1120
;1;6;2806
;1;14;2807
;1;14;52;70;71;40;2725
;1;92;2808
;1;12;2809
;1;14;152;2810
;1;14;2811
;1;12;2812
;1;14;15;70;71;40;306
;1;14;52;176;71;40;504
;1;14;57;126;516
;1;30;1503
;1;14;152;2813
;1;4;2513
;1;2814
;1;2;2815
;1;2;2816
;1;2817
;1;14;15;2818
;1;30;2819
;1;14;2820
;1;9;2821
;1;14;2822
;1;63;2823
;1;2;2824
;1;2;2825
;2826
;1;14;613
;1;2;2827
;1;14;152;2828
;2829
;1;9;2830
;1;9;2831
;1;2832
;1;30;2833
;1;30;1958
;1;92;2017
;1;14;152;2834
;1;14;152;2835
;1;2836
;1;14;57;2216
;1;2837
;1;14;2838
;1;9;2839
;1;14;15;70;71;40;2840
;1;30;1021
;1;65;1587
;1;2841
;1;2842
;1;63;2843
;1;14;2844
;1;14;2845
;1;14;152;2846
;1;63;2847
;1;14;152;2848
;1;92;2849
;1;14;2850
;1;14;2851
;1;12;2852
;1;4;2853
;1;2;2854
;1;1234
;1;4;847
;1;14;2482
;1;92;2855
;1;14;57;2856
;1;2;2857
;1;12;2858
;1;14;1633
;1;14;2859
;1;65;2860
;1;2;2861
;1;12;2862
;1;92;2863
;1;2;2864
;1;14;152;2865
;1;30;392
;1;9;2866
;1;2;2867
;1;4;2868
;1;14;2869
;1;9;2870
;1;65;2871
;1;2;2872
;1;9;2873
;1;215;2874
;1;9;2875
;1;4;354
;1;1248;2876
;1;2;2877
;1;65;1170
;1;2878
;1;14;2879
;1;14;15;70;71;40;2777
;1;2;2880
;1;2;2881
;1;14;2882
;1;14;2883
;1;2;2884
;1;14;152;2885
;1;2886
;1;14;296;71;40;80
;1;14;15;53;1752
;1;2887
;1;2888
;1;14;152;2889
;1;2;2890
;1;14;57;70;71;40;408
;1;2;2891
;1;2;2892
;1;14;57;126;1368
;1;2893
;1;30;2894
;1;14;2895
;1;2896
;1;65;902
;1;4;2885
;1;14;79;71;40;786
;1;603;2897
;1;30;2898
;1;65;2899
;1;2900
;1;14;2901
;1;14;15;176;71;40;2902
;1;12;2903
;1;2904
;1;14;95;71;40;155
;1;2;2905
;1;2906
;1;14;79;71;40;399
;1;2;2907
;1;14;52;70;71;40;927
;1;30;2908
;1;14;705
;1;2909
;1;30;2573
;1;92;285;40;286;2334;2910
;1;6;2911
;1;14;2912
;1;21;22;2913
;2914
;1;60;29
;1;2;2915
;1;2;2916
;1;9;1705
;1;2917
;1;30;2918
;1;12;2919
;1;65;1438
;1;92;285;40;286;489;2910
;1;2;2920
;1;14;57;602
;1;89;84
;1;2;2921
;1;14;52;2744
;1;12;2922
;1;2;2923
;1;14;152;2924
;1;2;2925
;1;14;2926
;1;65;1375
;1;65;946
;1;14;450;71;40;297
;1;2;2927
;1;65;2928
;1;14;450;71;40;476
;1;92;285;40;286;2929
;1;215;2930
;1;30;2931
;1;4;2796
;1;6;2932
;1;2;2933
;1;2;2934
;1;14;52;176;71;40;2230
;1;2935
;1;267;2936
;1;9;245;71;40;80
;1;60;2937
;1;14;57;176;71;40;408
;1;243;2938
;1;4;2939
;1;30;2940
;1;14;15;2941
;1;2;2942
;1;2;2943
;1;2;2944
;1;4;1743
;1;14;296;71;40;338
;1;14;15;2720
;1;2945
;1;9;2946
;1;14;112;71;40;1365
;1;2947
;1;65;2948
;1;14;2949
;1;14;52;2950
;1;92;2951
;1;14;82;2952
;1;9;2953
;1;4;2954
;1;14;82;91
;1;2955
;1;2956
;1;9;245;71;40;358
;1;215;2957
;1;4;417
;1;14;2958
;1;12;2959
;1;65;2390
;1;14;57;38;39;40;2431
;1;14;57;126;2960
;1;2961
;1;9;2962
;1;42;1086
;1;14;2963
;1;14;2964
;1;2965
;1;92;285;40;286;2966
;1;243;1098
;1;14;2967
;1;14;450;71;40;218
;1;14;15;176;71;40;586
;1;662;2968
;1;2969
;1;2970
;1;14;82;2971
;1;65;1739
;1;14;296;71;40;708
;1;65;2931
;1;14;2972
;1;2973
;1;2;2974
;1;2975
;1;2;2976
;1;2;2977
;1;14;15;53;2063
;1;14;15;176;71;40;2729
;1;2978
;1;14;15;2979
;1;2;2980
;1;2;2981
;1;2982
;1;9;1789
;1;2;2983
;1;14;82;2984
;1;65;2985
;1;14;152;2986
;1;14;152;2987
;1;2988
;2989
;1;2990
;1;14;15;70;71;40;620
;1;2;2991
;1;14;52;70;71;40;338
;1;14;15;126;331
;1;9;2992
;1;267;2993
;1;2;2994
;1;42;241
;1;14;57;2995
;1;12;2996
;1;2;2997
;1;14;152;2998
;1;14;15;70;71;40;504
;1;14;583
;1;4;1399
;1;14;15;2999
;1;603;3000
;1;65;328
;1;3001
;1;65;3002
;1;3003
;1;3004
;1;3005
;1;3006
;1;65;249
;1;14;57;693
;1;9;3007
;1;3008
;1;14;82;3009
;1;14;3010
;1;14;152;3011
;1;14;52;2995
;1;2;3012
;1;14;3013
;1;3014
;1;3015
;1;6;3016
;1;6;3017
;1;2;3018
;1;9;245;71;40;588
;1;2;3019
;1;30;3020
;1;14;3021
;1;9;3022
;1;92;285;40;286;3023
;1;14;3024
;1;2;3025
;1;2;3026
;1;2;3027
;1;681;3028
;1;554;1756
;1;14;3029
;1;3030
;1;267;3031
;1;2;3032
;1;14;3033
;1;3034
;1;14;3035
;3036
;1;30;3037
;1;14;52;126;958
;1;30;3038
;1;14;3039
;1;14;15;53;3040
;1;65;321
;1;2;3041
;1;6;3042
;1;65;3043
;1;30;5
;1;14;15;176;71;40;645
;1;14;3044
;1;14;15;53;1711
;1;30;1793
;1;14;152;1052
;1;3045
;1;2;3046
;1;14;3047
;1;2;3048
;1;6;3049
;1;2;3050
;1;9;245;71;40;297
;1;14;3051
;1;14;3052
;1;6;3053
;1;12;3054
;1;4;3055
;1;14;1391
;1;1044;664
;1;2;3056
;1;2;3057
;1;2;3058
;1;14;152;3059
;1;30;3060
;1;9;544
;1;2;3061
;1;2;3062
;1;14;82;3063
;1;14;3064
;1;3065
;1;14;57;176;71;40;1927
;1;6;3066
;1;14;3067
;1;14;3068
;1;30;1598
;1;14;152;3069
;1;9;3070
;1;2;3071
;1;14;79;71;40;78
;1;4;3072
;1;267;3073
;1;65;1021
;1;12;3074
;1;14;57;70;71;40;189
;1;30;364
;1;63;3075
;1;65;3076
;1;21;985;1913
;1;9;217;71;40;699
;1;12;3077
;1;2;3078
;1;14;152;2497
;1;14;3079
;1;3080
;1;14;3081
;1;14;57;176;71;40;2729
;1;3082
;1;30;3083
;1;2;3084
;1;14;3085
;1;12;3086
;1;14;3087
;1;9;3088
;1;3089
;1;2;3090
;1;14;3091
;1;3092
;1;6;3093
;1;14;152;1160
;1;603;3094
;1;65;3095
;1;4;2928
;1;2;3096
;1;2;3097
;1;14;15;3098
;1;65;2644
;1;30;3099
;1;1044;1756
;1;65;3100
;1;14;57;3101
;1;92;285;40;286;3102
;1;63;3103
;1;4;109
;1;3104
;1;14;77;71;40;1078
;1;3105
;1;2;3106
;1;2;3107
;1;14;15;70;71;40;300
;1;30;1710
;1;65;3108
;1;30;1763
;1;3109
;1;12;3110
;1;14;3111
;1;14;152;3108
;1;92;3112
;1;14;3113
;1;30;352
;1;14;15;126;23
;1;14;3114
;1;14;82;3115
;1;2;3116
;1;12;3117
;1;30;2519
;1;14;3118
;1;14;57;70;71;40;665
;1;3119
;1;14;3120
;1;14;57;1062
;1;2;3121
;1;65;3122
;1;14;152;528
;1;63;3123
;1;65;2773
;1;65;2954
;1;14;3124
;1;3125
;1;9;3126
;1;14;3127
;1;14;3128
;1;14;3129
;1;2;3130
;1;14;2284
;1;3131
;1;30;2370
;1;14;450;71;40;529
;1;3132
;1;4;3133
;1;2;3134
;1;49;1241
;1;14;152;3135
;1;14;3136
;1;2;3137
;1;3138
;1;2;3139
;1;2;3140
;1;14;3141
;1;92;3142
;3143
;1;9;3144
;1;9;3145
;1;2;3146
;1;9;3147
;1;14;3148
;1;3149
;1;14;52;126;1451
;1;65;696
;1;3150
;1;14;82;3151
;1;3152
;1;3153
;1;3154
;1;14;3155
;1;30;1067
;1;14;3156
;1;4;428
;1;3157
;3158
;1;9;245;71;40;138
;1;14;3159
;1;3160
;1;14;82;3161
;1;14;3162
;1;14;52;2302
;1;3163
;1;4;2937
;1;92;3164
;1;14;52;2979
;1;14;52;1928
;1;14;52;53;2214
;1;9;217;71;40;151
;1;9;3165
;1;12;3166
;1;14;15;53;1555
;1;14;3167
;1;3168
;1;14;15;70;71;40;1120
;1;14;52;176;71;40;194
;1;3169
;1;30;3170
;1;2;3171
;1;14;52;70;71;40;1600
;1;14;150;71;40;239
;1;6;3172
;1;14;57;70;71;40;2048
;3173
;1;2;3174
;1;603;3175
;1;14;3176
;1;9;3177
;1;2;3178
;1;14;152;3179
;1;14;150;71;40;1213
;1;9;3180
;1;14;52;1931
;1;14;57;1521
;1;65;1828
;1;65;3181
;1;12;3182
;1;4;3183
;1;92;3184
;1;2;3185
;1;14;3186
;1;1248;3187
;1;14;3188
;1;65;3189
;1;14;3190
;1;2;3191
;1;49;3192
;1;14;15;2438
;3193
;1;603;3194
;1;65;1453
;1;681;3195
;1;3196
;1;14;3197
;1;2;3198
;1;14;152;3199
;1;9;3200
;1;4;1237
;1;30;1201
;1;14;3201
;1;9;3202
;1;65;2894
;3203
;1;4;777
;1;2;3204
;1;3205
;1;63;3206
;1;6;3207
;1;9;3208
;1;65;3209
;1;4;3210
;1;12;3211
;1;2;3212
;1;14;15;126;574
;1;9;3213
;1;2;3214
;1;3215
;1;2;3216
;1;92;637
;1;14;152;3217
;1;9;3218
;1;9;217;71;40;529
;1;14;15;1931
;1;12;3219
;1;14;3220
;1;30;3221
;1;3222
;1;267;3223
;1;30;601
;1;65;3224
;1;14;15;53;1305
;1;14;467;71;40;476
;1;3225
;1;14;57;3226
;1;9;3227
;1;14;3228
;1;9;3229
;1;12;3230
;1;2;3231
;1;14;57;53;1781
;1;14;152;3232
;1;3233
;1;2;3234
;1;14;152;3235
;1;9;809
;1;14;3236
;1;14;3237
;1;2;3238
;1;9;3239
;1;92;3240
;1;9;3241
;1;92;3242
;1;2;3243
;1;2;3244
;1;9;3245
;1;63;3246
;1;14;3247
;1;14;467;71;40;699
;1;267;3248
;1;2;3249
;1;14;467;71;40;260
;1;3250
;1;30;2531
;1;6;3251
;1;14;57;53;2600
;1;65;2368
;1;65;3252
;1;14;3253
;1;14;52;176;71;40;2777
;1;14;52;1980
;1;4;3254
;1;14;95;71;40;239
;1;14;152;3255
;1;12;3256
;1;14;3257
;1;6;3258
;1;14;52;602
;1;30;3259
;1;662;3260
;1;30;3261
;1;14;52;126;2106
;1;12;3262
;1;14;52;126;1555
;1;14;79;71;40;297
;1;65;2032
;1;65;3263
;1;14;3264
;1;3265
;1;14;57;53;331
;1;30;3100
;1;3266
;1;65;2091
;1;14;52;126;2960
;1;14;3267
;1;2;3268
;1;14;52;53;127
;1;65;674
;1;30;226
;1;9;245;71;40;620
;1;30;2206
;1;3269
;1;2;3270
;1;14;15;53;1553
;1;14;52;176;71;40;3271
;1;603;3272
;1;14;15;1420
;1;3273
;1;65;3274
;1;14;57;176;71;40;1144
;1;65;616
;1;14;3275
;1;3276
;1;14;82;3277
;1;9;3278
;1;12;3279
;1;3280
;1;9;3281
;1;30;3282
;1;4;3283
;1;2;3284
;1;3285
;1;3286
;1;92;3287
;1;14;150;71;40;260
;1;3288
;1;4;29
;1;9;3289
;1;92;3290
;1;14;3291
;1;21;3292
;1;65;3293
;1;3294
;1;92;3295
;1;1248;3296
;1;14;57;176;71;40;2840
;1;3297
;1;3298
;1;9;1637
;1;9;3299
;1;14;57;2182
;1;3300
;1;14;15;1652
;1;14;15;126;2063
;1;65;3301
;1;14;57;53;127
;1;14;3302
;1;14;15;126;1292
;1;3303
;1;2;3304
;1;3305
;1;14;3306
;1;4;3307
;1;30;3308
;1;14;467;71;40;529
;1;14;15;126;3309
;1;14;57;70;71;40;749
;1;215;3310
;1;14;57;2941
;1;2;3311
;1;4;1653
;1;30;3312
;1;14;152;3313
;1;3314
;1;2;3315
;1;14;3316
;1;65;1067
;1;14;15;70;71;40;521
;1;3317
;1;3318
;1;2;3319
;1;9;3320
;1;14;152;3321
;1;9;3322
;1;14;15;126;2124
;1;14;52;176;71;40;801
;1;2;3323
;1;14;15;126;375
;1;9;3324
;1;1044;84
;1;14;3325
;1;30;3326
;1;63;3327
;1;14;450;71;40;365
;1;4;2405
;1;3328
;1;92;3151
;1;3329
;1;14;3330
;1;14;3331
;1;12;3332
;1;14;15;693
;1;3333
;1;14;52;53;862
;1;14;52;176;71;40;3334
;1;9;3335
;1;12;3336
;1;30;1653
;1;14;15;176;71;40;1557
;1;14;450;71;40;1585
;1;14;52;126;519
;1;267;3337
;1;14;3338
;1;2;3339
;1;14;52;176;71;40;338
;1;14;52;126;1711
;1;9;3340
;1;14;57;53;1586
;1;14;52;70;71;40;1144
;1;3341
;1;14;3342
;1;14;467;71;40;300
;1;3343
;1;14;3344
;1;14;3345
;1;2;3346
;1;14;152;3347
;1;14;52;70;71;40;2729
;1;3348
;1;21;22;3349
;1;4;3037
;1;6;3350
;1;2;3351
;1;14;3352
;1;9;3353
;1;12;3354
;1;2;3355
;1;3356
;1;4;1958
;1;4;2894
;1;6;3357
;1;2;3358
;1;3359
;1;12;3360
;1;9;3361
;1;14;3362
;1;14;3363
;1;14;57;220
;1;2;3364
;1;14;15;3101
;1;14;3365
;1;14;3366
;1;14;57;53;3309
;1;2;3367
;1;14;152;3368
;1;14;15;176;71;40;588
;1;2;3369
;1;14;3370
;1;4;3371
;1;12;3372
;1;14;52;126;2212
;1;30;1363
;1;6;3373
;1;14;52;126;3040
;1;92;3374
;1;14;52;70;71;40;609
;1;2;3375
;1;14;152;3376
;1;65;3259
;1;49;1913
;1;14;82;3377
;1;14;150;71;40;573
;1;2;3378
;1;4;3379
;1;30;3274
;1;4;3380
;1;21;3381
;1;30;3382
;1;603;3383
;1;3384
;1;243;2159;90
;1;6;3385
;1;3386
;1;65;424
;1;267;3387
;1;4;3388
;1;267;3389
;1;30;109
;1;4;682
;1;14;152;3390
;1;3391
;1;6;3392
;1;65;3393
;1;12;1086
;1;2;3394
;1;14;3395
;1;6;3396
;1;14;77;71;40;786
;1;65;3397
;1;3398
;1;9;3399
;1;2;3400
;1;3401
;1;14;15;70;71;40;795
;1;14;52;176;71;40;2729
;1;14;57;126;594
;1;63;3402
;1;2;3403
;1;14;3404
;1;14;3405
;1;4;3406
;1;63;301
;1;14;467;71;40;179
;1;9;3407
;1;14;57;70;71;40;2725
;1;14;3408
;1;14;3409
;1;14;52;53;2600
;1;4;3410
;1;3411
;1;12;3412
;1;14;52;340
;1;3413
;1;9;3414
;1;92;670
;1;9;245;71;40;338
;1;14;52;126;1176
;1;3415;3416;3417;40;474
;1;14;57;70;71;40;1302
;1;4;3418
;1;6;3419
;1;14;52;941
;1;9;3420
;1;12;3421
;1;2;3422
;1;3423
;1;9;3424
;1;92;3425
;1;3426
;1;14;15;176;71;40;498
;1;9;3427
;1;14;152;3428
;1;63;2855
;1;14;152;3429
;1;9;3430
;1;243;3431
;1;14;52;3432
;1;14;57;2756
;1;6;3433
;1;2;3434
;1;14;15;3435
;1;267;3436
;1;14;3437
;1;14;3438
;1;2;3439
;1;2;3440
;1;14;82;3441
;1;14;57;126;1711
;1;14;52;176;71;40;1302
;1;9;3442
;1;14;152;3443
;1;3444
;1;3445
;1;14;52;2999
;1;14;52;53;23
;1;3446
;1;14;52;126;1752
;1;12;3447
;1;3448
;1;14;57;126;879
;1;14;3449
;1;3450
;1;14;1569
;1;2;3451
;1;14;3452
;1;3453
;1;2;3454
;1;30;3455
;1;30;1096
;1;92;285;40;286;489;864
;1;14;3456
;1;14;152;3457
;1;14;15;70;71;40;1916
;1;14;15;146;39;40;41
;3458
;1;65;1058
;1;63;584
;1;14;3239
;1;65;1802
;1;6;3459
;1;4;3460
;1;14;57;70;71;40;1662
;1;14;15;70;71;40;1074
;1;4;616
;1;14;15;2512
;1;9;3461
;3462
;1;9;3463
;1;14;15;126;2338
;1;14;57;176;71;40;300
;1;14;52;3464
;1;2;3465
;1;9;217;71;40;138
;1;2;3466
;1;14;15;176;71;40;260
;1;63;3467
;1;14;3468
;1;14;3469
;1;14;3470
;1;2;3471
;1;14;3472
;1;14;152;3473
;1;14;77;71;40;1032
;1;65;3474
;1;14;15;70;71;40;412
;1;14;52;53;732
;1;65;3475
;1;243;584
;1;12;3476
;1;14;52;176;71;40;1662
;1;9;3477
;1;2;3478
;1;3479
;1;2;3480
;1;14;450;71;40;300
;1;2;3481
;1;4;3482
;1;4;3312
;1;14;152;3483
;1;92;3484
;1;3415;3485;3417;40;474
;1;3486
;1;3487
;1;92;3488
;1;603;3489
;1;6;3490
;1;9;3491
;1;1248;3492
;1;14;3493
;1;65;2364
;1;14;3494
;1;14;467;71;40;402
;1;9;3495
;1;4;3496
;1;14;3497
;1;14;112;71;40;620
;1;14;3498
;1;12;3499
;1;65;1130
;1;2;3500
;1;14;3501
;1;4;3502
;1;2;3503
;1;3504
;1;14;3505
;1;9;3506
;1;603;3507
;1;267;3508
;1;14;57;176;71;40;2230
;1;6;3509
;1;30;3510
;1;14;52;176;71;40;1927
;1;12;3511
;1;267;3512
;1;30;549
;1;14;3513
;1;65;1948
;1;14;79;71;40;239
;1;65;3514
;1;63;877
;1;14;3515
;1;14;15;176;71;40;72
;1;92;3516
;1;14;52;70;71;40;1562
;1;2;3517
;1;14;152;3518
;1;2;3519
;1;14;82;3520
;1;9;3521
;1;3522
;1;2;3523
;1;2;3524
;1;65;3525
;1;14;3526
;1;14;57;3527
;1;267;3528
;1;14;3529
;1;2;3530
;1;14;3531
;1;30;3532
;1;4;3533
;1;3534
;1;14;52;38;39;40;2431
;1;14;57;70;71;40;3271
;1;14;150;71;40;468
;1;6;3535
;1;60;3166
;1;30;3209
;1;14;3536
;1;30;333
;1;9;3537
;1;2;3538
;1;4;3539
;1;9;245;71;40;78
;1;30;3540
;1;30;3541
;1;14;15;176;71;40;1302
;1;14;52;126;1984
;1;14;52;53;2124
;1;14;3542
;1;12;3543
;1;92;3544
;1;9;3545
;1;12;3546
;1;14;15;70;71;40;1110
;1;14;450;71;40;620
;1;3547
;1;14;152;3548
;1;14;3549
;1;14;15;176;71;40;1662
;1;14;152;3550
;1;14;57;126;3551
;1;14;3552
;1;14;15;2403
;1;2;3553
;1;14;15;176;71;40;81
;1;14;3554
;1;14;57;176;71;40;749
;1;4;3555
;1;9;3556
;1;267;3557
;1;4;2644
;1;2;3558
;1;3559
;1;2287;1189;473;40;474
;1;4;3514
;1;3560
;1;65;3561
;1;65;3562
;1;92;3563
;1;14;112;71;40;556
;1;2;3564
;1;3565
;1;9;3566
;1;92;3567
;1;92;285;40;286;3568
;1;63;3569
;1;14;52;2512
;1;14;152;2868
;1;14;3570
;1;14;52;176;71;40;498
;1;30;3571
;1;63;3572
;1;65;3573
;1;2;3574
;1;14;15;176;71;40;721
;1;2;3575
;1;4;2573
;1;30;3576
;1;9;3577
;1;3578
;1;14;57;70;71;40;338
;1;63;3579
;1;14;467;71;40;78
;1;1784
;1;14;15;3432
;1;65;3580
;1;9;3581
;1;3582
;1;14;152;3583
;1;14;112;71;40;80
;1;14;3584
;1;267;3585
;1;603;3586
;1;2;3587
;1;6;3588
;1;12;3589
;1;2;3590
;1;30;3591
;1;6;3592
;1;14;3593
;1;14;3594
;1;9;245;71;40;468
;1;267;3595
;1;14;3596
;1;92;3597
;1;3598
;1;14;57;70;71;40;498
;1;14;52;53;2960
;1;2;3599
;1;14;3600
;1;9;3601
;1;14;52;3602
;1;14;3603
;1;14;3604
;1;9;3605
;1;2;3606
;1;14;152;1258
;1;9;3607
;1;14;52;126;184
;1;3608
;1;92;3609
;1;3610
;1;2;3611
;1;3612
;1;14;57;126;127
;1;14;150;71;40;643
;1;14;3613
;1;9;3614
;1;2;3615
;1;65;3616
;1;14;3617
;1;12;3618
;1;14;450;71;40;573
;1;9;3619
;1;4;3263
;1;2;3620
;1;3621
;1;49;1816
;1;14;3622
;1;2;3623
;1;14;52;176;71;40;1120
;1;14;152;3624
;1;3625
;1;14;52;2216
;1;2;3626
;1;14;15;176;71;40;434
;1;9;3627
;1;30;959
;1;2;3628
;1;3629
;1;14;152;3630
;1;30;233
;1;3631
;1;21;22;3632
;1;14;3633
;1;9;3634
;1;14;3635
;1;4;3636
;1;14;3637
;1;14;467;71;40;1585
;1;3638
;1;14;1954
;1;14;152;3639
;1;14;15;126;3551
;1;9;3640
;1;14;3641
;1;6;3642
;1;6;3643
;1;49;2617
;1;6;3644
;1;3645
;1;65;3646
;1;3647
;1;14;3648
;1;65;549
;1;9;3649
;1;9;3650
;1;3651
;1;3652
;1;9;3653
;1;3654
;1;2;3655
;1;14;3656
;1;6;3657
;1;92;3658
;1;30;3659
;1;14;82;83;90
;1;14;3660
;1;14;150;71;40;113
;1;3661
;1;6;3662
;1;14;57;126;184
;1;60;2206
;1;14;3663
;1;267;3664
;1;14;152;3665
;1;65;1860
;1;14;52;3666
;1;14;3667
;1;14;15;70;71;40;72
;1;6;3668
;1;4;1374
;1;92;3669
;1;14;52;53;2338
;1;3670
;1;9;3671
;1;92;3672
;1;14;52;3673
;1;65;3674
;1;65;971
;1;3675
;1;3676
;1;14;3677
;1;14;15;70;71;40;1927
;1;9;3678
;1;3679
;1;3680
;1;2;3681
;1;14;52;126;2214
;1;12;3682
;1;65;3221
;1;12;3683
;1;9;3684
;1;14;15;126;100
;1;2;3685
;1;243;3686
;1;3687
;1;30;3688
;1;14;52;53;1933
;1;14;15;53;668
;1;2;3689
;1;14;57;3464
;1;14;152;324
;1;2;3690
;1;14;152;3691
;1;9;217;71;40;179
;1;3692
;1;65;3693
;1;2;3694
;1;14;15;53;3551
;1;2;3695
;1;2;3696
;1;267;3697
;1;65;713
;1;60;1005
;1;14;57;53;1514
;1;14;3698
;1;2;3699
;1;65;332
;1;65;2520
;1;14;3700
;1;14;3701
;1;4;3274
;1;14;3702
;1;6;3703
;1;12;3704
;1;3705
;1;14;57;53;1368
;1;14;3706
;1;2;3707
;1;30;713
;1;12;3708
;1;4;2585
;1;14;3709
;1;2;3710
;1;2;3711
;1;9;245;71;40;1585
;1;2;3712
;1;12;3713
;1;12;3714
;1;14;152;3043
;1;14;52;1040
;1;9;3715
;1;2;3716
;1;4;145
;1;3717
;1;4;3718
;1;3719
;1;65;3720
;1;2;3721
;1;14;3722
;1;2;3723
;1;30;3724
;1;267;3725
;1;42;3726
;1;2;3727
;1;3728
;1;65;3729
;1;14;52;70;71;40;498
;1;9;3730
;1;2;3731
;1;2;3732
;1;267;3733
;1;14;152;3734
;1;14;3735
;1;603;248
;1;6;3736
;1;14;3737
;1;2;3738
;1;60;3739
;1;9;3740
;1;65;3741
;1;12;3742
;1;14;79;71;40;1365
;1;14;152;3743
;1;14;3744
;1;30;1465
;1;9;3148
;1;14;52;176;71;40;645
;1;6;3745
;1;3746
;1;14;15;53;493
;1;14;3747
;1;3748
;1;4;3749
;1;3750
;1;65;627
;1;9;2774
;1;30;3460
;1;14;15;176;71;40;1562
;1;9;3751
;1;9;3752
;1;30;2871
;1;14;15;176;71;40;96
;1;3753
;1;6;3754
;1;14;3755
;1;14;112;71;40;1585
;1;14;3756
;1;9;3757
;1;2;3758
;1;9;3759
;1;2;3760
;1;14;3761
;1;63;3762
;1;65;3763
;1;4;1828
;1;2;3764
;1;4;3765
;1;14;15;941
;1;12;3766
;1;14;52;38;39;40;41
;1;14;917
;1;9;3767
;1;14;3768
;1;3769
;1;14;296;71;40;113
;1;14;3770
;1;63;3771
;1;4;2248
;1;14;150;71;40;529
;1;4;3772
;1;3773
;1;215;3774
;1;12;3775
;1;14;3776
;1;9;3777
;1;9;3778
;1;14;3779
;1;30;3780
;1;14;57;1146
;1;14;52;53;1752
;1;9;3781
;1;3782
;1;9;2373
;1;14;3783
;1;2;3784
;1;30;1881
;3785
;1;3786
;1;14;57;53;2106
;1;14;3787
;1;14;450;71;40;179
;1;267;3788
;1;30;1247
;1;14;82;3789
;1;9;3790
;1;2490;1189;473;40;474
;1;2;3791
;1;3792
;1;14;52;176;71;40;1600
;1;4;599
;1;2;3793
;1;9;3663
;1;14;15;53;516
;1;65;3794
;1;3795
;1;92;285;40;286;3796
;1;3797
;1;30;3798
;1;14;152;3799
;1;14;3800
;1;12;3801
;1;30;2735
;1;14;3802
;1;9;3803
;1;2;3804
;1;14;3805
;1;9;3806
;1;9;3807
;1;92;3808
;1;14;3809
;1;14;296;71;40;939
;1;14;57;1420
;1;2;3810
;1;63;3811
;1;65;1572
;1;14;152;3812
;1;14;15;126;879
;1;3813
;1;2;3814
;1;2;3815
;1;89;685
;1;14;3816
;1;63;3817
;1;2;3818
;1;2;3819
;1;4;1503
;1;14;3820
;1;14;15;176;71;40;3334
;1;14;152;3510
;1;14;57;126;862
;1;4;2275
;1;14;57;70;71;40;1916
;1;14;152;3821
;1;14;3822
;1;14;3823
;1;9;3824
;1;2;3825
;1;603;3826
;1;30;3827
;1;14;3828
;1;2;3829
;1;9;3830
;1;9;3831
;1;65;3312
;1;3832
;1;30;2390
;1;3833
;1;30;428
;1;3834
;1;14;57;53;3551
;1;9;1149
;1;14;3835
;1;4;1870
;1;4;1286
;1;14;150;71;40;365
;1;92;3836
;1;65;3837
;1;12;3838
;1;6;3839
;1;3840
;1;2;3841
;1;14;52;1080
;1;14;3842
;1;3843
;1;14;3844
;1;3845
;1;2;3846
;1;2;3847
;1;14;52;126;1781
;1;3848
;1;65;3849
;1;2;3850
;1;14;3851
;1;14;52;176;71;40;408
;1;9;3852
;1;14;15;70;71;40;2048
;1;14;52;70;71;40;2840
;1;3853
;1;12;895
;1;3854
;1;2;3855
;1;14;3856
;1;92;3857
;1;9;3858
;1;14;3859
;1;3860
;1;14;82;1060
;1;14;3861
;1;14;3862
;1;2;3863
;1;2;3864
;1;14;3865
;1;14;3866
;1;12;3867
;1;14;3868
;3869
;1;14;150;71;40;80
;1;14;3870
;1;14;3871
;1;2;3872
;1;2;3873
;1;30;3874
;3875
;1;21;2855
;1;9;3876
;1;2;3877
;1;2;3878
;1;14;3879
;1;6;3880
;1;14;15;53;1781
;1;3881
;1;14;15;176;71;40;609
;1;554;3882
;1;2;3883
;1;14;52;53;594
;1;49;3884
;1;215;3885
;1;3886
;1;14;15;3673
;1;6;723
;1;9;3887
;1;14;3888
;1;2;3889
;1;12;3890
;1;267;3891
;3892
;1;2;3893
;1;6;3894
;1;14;15;176;71;40;2777
;1;2;3895
;1;4;190
;1;3896
;1;14;3897
;1;30;3898
;1;92;3899
;1;4;3900
;1;14;3901
;1;14;57;2744
;1;14;3902
;1;14;52;126;1292
;1;9;1788
;1;65;3903
;1;2;3904
;1;12;3905
;1;12;3906
;1;9;3907
;1;14;95;71;40;1585
;1;14;82;3908
;1;30;3909
;1;14;82;3910
;1;4;3911
;1;4;3798
;1;14;1689
;1;65;808
;1;14;3912
;1;14;3913
;1;14;3914
;1;3915
;1;14;52;70;71;40;128
;1;65;1590
;1;4;1567
;1;14;152;3916
;1;14;152;3917
;1;3918
;1;65;1988
;1;2;3919
;1;3920
;1;65;2803
;1;14;3921
;1;14;3922
;1;267;3923
;1;3609
;1;3924
;1;2;3925
;1;2;3926
;1;14;57;176;71;40;2725
;1;14;82;3927
;1;9;3515
;1;14;57;176;71;40;1916
;1;2;3928
;1;14;467;71;40;124
;1;3929
;1;2;3930
;1;9;217;71;40;1365
;1;267;241
;1;14;15;1521
;1;30;1939
;1;14;52;126;525
;1;2;3931
;1;267;3932
;1;14;3933
;1;14;3934
;1;14;57;53;2960
;1;9;3935
;1;14;57;126;824
;1;4;3936
;3937
;1;14;3938
;1;267;3939
;1;14;3940
;1;215;3941
;1;92;3942
;1;215;3943
;1;6;3944
;1;6;3945
;1;14;3946
;1;14;52;314
;1;65;3947
;1;2;3948
;1;2;3949
;1;14;57;1915
;1;2;3950
;1;63;3951
;1;6;3952
;1;6;3953
;1;14;3954
;1;6;3955
;1;30;426
;1;2;3956
;1;14;3957
;1;9;3958
;1;14;152;3959
;1;14;15;53;1292
;1;30;3960
;1;14;450;71;40;1365
;1;9;3064
;3961
;1;3962
;1;9;3963
;1;2;3964
;1;14;57;176;71;40;3334
;1;14;82;3075
;1;92;285;40;286;2334;1831
;1;14;150;71;40;297
;1;14;57;70;71;40;1562
;1;12;3965
;1;14;3966
;1;3967
;1;14;52;70;71;40;1927
;1;2;3968
;1;92;285;40;3969
;1;9;3970
;1;65;101
;1;92;3971
;1;30;3293
;1;14;3972
;1;14;57;70;71;40;2167
;3973
;1;14;15;70;71;40;3334
;1;14;3974
;1;3975
;1;4;2735
;1;14;152;3718
;1;4;3739
;1;14;3976
;1;2;3977
;1;243;3978
;1;14;152;3979
;1;14;3980
;1;14;773
;1;14;52;53;1555
;1;65;251
;1;9;3981
;1;12;3982
;1;14;57;176;71;40;1585
;1;30;3983
;1;1912;2030;473;40;474
;1;2;3984
;1;9;3985
;1;92;3986
;1;14;52;70;71;40;2167
;1;14;2870
;1;30;3987
;1;14;296;71;40;78
;1;2;3988
;1;3989
;1;30;3474
;1;65;3990
;1;2;3991
;1;30;3992
;1;14;57;53;1041
;1;3993
;1;2;3994
;1;14;57;692
;1;14;57;3995
;1;14;3996
;1;14;52;70;71;40;2777
;1;14;52;1427
;1;65;1893
;1;14;152;3997
;1;14;57;176;71;40;2004
;1;14;15;53;331
;1;14;152;3998
;1;6;3999
;1;14;152;4000
;1;14;15;58
;1;9;4001
;1;30;3646
;1;4002
;1;14;152;2177
;1;6;4003
;4004
;1;9;4005
;1;4006
;1;14;4007
;1;6;4008
;1;554;1913
;1;92;4009
;1;12;4010
;1;4011
;1;14;52;53;137
;1;14;450;71;40;151
;1;14;467;71;40;155
;1;14;4012
;1;14;95;71;40;556
;1;14;4013
;1;14;52;70;71;40;835
;1;92;4014
;1;9;4015
;1;14;52;126;137
;1;4016
;1;9;4017
;1;14;4018
;1;30;4019
;1;6;4020
;1;12;4021
;1;2;4022
;1;12;4023
;1;9;4024
;1;14;152;1965
;1;9;4025
;1;14;4026
;1;9;4027
;1;14;57;70;71;40;306
;1;2;4028
;1;4029
;1;4030
;1;2;4031
;1;2;4032
;1;14;77;71;40;939
;1;267;1086
;1;14;4033
;4034
;1;2;4035
;1;4036
;1;30;4037
;1;1248;4038
;1;2;4039
;1;4040
;1;14;15;180
;1;2;4041
;1;14;4042
;1;4043
;1;9;4044
;1;30;4045
;1;30;2129
;1;4046
;1;4047
;1;4;4048
;1;2;4049
;1;65;4050
;1;14;15;126;54
;1;2;4051
;1;4;2376
;1;6;4052
;1;63;4053
;1;2;4054
;1;2;4055
;1;14;4056
;1;63;4057
;1;2;4058
;1;63;4059
;1;14;152;4060
;1;14;150;71;40;476
;1;603;4061
;1;9;217;71;40;708
;1;14;152;4062
;1;14;152;4063
;1;92;4064
;1;12;4065
;1;2;4066
;1;9;4067
;1;14;4068
;1;14;4069
;1;4070
;1;14;52;1773
;1;9;4071
;1;12;4072
;1;4073
;1;12;4074
;1;4075
;1;9;4076
;1;65;3540
;1;14;15;126;137
;1;14;52;126;1368
;1;65;61
;1;65;2793
;1;2;4077
;1;267;4078
;1;6;4079
;1;9;245;71;40;778
;1;12;4080
;1;49;90
;1;2;4081
;1;14;4082
;1;2;4083
;1;4084
;1;4085
;1;14;4086
;1;9;4087
;1;14;296;71;40;138
;1;2;4088
;1;4089
;1;14;52;70;71;40;189
;1;14;4090
;1;267;4091
;1;9;4092
;1;2;4093
;1;4;758
;1;12;4094
;1;2;4095
;1;14;57;70;71;40;563
;1;14;296;71;40;297
;1;4096
;1;14;4097
;1;6;4098
;1;65;4099
;1;14;467;71;40;1032
;1;14;4100
;1;63;1086
;1;92;4101
;1;14;296;71;40;399
;1;30;915
;1;14;15;53;205
;1;6;4102
;1;14;52;53;879
;1;2;4103
;1;4104
;1;9;4105
;1;14;15;53;594
;1;92;4106
;1;2;4107
;1;14;4108
;1;9;4109
;1;9;217;71;40;358
;1;65;3037
;1;92;4110
;1;2;4111
;1;2;4112
;1;14;15;126;1626
;1;14;4113
;1;14;57;126;100
;1;4114
;1;14;57;70;71;40;1120
;1;2;4115
;1;4116
;1;14;15;126;594
;1;14;82;4117
;1;12;4118
;1;14;4119
;1;2;4120
;1;9;4121
;1;4;3674
;1;14;4122
;1;2;4123
;1;12;4124
;1;14;4125
;1;4126
;1;14;15;3666
;1;14;15;142
;1;2;4127
;1;14;152;3765
;1;4128
;1;14;112;71;40;358
;1;14;82;4129
;1;14;481
;1;65;2736
;1;30;4130
;1;2;4131
;1;14;4132
;1;12;4133
;1;4134
;1;14;95;71;40;620
;1;4135
;1;14;57;3432
;1;9;4136
;1;681;4137
;1;63;4138
;1;14;4139
;1;9;4140
;1;14;4141
;1;92;4142
;1;4;4062
;1;65;2351
;1;4;2107
;1;2;4143
;1;63;4144
;1;4;470
;1;63;4145
;1;4146
;1;14;4147
;1;6;4148
;1;2;4149
;1;14;4150
;1;2;4151
;1;14;4152
;1;4;4153
;1;14;4154
;1;12;4155
;1;14;450;71;40;78
;1;2;4156
;4157
;1;9;4158
;1;12;4159
;1;14;79;71;40;1213
;1;2;4160
;1;215;4161
;1;14;57;176;71;40;260
;1;12;4162
;1;4163
;1;2;4164
;1;14;4165
;1;14;4166
;1;4167
;1;4168
;1;65;496
;1;14;15;53;1446
;1;30;1560
;1;2;4169
;1;65;715
;1;14;52;176;71;40;1557
;1;9;4170
;1;65;3960
;1;4;1105
;1;9;217;71;40;778
;1;6;4171
;1;2;4172
;1;2490;2030;473;40;474
;1;14;77;71;40;365
;1;4173
;1;4174
;1;14;152;743
;1;14;57;70;71;40;72
;1;14;4175
;1;2;4176
;1;2;4177
;1;14;4178
;1;14;152;2333
;1;243;4179;84
;1;14;52;53;2157
;1;14;15;4180
;1;9;217;71;40;573
;1;9;4181
;1;14;296;71;40;1078
;1;30;1967
;1;9;4182
;1;65;3780
;1;4;4183
;1;2;4184
;1;92;4185
;1;9;217;71;40;786
;1;4186
;1;603;4187
;1;9;4188
;1;215;4189
;1;2;4190
;1;65;567
;1;2;4191
;1;9;217;71;40;1585
;1;9;4192
;1;14;57;4193
;1;2;4194
;1;243;4195
;1;92;4196
;1;9;2178
;1;92;660
;1;14;152;4197
;1;4198
;1;14;4199
;1;63;4200
;1;30;2928
;1;9;4201
;1;30;4202
;1;4;4203
;1;14;2255
;1;2;4204
;1;14;4205
;1;9;4206
;1;30;1415
;1;21;22;4207
;1;2;4208
;1;14;4209
;1;4;1612
;1;14;4210
;1;2;4211
;1;603;4212
;1;4213
;1;14;15;126;4214
;1;14;52;126;732
;1;9;4215
;1;14;52;53;668
;1;4;715
;1;14;15;176;71;40;3271
;1;2;4216
;1;4217
;1;65;470
;1;4218
;1;4219
;1;14;4220
;1;30;4221
;1;14;4222
;1;267;4223
;1;14;152;4224
;1;9;3247
;1;14;467;71;40;1365
;1;14;1188
;1;267;4225
;1;6;1370
;1;14;4226
;1;9;3091
;1;2;4227
;1;4228
;1;4229
;1;2;4230
;1;2;4231
;1;14;4232
;1;14;4233
;1;267;4234
;1;4235
;1;14;4236
;1;14;3605
;1;14;4237
;1;14;450;71;40;468
;1;603;4238
;1;14;4239
;1;14;77;71;40;451
;1;4;1679
;1;9;4240
;1;4241
;1;2;4242
;1;9;4243
;1;14;77;71;40;151
;1;4;2364
;1;30;4244
;1;65;4202
;1;92;883
;1;14;2092
;1;14;77;71;40;138
;1;14;4245
;1;2;4246
;1;14;15;126;582
;1;4247
;1;14;15;4248
;1;14;4249
;1;30;4250
;1;4251
;1;4252
;1;30;2686
;4253
;1;12;4254
;1;14;52;53;516
;1;267;4255
;1;6;4256
;1;30;2899
;1;14;4257
;1;4258
;1;65;2424
;1;14;152;4259
;1;14;4260
;1;30;2038
;1;14;4261
;1;9;4262
;1;30;1398
;1;12;4263
;1;9;4264
;1;14;152;4265
;1;9;4199
;1;14;79;71;40;620
;1;243;2159;378
;1;2;4266
;1;14;152;4267
;1;14;4268
;1;4;3060
;1;14;152;4269
;1;14;52;53;3551
;1;12;4270
;1;4271
;1;14;15;2995
;1;6;4272
;1;14;15;1548
;1;2;4273
;1;30;3936
;1;2;4274
;1;2;4275
;1;14;4276
;1;4;4277
;1;4278
;1;9;4279
;1;65;4280
;1;30;4281
;1;30;2468
;1;14;4282
;1;14;57;126;737
;1;14;1445
;1;12;4283
;1;4284
;1;14;82;4285
;1;92;285;40;286;4286
;1;14;152;4287
;1;14;4288
;1;4289
;1;4290
;1;30;2948
;1;2;4291
;1;14;4292
;1;14;57;70;71;40;2729
;1;14;15;70;71;40;927
;1;14;15;4293
;1;14;4294
;1;14;4295
;1;14;57;126;1176
;1;14;82;4296
;1;2;4297
;1;4;782
;1;65;4298
;1;14;57;53;2124
;1;14;152;4299
;1;9;4300
;1;2;4301
;1;267;4302
;1;65;4303
;1;681;601
;1;9;4304
;1;2;4305
;1;14;4306
;1;4;723
;4307
;1;2;4308
;1;14;152;343
;4309
;1;49;4310
;1;14;4311
;1;2;4312
;1;14;4313
;1;14;52;2131
;1;14;57;70;71;40;3334
;1;30;4314
;1;30;3674
;1;2;4315
;1;30;4316
;1;4317
;4318
;1;4319
;1;14;4320
;1;14;4321
;1;14;152;4322
;1;4323
;1;14;4324
;1;9;4325
;1;14;52;53;3040
;1;2;4326
;1;4327
;1;267;4328
;1;4329
;1;9;4330
;1;30;4331
;1;14;52;176;71;40;1916
;1;30;2248
;1;65;4332
;1;9;4333
;1;63;4334
;1;14;4335
;1;2;4336
;1;63;3567
;1;14;15;176;71;40;801
;1;4;4337
;1;2;4338
;1;9;217;71;40;451
;1;65;2129
;1;14;77;71;40;218
;1;14;4339
;1;9;4340
;1;14;52;70;71;40;3334
;1;4;2663
;1;2;4341
;1;9;4342
;1;63;4343
;1;30;635
;1;2;4344
;1;92;4345
;1;14;152;3028
;1;14;57;176;71;40;620
;4346
;1;14;150;71;40;138
;1;2;4347
;1;14;152;2458
;1;267;4348
;1;4349
;1;243;4350
;1;2;4351
;1;4352
;1;2;4353
;1;6;4354
;1;14;4355
;1;14;152;4356
;1;2;4357
;1;14;4358
;1;267;4359
;1;4360
;1;14;4361
;1;14;52;70;71;40;2902
;1;14;152;4362
;1;6;4363
;1;4364
;1;14;15;3995
;1;4365
;1;603;4366
;1;63;4367
;1;14;4368
;1;4;4369
;1;14;4370
;1;4371
;1;9;3151
;1;65;4372
;1;2;4373
;1;9;4374
;1;2;4375
;1;14;52;53;632
;1;63;4376
;1;14;4377
;1;14;450;71;40;155
;1;30;4378
;1;14;77;71;40;300
;1;2;4379
;1;65;1101
;1;2;4380
;1;14;52;176;71;40;72
;1;4;4381
;1;4;4382
;1;14;4383
;1;65;1679
;1;14;4384
;1;14;57;176;71;40;128
;1;9;4385
;1;4;3170
;1;14;4386
;1;4387
;1;12;4388
;1;14;296;71;40;124
;1;14;79;71;40;179
;1;14;4389
;1;9;4390
;1;6;4391
;1;63;4392
;1;2;4393
;1;4394
;1;9;4395
;1;14;15;53;1586
;1;14;57;176;71;40;177
;1;4396
;1;2;4397
;1;4398
;1;2;4399
;1;4400
;1;14;4401
;1;4;3540
;1;9;3152
;1;14;4402
;1;14;152;4403
;1;4404
;1;2;4405
;1;30;4406
;1;49;84
;1;30;1808
;1;4407
;1;12;4408
;1;2;4409
;1;9;4410
;1;4;3474
;1;2;4411
;1;6;4412
;1;4;4413
;1;92;4414
;1;65;526
;1;4415
;1;2;4416
;1;49;664
;1;6;4417
;1;14;4418
;1;4419
;1;12;4420
;1;2;4421
;1;4422
;1;21;1234
;1;30;4423
;1;30;4424
;1;603;4425
;1;14;152;4426
;1;14;152;316
;1;554;4427
;1;9;4428
;1;14;4429
;1;14;52;70;71;40;1916
;1;14;152;4430
;1;4;251
;1;14;57;53;655
;1;30;4431
;1;14;57;4432
;1;14;4433
;1;14;4434
;1;9;4435
;1;14;4436
;1;4437
;1;14;4438
;1;2;4439
;1;14;15;2950
;1;14;52;176;71;40;620
;1;4440
;1;14;15;176;71;40;620
;1;14;15;913
;1;2;4441
;1;12;4442
;1;14;15;126;737
;1;9;4443
;1;14;82;4444
;1;14;15;176;71;40;2725
;1;9;4445
;1;4446
;1;14;15;1392
;1;4447
;4448
;1;30;34
;1;14;4449
;1;14;15;70;71;40;189
;1;14;15;4450
;1;4;3100
;1;14;450;71;40;96
;1;14;4451
;1;2;4452
;1;4;1370
;1;6;4453
;1;4454
;1;14;4455
;1;30;3525
;1;60;2515
;1;14;57;70;71;40;300
;1;267;4456
;1;9;4457
;4458
;1;2;4459
;1;2;4460
;1;267;4461
;1;9;4462
;1;14;52;70;71;40;3271
;1;2;4463
;1;14;4464
;1;4465
;1;12;4466
;1;4467
;1;14;15;70;71;40;835
;1;14;95;71;40;643
;1;4;888
;1;2;4468
;1;63;4469
;1;14;112;71;40;699
;1;14;52;827
;1;2;4470
;1;14;2762
;1;65;1753
;1;14;57;126;1446
;1;4471
;1;9;3033
;1;12;4472
;1;65;2804
;1;49;4473
;1;49;685
;1;9;4474
;1;14;4475
;1;4476
;1;4477
;1;9;4478
;1;2;4479
;1;9;217;71;40;419
;1;21;4480
;1;12;4481
;1;9;8
;1;4482
;1;4483
;1;4484
;1;2;4485
;1;9;245;71;40;402
;1;4;688
;1;14;4486
;1;681;211
;1;92;4487
;1;14;4488
;1;14;4489
;1;9;4490
;1;2;4491
;1;2;4492
;1;14;4493
;1;92;285;40;286;2334;359
;1;14;52;176;71;40;2048
;1;9;4494
;1;14;57;53;594
;1;2;4495
;1;30;274
;1;30;2954
;1;9;4013
;1;9;4496
;1;9;4497
;1;4498
;1;4499
;1;9;704
;1;4500
;1;9;4222
;1;14;4501
;1;14;4502
;1;4503
;1;14;4504
;1;14;4505
;1;14;150;71;40;939
;1;14;57;70;71;40;2777
;1;2;4506
;1;14;79;71;40;1032
;1;14;57;53;958
;1;2;4507
;1;4508
;1;14;4509
;1;4;4510
;1;63;4511
;1;4512
;1;14;152;3406
;1;14;52;70;71;40;801
;1;4513
;1;92;4514
;1;9;4515
;1;4;211
;1;4516
;1;9;4517
;1;9;4518
;1;14;4519
;1;14;52;70;71;40;749
;1;2;4520
;1;14;152;4521
;1;14;57;53;493
;1;14;77;71;40;1585
;1;4522
;1;14;152;4523
;1;267;4524
;1;2;4525
;1;14;4526
;1;14;57;53;205
;1;14;52;176;71;40;586
;1;63;4527
;1;12;145
;1;4528
;1;4529
;1;215;4530
;1;2;4531
;1;2;4532
;1;14;15;70;71;40;81
;1;14;15;126;2214
;1;14;15;53;2960
;1;65;3533
;1;6;4533
;1;14;57;176;71;40;195
;4534
;1;2;4535
;1;14;4536
;1;14;1082
;1;14;4537
;1;1912;2288;473;40;474
;1;1044;378
;1;14;4538
;1;14;152;3794
;1;4539
;1;14;15;70;71;40;3271
;1;4540
;1;14;4541
;1;4;572
;1;2;4542
;1;4;3221
;1;4543
;1;215;4544
;1;2;4545
;1;14;4546
;1;14;57;176;71;40;2167
;1;4547
;1;14;152;4548
;1;65;352
;1;9;3331
;1;2;4549
;1;14;296;71;40;1032
;1;1912;1189;473;40;474
;1;14;15;1225
;1;14;82;4550
;1;4551
;1;243;2159;50
;1;14;57;2720
;1;14;4552
;1;14;57;2979
;1;2;4553
;1;12;4554
;1;14;4555
;1;6;61
;1;4556
;1;2;4557
;1;9;4558
;1;14;15;1660
;1;6;674
;1;9;4559
;1;14;152;4560
;1;92;4561
;1;14;52;4248
;1;65;4562
;1;30;599
;1;4563
;1;4564
;1;14;152;4565
;1;9;3648
;1;14;15;176;71;40;306
;1;14;4566
;1;14;4567
;1;4568
;1;4;4569
;1;14;57;4248
;1;6;4570
;1;4;1635
;1;14;296;71;40;1213
;1;14;152;4571
;1;4572
;1;215;4573
;1;65;572
;1;14;57;70;71;40;227
;1;14;152;4574
;1;14;15;176;71;40;2840
;1;14;57;371
;1;14;4575
;1;4576
;1;12;4577
;1;4578
;1;4;601
;1;4579
;1;2;4580
;1;14;152;4581
;1;2;4582
;1;2;4583
;1;14;112;71;40;708
;1;14;52;126;1626
;1;14;57;126;2063
;1;14;52;70;71;40;586
;1;9;4584
;1;6;4585
;1;14;82;4586
;1;2;4587
;1;4;3224
;4588
;1;12;4589
;1;603;4590
;1;4591
;1;14;150;71;40;419
;1;14;2632
;4592
;1;14;4593
;1;14;4594
;1;4595
;1;14;52;3098
;1;2;4596
;1;14;52;146;39;40;2431
;1;14;15;126;958
;1;2;4597
;1;30;712
;1;4598
;1;6;4599
;1;65;4600
;1;2;4601
;1;2;4602
;1;14;82;83;555
;1;14;4374
;1;14;15;126;4603
;1;9;4604
;1;30;3210
;1;4605
;1;14;112;71;40;468
;1;6;4606
;1;4607
;1;14;707
;1;6;4608
;1;14;4609
;1;2;4610
;1;2;4611
;1;14;4612
;1;14;152;4613
;1;2;4614
;1;4;2948
;1;92;285;40;286;4615
;1;14;4616
;1;14;4617
;1;4618
;1;65;4619
;1;92;4620
;1;4621
;1;2;4622
;1;2;4623
;1;2;4624
;1;4625
;1;4626
;1;4627
;1;2;4628
;1;30;4629
;1;14;15;3464
;1;14;236
;1;14;52;1062
;1;14;4630
;1;14;4631
;1;14;4632
;1;14;4633
;1;9;245;71;40;151
;1;14;57;2517
;1;14;4634
;1;2;4635
;1;2;4636
;1;65;417
;1;14;4637
;1;92;4638
;1;30;4183
;1;6;4639
;1;4640
;1;14;57;53;732
;1;92;4641
;1;30;1185
;1;14;152;4642
;1;30;649
;1;2;4643
;1;14;4644
;1;14;152;4645
;1;215;4646
;1;14;57;176;71;40;1557
;1;2;4647
;1;14;152;4648
;1;2;4649
;1;14;4650
;1;14;450;71;40;699
;1;4651
;1;30;443
;1;4652
;1;267;145
;1;9;4653
;1;4654
;1;14;152;4655
;1;2;4656
;1;14;15;70;71;40;665
;1;14;4657
;1;2284
;1;14;57;975
;1;14;2521
;1;4658
;1;2;4659
;1;6;4660
;1;14;57;176;71;40;498
;1;65;4183
;1;6;4661
;1;65;3371
;1;12;4662
;1;12;4663
;1;30;1870
;1;14;152;4664
;1;2;4665
;1;9;4666
;1;14;15;4667
;1;14;2315
;1;14;467;71;40;786
;1;215;4668
;1;14;52;176;71;40;1144
;1;2;4669
;1;14;52;2818
;1;65;4670
;1;4;4671
;1;6;4672
;1;14;4673
;1;4674
;1;2;4675
;1;4676
;1;65;4677
;1;14;4678
;1;4679
;1;2;4680
;1;4681
;1;14;152;4682
;1;9;4683
;1;9;4684
;1;2;4685
;1;4686
;1;14;152;4687
;1;267;4688
;1;14;52;176;71;40;2004
;1;14;4689
;1;14;15;53;1626
;1;2;4690
;1;14;4691
;1;4692
;1;14;79;71;40;218
;1;4693
;1;30;4694
;1;9;4695
;1;14;57;176;71;40;2902
;1;14;4696
;1;9;4697
;1;9;4698
;1;4699
;1;14;4700
;1;14;15;53;1479
;1;2;4701
;1;14;4702
;1;14;57;53;1176
;1;14;4703
;1;65;323
;1;65;3591
;4704
;1;2;4705
;1;2;4706
;1;14;152;3055
;1;14;15;70;71;40;194
;1;6;4707
;1;14;4708
;1;14;57;126;205
;1;14;4709
;1;14;4710
;1;4;4711
;4712
;1;4713
;1;30;4714
;1;4;4715
;1;6;4716
;1;2;4717
;1;14;52;53;984
;1;14;4718
;1;4719
;1;14;52;53;100
;1;9;4720
;1;9;1520
;1;14;15;1776
;1;14;79;71;40;113
;1;2;4721
;1;30;396
;1;30;4722
;1;89;1913
;1;30;1300
;1;14;112;71;40;155
;1;14;57;3602
;1;9;4723
;1;6;4724
;1;4725
;1;14;4726
;1;14;57;70;71;40;2902
;1;14;57;70;71;40;2840
;1;4;4727
;1;6;4728
;1;63;4729
;1;42;1965
;1;14;82;4730
;1;92;4731
;1;14;152;2351
;1;14;4732
;1;14;52;2517
;1;9;4733
;1;4;4734
;1;65;4735
;1;2;4736
;1;30;332
;1;4737
;1;4738
;1;4;3393
;1;14;15;2131
;1;9;4739
;1;2;4740
;1;92;4741
;1;65;952
;1;14;57;314
;1;63;4742
;1;1044;4743
;1;14;4744
;1;2;4745
;1;243;4746
;1;9;2794
;1;12;4747
;1;14;52;53;1626
;1;14;15;4748
;1;9;4749
;1;14;4750
;1;2;4751
;1;14;4752
;1;4753
;1;9;4657
;1;4754
;1;14;4755
;1;4756
;1;14;52;146;39;40;41
;1;12;4757
;1;14;15;176;71;40;128
;1;14;614
;1;267;4758
;1;30;4759
;1;2;4760
;1;2;4761
;1;30;4762
;1;2;4763
;1;2;4764
;1;2;4765
;1;30;1028
;1;14;52;176;71;40;81
;1;65;438
;1;9;245;71;40;179
;1;9;4033
;1;9;2820
;1;2;4766
;1;14;152;4767
;1;4768
;1;14;52;176;71;40;1585
;1;4769
;1;14;52;53;456
;1;6;4770
;1;4;1598
;1;9;4771
;1;4772
;1;4773
;1;14;152;4774
;1;4;4775
;1;14;57;53;2063
;1;2;4776
;1;2;4777
;1;4778
;1;4779
;1;2;4780
;1;2;4781
;1;14;57;53;1752
;1;14;79;71;40;151
;1;6;2937
;1;12;4782
;1;65;4783
;1;14;15;2182
;1;4784
;1;12;4785
;1;9;4786
;1;2;4787
;1;14;112;71;40;643
;1;9;4788
;1;9;217;71;40;468
;1;4789
;1;4790
;1;2;4791
;1;14;4792
;1;30;4793
;1;2;4794
;1;65;2998
;1;2;4795
;1;1044;4427
;1;30;2706
;1;14;4796
;1;14;15;176;71;40;300
;1;92;4797
;1;4798
;1;65;1808
;1;14;15;70;71;40;1562
;1;14;152;3576
;1;14;15;176;71;40;2048
;1;14;52;70;71;40;177
;1;4799
;1;9;4800
;1;14;57;53;2212
;1;4;4801
;1;14;52;53;205
;1;14;82;4802
;1;1248;4803
;1;14;82;83;1504
;1;12;4804
;1;14;152;4805
;1;9;4806
;1;65;2065
;1;4807
;1;2;4808
;1;14;4809
;1;2;4810
;1;9;4811
;1;4812
;1;4;4813
;1;14;4814
;1;92;285;40;286;4815
;1;9;4816
;1;4817
;1;14;57;176;71;40;3271
;1;65;2554
;1;4;3099
;1;12;4818
;1;65;2545
;1;603;4819
;1;14;152;1926
;1;14;4820
;1;4;3591
;1;30;1988
;1;14;4821
;1;14;4822
;1;2;4823
;1;2;4824
;1;14;4825
;1;14;52;176;71;40;1110
;1;14;152;4826
;1;2;4827
;1;65;4203
;1;14;4828
;1;14;152;4829
;1;14;52;146;39;40;147
;1;9;4830
;1;14;15;70;71;40;588
;1;4831
;1;4;1058
;1;14;152;2796
;1;30;119
;1;14;15;53;879
;1;14;57;1694
;1;2;4832
;1;6;4833
;1;9;245;71;40;708
;1;9;4834
;1;14;4835
;1;14;4836
;4837
;1;14;152;3133
;1;4838
;4839
;1;30;4840
;1;30;4841
;1;14;152;3308
;1;4842
;1;14;57;281
;1;9;4843
;1;21;3567
;1;9;4282
;1;30;29
;1;14;15;126;1752
;1;14;4844
;1;14;52;126;737
;1;4;4600
;1;30;703
;1;30;3837
;1;14;152;3020
;1;1044;90
;1;14;4845
;1;12;4846
;1;4;4847
;1;14;57;126;984
;1;65;673
;1;2;4848
;1;4849
;1;2;4850
;1;2;4851
;1;3415;4852;3417;40;474
;1;14;52;53;224
;1;4853
;1;14;15;176;71;40;2167
;1;14;150;71;40;179
;4854
;1;12;4855
;1;4856
;1;92;4857
;1;14;450;71;40;138
;1;9;4858
;1;14;57;176;71;40;1110
;1;9;4859
;1;554;1045
;1;2;4860
;1;30;1887
;1;6;1005
;1;14;467;71;40;239
;1;9;217;71;40;155
;1;65;1465
;1;14;15;53;1933
;1;14;4861
;1;65;343
;1;215;4862
;1;1248;4863
;1;65;2194
;1;14;15;53;525
;1;4864
;1;9;4865
;4866
;1;4;4867
;1;4868
;1;2;4869
;1;63;4870
;1;14;2452
;1;9;4871
;1;4872
;1;4;2515
;1;14;57;53;2338
;1;4873
;1;21;985;84
;1;65;3283
;1;30;3539
;1;2;4874
;1;2;4875
;1;14;57;176;71;40;563
;1;9;3068
;1;9;245;71;40;260
;1;4876
;1;63;4877
;4878
;1;12;4879
;1;12;4880
;1;14;4881
;1;92;285;40;286;489;1831
;1;14;4882
;1;14;4883
;1;267;4884
;1;14;15;146;39;40;2431
;1;14;152;4885
;1;14;52;4748
;1;14;77;71;40;778
;1;14;4886
;1;14;15;53;1176
;1;2;4887
;1;4;1802
;1;2;4888
;1;65;3983
;1;9;4889
;1;9;4890
;1;14;152;4891
;1;9;4892
;1;14;150;71;40;96
;1;14;57;387
;1;4893
;1;2;4894
;1;2;4895
;1;243;3776
;1;4896
;1;14;4897
;1;267;4898
;1;14;4899
;1;2;4900
;1;14;79;71;40;778
;1;2;4901
;1;4;4902
;1;4903
;1;14;57;126;668
;1;60;241
;1;14;95;71;40;476
;1;14;4904
;1;12;4905
;1;4906
;1;6;4907
;1;14;15;70;71;40;609
;1;14;4908
;1;30;4523
;1;4909
;1;4910
;1;4911
;1;21;22;4912
;1;4;3166
;1;14;57;70;71;40;801
;1;14;4913
;1;14;57;4748
;4914
;1;14;52;53;1368
;1;14;52;657
;1;4915
;1;2;4916
;1;30;542
;1;2;4917
;1;4918
;1;30;4600
;1;65;3739
;1;12;4919
;1;14;15;70;71;40;1144
;1;65;4920
;1;4921
;1;14;4922
;1;14;4923
;1;4924
;1;92;4925
;1;14;4926
;1;14;52;126;984
;1;9;4927
;1;14;52;126;100
;1;14;112;71;40;588
;1;49;4928
;1;12;4929
;1;4;4930
;1;14;4931
;1;4;4574
;1;9;4932
;1;4933
;1;9;4934
;1;14;152;1498
;1;2;4935
;1;4936
;1;603;4937
;1;14;4938
;1;14;77;71;40;297
;1;6;4939
;1;14;52;53;1305
;1;2;4940
;1;9;1231
;1;21;22;2063
;1;14;4941
;1;14;4942
;1;30;1661
;1;30;4943
;1;14;152;723
;1;92;285;40;286;4944
;1;9;2807
;1;4945
;1;14;4946
;1;4;3532
;1;9;4947
;1;14;15;53;862
;1;4;4948
;1;14;82;4949
;1;4950
;1;2;4951
;1;14;52;2438
;1;4952
;1;9;2451
;1;14;310
;1;14;95;71;40;358
;1;14;2319
;1;2;4953
;1;65;3170
;1;4954
;1;4955
;1;14;4956
;1;9;4957
;1;14;52;176;71;40;2840
;1;2;4958
;1;2;4959
;1;14;52;53;184
;1;4960
;1;2;4961
;1;65;2405
;1;14;95;71;40;573
;1;14;15;53;1591
;1;14;4962
;1;14;57;686
;4963
;1;14;52;3101
;1;4;642
;1;30;4964
;1;4;4965
;1;14;15;312
;1;14;150;71;40;1365
;1;65;4841
;1;14;52;176;71;40;2725
;1;12;4966
;1;14;4967
;1;14;95;71;40;778
;1;12;4968
;1;14;152;4969
;1;14;450;71;40;939
;1;603;4970
;1;14;4971
;1;4;4426
;1;14;4972
;1;14;57;70;71;40;177
;1;4;4378
;1;14;4973
;1;4974
;1;4975
;1;2;4976
;1;30;3283
;1;2;4977
;1;14;152;4978
;1;9;3768
;1;14;4979
;1;65;4980
;1;9;4981
;1;14;152;1999
;1;215;4982
;1;4983
;1;9;245;71;40;1032
;1;14;15;176;71;40;338
;1;2;4984
;1;65;4985
;1;4986
;1;14;152;1753
;1;9;444
;1;9;4987
;1;2;4988
;1;2;4989
;1;2;4990
;1;4991
;1;30;438
;1;4992
;1;4993
;1;4994
;1;14;52;126;4995
;1;14;4996
;1;2;4997
;1;4998
;1;14;4999
;1;30;1739
;1;243;5000
;1;2;5001
;1;6;3739
;1;14;57;2302
;1;4;1101
;1;14;15;70;71;40;2230
;1;14;52;126;127
;1;5002
;1;14;57;126;2338
;1;65;3261
;1;65;3060
;1;2;5003
;1;14;5004
;1;9;5005
;1;14;5006
;1;14;57;70;71;40;1585
;1;30;5007
;1;5008
;1;9;5009
;1;5010
;1;2;5011
;1;5012
;1;14;5013
;1;4;3028
;1;4;5014
;1;65;2707
;1;14;112;71;40;451
;1;2;5015
;1;5016
;1;14;79;71;40;402
;1;14;57;256
;1;5017
;1;166
;1;14;57;70;71;40;1927
;1;14;5018
;1;5019
;1;12;908
;1;14;5020
;1;2;5021
;1;4;1453
;1;12;5022
;1;65;1254
;1;9;5023
;1;14;52;53;1514
;1;2;5024
;1;14;5025
;1;14;15;3226
;1;9;2859
;1;30;3555
;1;2;5026
;1;30;321
;1;4;5027
;1;14;5028
;1;65;5029
;1;5030
;1;2;5031
;1;14;5032
;1;14;5033
;1;14;5034
;1;14;15;126;2212
;1;9;245;71;40;239
;1;14;152;5035
;1;14;467;71;40;80
;1;5036
;1;5037
;1;14;15;53;655
;1;2;5038
;1;5039
;1;14;82;5040
;1;5041
;1;267;5042
;1;14;5043
;1;92;5044
;1;9;5045
;1;9;5046
;1;92;1784
;1;30;5047
;1;14;52;126;3551
;1;2;5048
;1;9;5049
;1;14;5050
;1;2;5051
;1;2;5052
;1;5053
;1;5054
;1;5055
;1;5056
;1;14;1805
;1;2;5057
;1;4;1466
;1;5058
;1;65;712
;1;12;5059
;1;4;5060
;1;2;5061
;1;14;467;71;40;451
;1;5062
;1;92;1867
;1;14;79;71;40;365
;1;14;152;5063
;1;2;5064
;1;14;5065
;1;2;5066
;1;2;5067
;1;6;5068
;1;14;5069
;1;9;5070
;1;9;5071
;1;14;5072
;1;5073
;1;65;5074
;1;9;5075
;1;12;5076
;1;14;5077
;1;5078
;1;14;5079
;1;9;5080
;1;2;5081
;1;14;52;176;71;40;128
;1;9;5082
;1;5083
;1;9;5084
;1;12;5085
;1;14;57;2950
;1;4;3812
;1;14;95;71;40;124
;1;14;5086
;1;14;5087
;1;2;5088
;1;2;5089
;1;14;1098
;1;30;1702
;1;2;5090
;1;14;296;71;40;419
;1;14;57;1776
;1;267;5091
;1;14;79;71;40;358
;1;215;5092
;1;92;5093
;1;9;245;71;40;451
;1;14;5094
;1;5095
;1;5096
;1;65;3083
;1;14;2873
;1;4;920
;1;9;5097
;1;30;1254
;1;14;77;71;40;699
;1;14;77;71;40;80
;1;5098
;1;14;57;53;530
;1;5099
;1;14;150;71;40;778
;1;2;5100
;1;65;5101
;1;12;5102
;1;2;5103
;1;14;5104
;1;9;5105
;1;92;2518
;1;14;95;71;40;699
;1;5106
;1;5107
;1;2;5108
;1;21;22;5109
;1;14;5110
;1;12;5111
;1;5112
;1;14;15;176;71;40;835
;1;92;5113
;1;14;57;176;71;40;338
;1;9;5114
;1;2;5115
;1;4;5116
;1;14;57;3673
;1;6;5117
;1;14;450;71;40;1213
;1;14;5118
;1;9;5119
;1;14;5120
;1;65;646
;1;5121
;1;9;5122
;1;14;5123
;1;5124
;1;12;5125
;1;14;82;5126
;1;2;5127
;1;243;5128
;1;9;217;71;40;300
;1;14;5129
;5130
;1;4;5131
;5132
;1;5133
;1;14;5134
;1;30;1094
;1;14;5135
;1;14;5136
;1;14;52;176;71;40;1074
;1;9;245;71;40;419
;1;12;5137
;1;14;57;53;525
;1;14;5138
;1;14;152;5139
;1;14;5140
;1;12;5141
;1;5142
;1;2;5143
;1;9;5144
;1;2;5145
;1;14;15;126;497
;1;9;5146
;1;65;3659
;1;12;5147
;1;14;57;126;1514
;1;603;5148
;1;65;5149
;1;603;5150
;1;5151
;1;267;5152
;1;5153
;1;30;3741
;1;12;5154
;1;14;152;5155
;1;12;5156
;1;603;5157
;1;5158
;1;2;5159
;1;2;5160
;1;5161
;1;4;5162
;1;14;18
;1;14;57;142
;1;92;5163
;1;65;2169
;1;14;152;5164
;1;5165
;1;65;587
;1;14;5166
;1;14;112;71;40;476
;1;2;5167
;5168
;1;5169
;1;554;2617
;1;14;152;5170
;1;5171
;1;9;5172
;1;12;5173
;1;4;4244
;1;14;5174
;1;9;5175
;5176
;1;2;5177
;1;2;5178
;1;2;5179
;1;2;5180
;1;14;15;176;71;40;2230
;1;12;4741
;1;14;152;5181
;1;12;5182
;1;14;15;1198
;1;5183
;1;2;5184
;1;5185
;1;14;15;4432
;1;12;5186
;1;267;5187
;1;12;5188
;1;267;5189
;1;14;152;5190
;1;9;5191
;1;14;467;71;40;338
;5192
;5193
;1;9;5194
;1;2;5195
;1;30;3475
;1;9;5196
;1;5197
;1;14;112;71;40;939
;1;2;5198
;1;14;57;126;4603
;1;12;5199
;1;14;15;5200
;1;2;5201
;1;14;52;70;71;40;2230
;1;9;5202
;1;6;5203
;1;12;5204
;1;14;152;5205
;1;9;5206
;1;5207
;5208
;1;5209
;1;14;82;5210
;1;14;52;70;71;40;1110
;1;2490;472;473;40;474
;1;6;5211
;1;14;450;71;40;239
;1;65;4130
;1;14;5212
;1;4;4130
;1;14;15;126;1305
;1;2;5213
;1;14;15;176;71;40;563
;1;603;5214
;1;5215
;1;14;5216
;1;14;5217
;1;14;152;5218
;1;14;15;53;632
;1;65;4281
;1;2;5219
;1;5220
;1;2;5221
;1;2;5222
;1;21;985;1756
;1;14;15;70;71;40;2902
;1;9;5223
;1;2287;472;473;40;474
;1;14;152;5224
;1;6;5225
;1;2;5226
;1;2;5227
;1;14;77;71;40;358
;1;92;285;40;286;489;288
;1;65;2206
;1;2;5228
;1;14;15;70;71;40;1662
;1;14;450;71;40;588
;1;14;5229
;1;65;3571
;1;14;152;2937
;1;267;1965
;1;14;698
;1;603;5230
;1;14;5231
;1;4;5232
;1;9;5233
;5234
;1;9;5235
;1;2;5236
;1;2;5237
;1;14;77;71;40;556
;1;14;5238
;1;30;386
;1;2319
;1;14;15;176;71;40;227
;1;14;5239
;1;4;5240
;1;14;95;71;40;260
;1;243;5241
;1;9;5242
;1;14;5243
;5244
;1;14;152;5245
;1;243;2159;84
;1;14;52;2393
;1;14;152;5246
;1;14;5247
;1;5248
;1;14;450;71;40;124
;1;14;1725
;1;14;82;5249
;1;267;5250
;5251
;1;14;57;126;2212
;1;14;15;3602
;1;14;152;5252
;5253
;1;5254
;1;14;5255
;1;2;5256
;1;14;5257
;1;9;4438
;1;65;2275
;1;14;15;53;530
;1;5258
;1;9;5259
;1;12;5260
;1;14;2516
;1;2;5261
;1;14;52;176;71;40;2902
;1;65;1612
;1;14;82;5262;84
;1;14;5263
;1;65;3532
;1;5264
;1;9;217;71;40;260
;1;9;5265
;1;14;5266
;1;14;15;1773
;1;5267
;1;14;5268
;1;14;150;71;40;1585
;1;5269
;1;14;152;5270
;1;14;5271
;1;9;245;71;40;1078
;1;9;800
;1;63;5272
;1;30;2032
;1;30;552
;1;14;57;2818
;1;92;285;40;286;2334;864
;1;5273
;1;14;5274
;1;14;5275
;1;14;5276
;1;12;5277
;1;14;5278
;1;30;5279
;1;14;5280
;1;14;15;5281
;1;5282
;1;14;152;5283
;1;30;1253
;1;12;5284
;1;4;916
;1;2;5285
;1;9;5286
;1;14;5287
;1;9;5288
;1;65;3539
;1;5289
;1;267;5290
;1;5291
;1;92;248
;1;12;5292
;1;12;5293
;1;14;15;176;71;40;2004
;1;5294
;1;14;5295
;1;9;5296
;1;14;52;176;71;40;927
;1;14;152;5297
;1;14;79;71;40;573
;1;30;293
;1;2;5298
;1;5299
;1;2;5300
;1;92;5301
;1;9;5302
;1;14;152;5303
;1;14;77;71;40;338
;1;14;3442
;1;4;3741
;1;5304
;1;14;15;126;2960
;1;14;5305
;1;12;5306
;1;5307
;1;14;296;71;40;699
;1;2;5308
;1;5309
;5310
;1;65;4523
;1;2;5311
;1;4;5312
;1;9;5313
;1;14;5314
;1;14;5315
;1;5316
;1;9;5317
;1;21;1119
;1;14;5318
;1;14;5319
;1;2;5320
;1;6;5321
;1;30;5322
;1;2;5323
;1;89;3882
;1;6;5324
;1;30;5325
;1;9;5326
;1;9;5327
;1;92;1401
;1;5328
;1;2;5329
;1;554;1504
;1;2;5330
;1;2;5331
;1;65;2908
;1;14;3806
;1;30;3739
;5332
;5333
;1;5334
;1;2;5335
;1;2;5336
;1;5337
;1;30;500
;1;65;1096
;1;2;5338
;1;14;5339
;1;14;5340
;1;5341
;1;30;767
;1;267;5342
;1;9;5343
;1;2;5344
;1;14;150;71;40;338
;1;65;4378
;1;2;5345
;1;14;57;126;1781
;1;2;5346
;1;65;1697
;1;2;5347
;1;2;5348
;1;243;2159;1045
;1;14;79;71;40;643
;1;5349
;1;2;5350
;1;65;5351
;1;30;1271
;1;14;5352
;1;9;5353
;1;14;5354
;5355
;1;14;15;176;71;40;504
;1;14;15;70;71;40;96
;1;14;52;126;1933
;1;14;52;1564
;1;5356
;1;14;57;176;71;40;1600
;1;4;5357
;1;267;5358
;1;14;5359
;1;5360
;1;30;5361
;1;5362
;1;65;4244
;1;5363
;1;2;5364
;1;2;5365
;1;14;15;176;71;40;195
;1;5366
;1;12;5367
;1;14;5368
;1;4;2931
;1;2;5369
;1;5370
;5371
;1;2;5372
;1;5373
;1;30;5374
;1;65;3555
;1;49;5375
;1;14;52;176;71;40;721
;1;63;5376
;1;5377
;1;14;5378
;1;2;5379
;1;30;5380
;1;63;5381
;1;14;52;1625
;1;14;152;5322
;1;4;5382
;1;14;5383
;1;4;3693
;1;2093
;1;63;1060
;1;5384
;1;92;5385
;1;14;5386
;1;14;57;3666
;1;14;154
;1;5387
;1;65;688
;1;14;152;5388
;1;5389
;1;14;95;71;40;451
;1;9;145
;1;14;5390
;1;14;152;5391
;1;92;5392
;1;14;15;70;71;40;260
;1;4;5393
;1;30;3263
;1;5394
;1;14;5395
;1;49;5396
;1;14;112;71;40;1213
;1;5397
;1;14;152;5398
;1;2;5399
;1;14;82;5400
;1;2;5401
;1;2;5402
;1;5403
;1;5404
;1;12;5405
;1;14;5406
;1;14;15;70;71;40;227
;1;14;52;70;71;40;620
;1;5407
;1;2;5408
;1;5409
;1;2;5410
;1;3184
;1;14;57;126;331
;1;9;217;71;40;402
;1;9;5411
;1;2;5412
;1;2;5413
;1;14;5414
;1;14;5415
;1;9;5416
;1;5417
;1;603;5418
;1;12;5419
;1;30;129
;1;14;5420
;1;14;5421
;1;6;5422
;1;14;5423
;1;14;5424
;1;9;5425
;1;30;5426
;1;2;5427
;1;2;5428
;1;1044;349
;1;5429
;1;14;57;126;582
;5430
;1;9;5431
;1;9;5432
;1;14;15;70;71;40;1302
;1;9;5433
;1;2;5434
;1;14;152;5435
;1;92;285;40;5436
;1;243;1060
;1;5437
;1;21;5438
;1;2;5439
;1;2;5440
;1;65;649
;1;14;150;71;40;218
;1;14;1060
;1;9;5441
;1;92;5442
;1;14;52;126;1586
;1;5443
;1;14;5444
;1;14;450;71;40;1078
;1;14;5445
;1;65;4431
;1;6;5446
;1;2;5447
;1;14;5448
;1;14;5449
;1;2;5450
;1;49;5451
;1;5452
;1;21;3484
;1;5453
;1;5454
;1;14;5455
;1;30;5456
;5457
;1;4;4281
;1;14;57;53;54
;1;2;5458
;1;14;3320
;1;5459
;1;5460
;1;215;5461
;1;14;5462
;1;14;77;71;40;155
;1;243;2159;1816
;1;14;152;2345
;1;2;5463
;1;243;5464
;1;14;52;126;632
;1;9;5465
;1;4;1793
;1;12;5466
;1;30;1587
;1;14;77;71;40;399
;1;14;82;5467
;1;5468
;1;5469
;1;9;5470
;1;14;57;53;1933
;1;92;5471
;1;14;5472
;1;243;5473
;1;2;5474
;1;5475
;1;65;3936
;1;2;5476
;1;5477
;1;4;5478
;1;2;5479
;1;2;5480
;1;5481
;1;14;82;5482
;1;2;5483
;1;14;5484
;1;14;152;5485
;1;5486
;1;14;57;3098
;1;14;5487
;1;14;57;70;71;40;1074
;1;14;57;5488
;1;2;5489
;1;14;52;53;5490
;1;14;5491
;1;30;5492
;1;5493
;1;14;5082
;1;63;3776
;1;65;3210
;1;14;57;1061
;1;12;1965
;1;14;152;5494
;1;14;15;53;127
;1;6;5495
;1;5496
;1;5497
;1;2;5498
;1;14;152;5499
;1;9;5500
;1;21;985;1504
;1;12;5501
;1;30;5502
;1;14;467;71;40;588
;1;5503
;1;2;5504
;1;2;5505
;1;2;5506
;1;2;5507
;1;30;1948
;1;65;2706
;1;4;5508
;1;14;152;5509
;1;5510
;1;14;5511
;1;2;5512
;1;2;5513
;1;30;3224
;1;2;5514
;1;14;152;3181
;1;65;5515
;1;14;82;5516
;1;9;5517
;1;14;4788
;1;9;5518
;1;267;5519
;1;14;5520
;1;65;411
;1;14;5521
;1;2;5522
;1;21;22;5523
;1;60;674
;1;14;5524
;1;14;52;53;2063
;1;14;15;70;71;40;1557
;1;14;5525
;1;14;152;2531
;1;14;152;5526
;1;65;3099
;1;14;52;53;2212
;1;14;57;176;71;40;194
;1;5527
;1;5528
;1;30;5529
;1;267;5530
;1;14;57;53;2214
;1;267;5531
;1;5532
;1;5533
;1;5534
;1;14;5535
;1;6;5536
;1;2;5537
;1;14;3649
;1;5538
;1;63;5539
;1;65;2417
;1;6;5540
;1;14;5541
;1;30;240
;1;14;57;126;497
;1;6;5542
;1;92;285;40;286;5543
;1;65;2232
;1;2;5544
;1;2;5545
;1;30;5546
;1;2;5547
;1;14;5548
;1;267;5549
;1;5550
;1;14;57;1361
;1;14;5551
;1;243;2159;1913
;1;2;5552
;1;9;5553
;1;14;5554
;1;14;57;176;71;40;306
;1;65;538
;1;65;240
;1;30;2889
;1;9;217;71;40;939
;1;14;152;5555
;1;92;285;40;286;5556;474
;1;5557
;1;63;5558
;1;14;5559
;1;2;5560
;1;12;5561
;1;5562
;1;2;5563
;1;2;5564
;1;2;5565
;1;14;5566
;1;9;440
;1;4;2370
;1;14;152;5567
;1;14;152;5568
;1;14;5569
;1;9;5570
;1;12;3094
;1;2;5571
;1;12;5572
;1;14;112;71;40;300
;1;2;5573
;1;14;152;5574
;1;63;5575
;1;12;5576
;1;14;5577
;1;65;5578
;1;92;5579
;1;65;274
;1;14;82;5580
;1;14;152;676
;1;2;5581
;1;2;5582
;1;5583
;1;14;15;70;71;40;195
;1;5584
;1;4;4648
;1;14;152;5585
;1;5586
;1;14;1158
;1;14;467;71;40;708
;1;2;5587
;1;5588
;1;9;5589
;1;14;5590
;1;5591
;1;92;3381
;1;2;5592
;1;2;5593
;1;9;578
;1;9;5594
;1;30;5595
;1;9;5596
;1;2;5597
;1;4;2038
;1;92;5598
;1;14;5599
;1;14;52;3226
;1;14;2143
;1;14;296;71;40;1585
;1;267;5600
;1;14;52;4432
;1;4;5601
;1;5602
;1;5603
;1;2;5604
;1;65;5605
;1;14;5606
;1;9;5607
;1;14;5608
;1;14;5609
;1;65;1354
;1;92;5610
;1;2;5611
;1;603;5612
;1;14;5613
;1;5614
;1;243;5615
;1;2;5616
;1;14;5617
;1;4;5618
;1;5619
;1;5620
;1;2;5621
;1;14;5622
;1;14;57;70;71;40;586
;1;30;5623
;1;4;959
;1;14;5624
;1;554;1194
;5625
;1;2;5626
;1;65;5627
;1;9;5628
;1;9;5629
;1;5630
;5631
;1;14;15;126;530
;1;243;2159;1504
;1;14;152;5632
;1;5633
;5634
;5635
;5636
;5637
;5638;5639
;5640
;5641
;5642
;5643
;5644
;5645
;5646
;5647
;5648
;5649
;5650
;5651
;5652
;5653
;5654
;5655
;5656
;5657
;5658
;5659
;5660
;5661
;5662
;5663
;5664
;5665
;5666
;5667
;5668
;5669
;5670
;5671
;5672
;5673
;5674
;5675
;5676
;5677
;5678
;5679
;5680
;5681
;5682
;5683
;5684
;5685
;5686
;5687
;5688
;5689
;5690
