;1;2;3;4;5;6;7
;8
;1;2;3;9;10
;1;11
;1;12
;1;13
;1;2;14;9;15
;1;16
;1;17;18
;1;19;20
;1;21;22
;1;23
;1;24;25
;1;2;26
;1;27;28
;1;19;29
;1;2;30
;1;2;31;32;5;6;33
;1;2;34
;1;24;35
;1;2;36
;1;27;37
;1;38
;1;19;39
;1;2;40
;1;2;41;5;6;42
;1;43
;1;24;44
;1;2;14;4;5;6;45
;1;2;46
;1;19;47
;1;48
;1;2;31;9;49
;1;2;3;50
;1;51
;1;24;52
;1;27;53
;1;54;55
;1;56;57
;1;58;59
;1;60;61;5;6;62
;1;63
;1;64
;1;54;65
;1;2;66;5;6;67
;1;68
;1;2;69
;1;70
;1;71;72
;1;2;14;73
;1;74;75;76
;1;19;77
;1;54;78
;1;19;79
;1;24;80
;1;27;81
;1;60;82
;1;2;3;83
;1;84
;1;2;85
;1;2;86;87
;1;88
;1;2;89
;1;19;90
;1;19;91
;1;17;92
;1;24;93
;1;2;3;9;94
;1;54;95
;1;71;96
;1;2;97;5;6;98
;1;19;99
;1;2;100
;1;2;101;5;6;102
;1;19;103
;1;54;104
;1;105
;1;71;106
;1;60;107
;1;56;108
;1;58;109
;1;71;110
;1;111
;1;2;31;112
;1;2;113
;1;58;114
;1;27;115
;1;71;116
;1;117
;1;2;118
;1;119
;1;2;120
;1;2;31;9;121
;1;54;122
;1;2;123
;1;2;124
;1;2;101;5;6;125
;1;126;127
;1;2;86;128
;1;2;31;129
;1;130
;1;60;131
;1;2;86;132;133
;1;134;135
;1;2;136
;1;71;137
;1;138
;1;19;139
;1;54;140
;1;2;14;141
;1;71;142
;1;2;143
;1;24;144
;1;2;14;145
;1;2;146;147
;1;2;148
;1;54;149
;1;150;151
;1;2;146;152
;1;2;153
;1;60;61;5;6;154
;1;155
;1;156
;1;2;146;157
;1;2;158
;1;58;159
;1;24;160
;1;2;31;9;161
;1;58;162;6;163;164;165
;1;166;167
;1;2;168
;1;60;169
;1;60;170
;1;60;171
;1;150;76
;1;2;172
;1;2;31;173
;1;174;175
;1;74;176
;1;2;177;5;6;178
;1;179
;1;180
;1;2;181
;1;2;31;9;182
;1;58;162;6;163;183;184
;1;2;14;4;5;6;185
;1;186
;1;24;187
;1;2;14;188
;1;71;189
;190
;1;71;191
;1;54;192
;1;193
;1;2;194
;1;71;195
;1;54;196
;1;134;197
;1;198
;1;199
;1;2;14;200
;1;201
;1;2;202
;1;17;203
;1;24;204
;1;2;146;205
;1;24;206
;1;207
;1;2;31;208
;1;2;209
;1;2;210
;1;58;211
;1;71;212
;1;213
;1;214
;1;71;215
;1;2;216
;1;2;217
;1;54;218
;1;19;219
;1;2;3;4;5;6;220
;1;221
;1;2;222
;1;2;66;5;6;223
;1;134;224
;1;24;225
;1;226
;1;17;227
;1;19;228
;1;2;31;9;229
;1;19;230
;1;231
;1;2;232
;1;24;233
;1;234;235
;1;24;236
;1;17;237
;1;2;3;238
;1;24;239
;1;56;240
;1;71;241
;1;2;242
;1;19;243
;1;2;31;244
;1;2;245
;1;246;247
;1;248
;1;24;249
;1;2;31;32;5;6;250
;1;2;251
;1;2;14;252
;1;19;253
;1;2;146;254
;1;74;255;256
;1;166;257
;1;2;258
;1;71;259
;1;234;260
;1;2;97;5;6;261
;1;19;262
;1;2;3;9;263
;1;60;61;5;6;42
;1;21;264
;1;71;265
;1;60;266
;1;234;151
;1;267
;1;54;268
;1;60;269
;1;19;270
;1;271
;1;2;41;5;6;223
;1;2;272
;1;2;14;273;274
;1;2;275
;1;19;276
;1;27;277
;1;58;87
;1;2;278
;1;2;279
;1;2;14;280
;1;27;281
;1;60;61;5;6;282
;1;27;283
;1;284
;1;19;285
;1;2;286
;1;2;86;287
;1;2;288
;1;2;14;4;5;6;289
;1;19;290
;291
;1;19;292
;1;19;293
;1;54;294
;1;295
;1;2;41;5;6;282
;1;296;122
;1;297
;1;58;162;6;163;298
;1;2;97;5;6;299
;1;54;300
;1;301
;1;302
;1;303
;1;2;146;304
;1;2;31;238
;1;2;3;305
;1;60;61;5;6;306
;1;2;307
;1;2;308
;1;2;309
;1;2;310
;1;2;311
;1;24;312
;1;2;146;313
;1;2;314
;1;2;315
;1;2;3;316
;1;19;317
;1;60;318
;1;58;319
;1;27;320
;1;71;321
;1;19;322
;1;2;31;4;5;6;289
;1;2;323
;1;58;162;6;163;324
;1;325
;1;2;3;32;5;6;326
;1;2;146;327
;1;71;328
;1;27;329
;1;19;330
;1;2;14;32;5;6;331
;1;2;332
;1;24;333
;1;19;334
;1;2;31;335
;1;336
;1;19;337
;1;24;338
;1;2;3;339
;1;340
;1;2;86;341
;1;2;342
;1;19;343
;1;246;207
;1;2;146;344
;1;54;345
;1;2;3;273;346
;1;2;347;5;6;223
;1;348
;1;349
;1;2;350
;1;351
;1;19;352
;1;2;3;4;5;6;353
;1;2;146;354
;1;355
;1;71;356
;1;71;357
;1;19;358
;1;19;359
;1;54;360
;1;2;31;273;361
;1;362
;1;58;363
;1;364
;1;365;366;367;6;368
;1;2;146;369
;1;2;101;5;6;42
;1;2;14;370
;1;58;371
;1;372
;1;2;373
;1;2;374
;1;2;375
;1;376
;1;377;378
;1;74;379
;1;19;380
;1;54;381
;1;382
;1;58;383
;1;2;14;9;384
;1;27;385
;1;19;386
;1;2;14;32;5;6;387
;1;27;388
;1;389
;1;24;390
;1;2;391;5;6;45
;1;392
;1;393
;1;394
;1;2;395
;1;2;396
;1;19;397
;1;377;398
;1;2;399
;1;400
;1;401
;1;19;402
;1;27;403
;1;2;404
;1;24;405
;1;406
;1;19;407
;408
;1;2;31;409
;1;60;410
;1;2;14;4;5;6;411
;1;412
;1;2;413
;1;2;391;5;6;414
;1;2;146;415
;1;2;146;416
;1;2;31;417
;1;2;418
;1;2;31;4;5;6;326
;1;17;419
;1;2;14;9;420
;1;58;421
;1;2;347;5;6;422
;1;17;423
;1;27;424
;1;24;425
;1;2;146;426
;1;2;3;9;427
;1;428
;1;56;429
;1;24;430
;1;2;146;431
;1;432
;1;433
;1;27;434
;1;2;146;435
;1;2;391;5;6;102
;1;2;391;5;6;436
;1;24;437
;1;27;438
;1;2;146;439
;1;440
;1;19;441
;1;2;442
;1;443
;1;2;3;9;444
;1;2;445
;1;60;446
;1;27;447
;1;448
;1;2;146;449
;1;56;450
;1;451
;1;2;452
;1;174;453
;1;27;454
;1;2;455
;1;17;456
;1;2;146;457
;458
;1;2;459
;1;19;460
;1;2;3;461
;1;2;66;5;6;299
;1;2;14;112
;1;2;14;9;462
;1;2;463;5;6;464
;1;19;465
;1;2;3;32;5;6;45
;1;2;466
;1;2;467
;1;2;468
;1;2;469
;1;2;146;470
;1;2;14;32;5;6;7
;1;2;471
;1;24;472
;1;19;473
;1;2;3;474;475;6;476
;1;2;66;5;6;45
;1;58;176
;477
;1;2;66;5;6;478
;1;479
;1;58;480
;1;60;481
;1;2;347;5;6;299
;1;2;14;4;5;6;482
;1;483
;1;484
;1;74;255;485
;1;2;146;486
;1;24;487
;1;71;122
;1;2;86;488
;1;2;14;489
;1;2;490
;1;2;146;491
;1;21;492
;1;2;3;4;5;6;493
;1;24;494
;1;495
;1;2;31;496
;1;497
;1;2;146;498
;1;19;499
;500
;1;501
;1;2;502
;1;2;31;273;49
;1;19;503
;1;2;504
;1;2;505
;1;60;506;5;6;42
;1;2;31;32;5;6;507
;1;2;146;508
;1;509
;1;71;510
;1;2;146;511
;1;19;512
;1;27;513
;1;19;514
;1;27;515
;1;19;516
;1;17;517
;1;19;518
;1;19;519
;1;71;520
;1;521
;1;522
;1;27;523
;1;524
;1;24;525
;1;526
;1;54;527
;1;56;528
;1;19;529
;1;530
;1;54;531
;1;532
;1;2;146;533
;1;2;3;32;5;6;220
;1;246;534
;1;19;535
;1;54;419
;1;24;536
;1;27;537
;1;54;538
;1;2;146;539
;1;19;540
;1;541
;1;2;542
;1;54;543
;1;2;544
;1;24;545
;1;27;546
;1;547
;1;2;3;9;49
;1;2;66;5;6;548
;1;19;549
;550
;1;551
;1;2;86;552
;1;319
;1;19;553
;1;19;554
;1;2;463;5;6;555
;1;174;556
;1;2;3;9;557
;1;19;558
;1;2;3;32;5;6;559
;1;54;560
;1;561
;1;562
;1;27;563
;1;2;564
;1;2;565
;1;566
;1;344
;1;19;567
;1;568
;1;126;569
;1;2;177;5;6;185
;1;2;570
;1;27;571
;1;2;31;4;5;6;572
;1;71;236
;1;573
;1;574
;1;2;347;5;6;154
;1;2;575
;1;174;432
;1;54;576
;1;58;162;6;163;183;577
;1;578
;1;60;506;5;6;579
;1;2;31;370
;1;2;580
;1;24;581
;1;2;582
;1;24;583
;1;24;584
;1;27;585
;1;71;586
;1;2;3;4;5;6;387
;1;19;587
;1;2;86;588
;1;19;589
;1;126;590
;1;60;61;5;6;591
;1;2;347;5;6;592
;1;27;593
;1;2;347;5;6;594
;1;2;595
;1;596
;1;2;31;597
;1;54;598
;1;599
;1;166;600
;1;60;601
;1;602
;1;2;31;4;5;6;482
;1;71;603
;1;27;604
;1;2;146;605
;1;606
;1;2;607
;1;2;608
;1;2;609
;1;2;610
;1;2;611
;1;2;146;612
;1;2;3;613
;1;614
;1;2;86;615
;1;2;14;4;5;6;616
;1;17;617
;1;174;618
;1;54;619
;1;19;620
;1;621
;1;2;3;9;346
;1;19;622
;1;623
;1;2;624
;1;2;146;625
;1;17;626
;1;2;14;32;5;6;627
;1;71;628
;1;134;629
;1;174;630
;1;2;631
;1;19;632
;1;2;97;5;6;633
;1;2;634
;1;71;635
;1;636
;1;71;637
;1;2;146;638
;1;58;639
;1;2;640
;1;2;641
;1;246;642;643
;1;19;644
;1;27;645
;1;2;97;5;6;646
;1;19;647
;1;19;648
;1;649
;1;2;86;650
;1;2;651
;1;2;652
;1;2;653
;1;654
;1;54;92
;1;2;146;655
;1;2;656
;1;2;14;657
;1;2;86;132;658
;1;54;659
;1;27;660
;1;24;661
;1;19;662
;1;2;31;32;5;6;663
;1;2;664
;1;54;665
;1;2;146;666
;1;2;14;9;256
;1;667
;1;134;668
;1;71;669
;1;19;670
;1;19;671
;1;672
;1;2;673
;1;60;674
;1;2;146;675
;1;58;676
;1;126;677
;1;19;678
;1;24;679
;1;2;31;4;5;6;102
;1;2;146;680
;1;24;681
;1;19;682
;1;683
;1;2;41;5;6;67
;1;24;684
;1;2;685
;1;19;686
;1;27;687
;1;19;688
;1;689
;690
;1;54;691
;1;19;692
;1;2;101;5;6;646
;1;54;693
;1;2;694
;1;2;14;273;695
;1;2;14;4;5;6;696
;1;19;697
;1;2;146;698
;1;246;699
;1;700
;1;19;701
;1;2;3;9;384
;1;2;702
;1;703
;1;19;704
;1;2;347;5;6;178
;1;2;705
;1;2;14;4;5;6;559
;1;19;706
;1;2;707
;1;171
;1;708
;1;24;709
;1;710;711
;1;2;712
;1;24;713
;1;2;146;714
;1;2;14;715
;1;19;716
;1;58;207
;1;27;717
;1;2;718
;1;719
;1;720
;1;2;347;5;6;125
;1;27;721
;1;2;3;4;5;6;482
;1;2;722
;1;27;723
;1;2;3;724
;1;2;725
;1;17;726
;1;727
;1;27;728
;1;729
;1;730
;1;19;731
;1;19;732
;1;19;733
;1;24;734
;1;24;416
;1;735
;1;736
;1;2;737
;1;2;31;145
;1;54;738
;1;739
;1;126;740
;1;19;741
;1;2;31;273;742
;1;19;743
;1;2;86;744
;1;19;745
;1;19;746
;1;2;391;5;6;154
;1;27;747
;1;2;14;748
;1;2;749
;1;750
;1;751
;1;71;752
;1;60;506;5;6;414
;1;2;177;5;6;478
;1;24;753
;1;2;86;132;754
;1;87
;1;27;755
;1;2;31;756;475;6;757
;1;2;758
;1;2;759
;1;2;14;32;5;6;102
;1;246;760
;1;24;761
;1;60;762
;1;19;763
;1;54;764
;1;765
;1;58;162;6;163;766
;1;17;767
;1;2;3;208
;1;246;768
;1;2;146;769
;1;54;127
;1;2;770
;1;771
;1;772
;1;56;773
;1;2;14;4;5;6;774
;1;2;463;5;6;775
;1;71;776
;1;56;777
;1;60;778
;1;24;779
;1;2;3;780
;1;2;14;9;742
;1;60;781
;1;27;782
;1;2;463;5;6;306
;1;2;3;9;783
;1;2;784
;1;785
;1;54;786
;1;2;347;5;6;548
;1;2;146;787
;1;377;788
;1;54;789
;1;2;31;613
;1;19;790
;1;2;146;791
;1;27;792
;1;2;31;715
;1;134;793
;1;2;14;756;475;6;794
;1;2;795
;1;19;796
;1;2;14;9;797
;1;24;798
;799
;1;800
;1;801
;1;802
;1;19;803
;1;804
;1;71;805
;1;71;806
;1;19;807
;1;2;808
;1;24;809
;1;2;3;4;5;6;507
;1;24;810
;1;2;811
;1;54;812
;1;813
;1;2;391;5;6;250
;1;19;814
;815
;1;2;146;816
;1;2;817
;818
;1;56;819
;1;2;463;5;6;646
;1;820
;1;2;821
;1;822
;1;56;823
;1;19;824
;1;225
;1;21;825
;1;2;826
;1;19;827
;1;54;828
;1;377;829
;1;54;830
;1;831
;1;24;832
;1;19;833
;1;19;834
;1;2;835
;1;2;14;9;836
;1;24;837
;1;2;391;5;6;838
;1;2;41;5;6;839
;1;2;14;273;840
;1;2;841
;1;19;842
;1;19;843
;1;2;86;844;151
;1;845
;1;19;846
;1;19;847
;1;2;146;848
;1;60;849
;1;56;850
;1;2;851
;1;2;14;417
;1;852
;1;17;853
;1;71;854
;1;71;855
;1;856
;1;2;3;4;5;6;331
;1;24;857
;1;858
;1;24;831
;1;859
;1;2;14;860
;1;861
;1;2;463;5;6;862
;1;24;863
;1;2;864
;1;27;865
;1;27;866
;1;2;41;5;6;646
;1;2;481
;1;867
;1;2;868
;1;19;869
;1;870
;1;60;871
;1;2;86;872
;1;58;873
;1;24;874
;1;2;875
;1;2;41;5;6;464
;1;54;876
;1;19;877
;1;2;391;5;6;178
;1;878
;1;24;879
;1;2;376
;1;54;880
;1;2;463;5;6;98
;1;19;881
;1;882
;1;2;883
;1;884
;1;24;885
;1;886
;1;2;146;887
;1;888
;1;2;3;889
;890
;1;54;891
;1;2;892
;1;893
;1;2;894
;1;2;14;4;5;6;895
;1;19;896
;1;54;897
;1;27;898
;1;2;101;5;6;579
;1;71;899
;1;2;900
;1;470
;1;2;901
;1;902
;1;2;146;903
;1;904
;1;71;905
;1;2;906
;1;907
;1;2;14;613
;1;2;31;908
;1;2;86;132;235
;1;2;909
;1;2;14;910
;1;2;3;32;5;6;911
;912
;1;2;391;5;6;913
;1;17;914
;1;2;177;5;6;592
;1;2;915
;1;54;916
;1;27;917
;1;19;918
;1;71;919
;1;2;14;273;920
;1;921
;1;56;922
;1;126;923
;1;19;924
;1;166;151
;1;2;925
;1;2;177;5;6;414
;1;2;146;926
;1;2;927
;1;928
;1;24;929
;1;2;146;930
;1;17;931
;1;2;932
;1;19;933
;1;19;934
;1;58;162;6;163;935;165
;1;17;936
;1;19;937
;1;19;938
;939
;1;940
;1;2;941
;1;27;942
;1;17;943
;1;24;944
;1;60;945
;1;54;946
;1;19;947
;1;174;948
;1;2;146;949
;1;2;950
;1;2;626
;1;2;86;951
;1;2;952
;1;2;953
;1;2;954
;1;2;146;955
;1;2;146;956
;1;2;177;5;6;98
;1;19;957
;1;958
;1;54;959
;1;19;960
;1;961
;1;56;962
;1;2;963
;1;964
;1;27;965
;1;56;966
;1;134;967
;1;2;31;4;5;6;220
;1;24;968
;1;2;969
;1;970
;1;2;3;4;5;6;971
;1;2;972
;1;2;31;273;973
;1;2;974
;1;19;975
;1;486
;1;54;976
;1;977
;1;2;978
;1;19;979
;1;134;980
;1;2;981
;1;2;982
;1;19;983
;1;54;984
;1;2;985
;1;54;986
;1;54;987
;1;71;127
;1;19;988
;1;2;66;5;6;422
;1;2;989
;1;24;990
;1;2;991
;1;58;617
;1;19;992
;1;19;993
;1;994
;1;60;995
;1;19;996
;1;246;997
;1;58;998
;1;174;999
;1;2;1000
;1;2;1001
;1;19;1002
;1;27;1003
;1;2;1004
;1;2;1005
;1;54;1006
;1;27;1007
;1;56;1008
;1;2;86;1009
;1;2;14;9;1010
;1;2;3;4;5;6;1011
;1;58;1012
;1;27;1013
;1;2;146;1014
;1;54;1015
;1;2;1016
;1;2;347;5;6;45
;1;134;1017
;1;1018
;1;54;1019
;1;1020
;1;54;1021
;1;174;1022
;1;1023
;1;2;146;1024
;1;54;1025
;1;1026
;1;2;3;409
;1;2;1027
;1;54;1028
;1;24;1029
;1;19;1030
;1;2;1031
;1;2;266
;1;2;3;273;1032
;1;19;1033
;1;19;1034
;1;71;1035
;1;2;31;273;1036
;1;54;1037
;1;19;1038
;1;1039
;1;2;14;1040
;1;1041
;1;1042
;1;2;3;4;5;6;895
;1;1043
;1;1044
;1;2;1045
;1;54;1046
;1;2;1047
;1;27;1048
;1;60;1049
;1;19;1050
;1;27;1051
;1;56;1052
;1;2;41;5;6;414
;1;19;1053
;1;1054
;1;2;1055
;1;1056
;1;1057
;1;71;1058
;1;1059
;1;2;1060
;1;2;146;1061
;1;27;951
;1;27;1062
;1;19;1063
;1;2;146;1064
;1;24;1065
;1;24;1066
;1;71;1067
;1;1068
;1;2;146;1069
;1;2;146;1070
;1;54;1071
;1;54;1072
;1;2;1073
;1;1074
;1;24;1075
;1;19;1076
;1;2;1077
;1;60;1078
;1;2;1079
;1;2;31;273;797
;1;54;1080
;1;2;1081
;1;2;177;5;6;646
;1;2;1082
;1;1083
;1;19;1084
;1;2;1085
;1;2;14;4;5;6;1086
;1;234;1087
;1;2;146;1088
;1089
;1;1090
;1;1091
;1;2;391;5;6;555
;1;2;146;1092
;1;24;415
;1;1093
;1;19;1094
;1;19;1095
;1;24;1096
;1;2;1097
;1;58;162;6;163;1098;368
;1;2;1099
;1;19;1100
;1;56;1101
;1;2;463;5;6;102
;1;2;1102
;1;19;1103
;1;2;1104
;1;74;255;1105
;1;2;101;5;6;839
;1;1106
;1;2;31;200
;1;1107
;1;1108
;1;2;1109
;1;1110
;1;246;1111
;1;2;101;5;6;594
;1;2;146;1112
;1;1113
;1;54;1114
;1;54;1115
;1;17;1116
;1;19;1117
;1;1118
;1;1119
;1;2;1120
;1;19;1121
;1;2;1122
;1;1123
;1;58;1116
;1;2;146;1067
;1;1124
;1;2;146;1125
;1;2;1126
;1;365;1127;367;6;368
;1;234;1128
;1;27;1129
;1;71;1130
;1;19;1131
;1;2;1132
;1;19;1133
;1;2;14;335
;1;24;1134
;1;19;1135
;1;1136
;1;19;1137
;1;2;146;1138
;1;1139
;1;2;14;32;5;6;1140
;1;134;1116
;1;2;1141
;1;19;1142
;1;58;1143
;1;19;1144
;1;54;1145
;1;1146
;1;2;1147
;1;2;97;5;6;775
;1;19;1148
;1;24;1149
;1;19;1150
;1;1151
;1;134;1152
;1;60;1153
;1;19;1154
;1;2;1155
;1;27;1156
;1;2;1157
;1;19;1158
;1;24;1159
;1;19;1160
;1;2;31;32;5;6;1161
;1;71;677
;1;2;146;1162
;1;24;923
;1;174;1163
;1;19;1164
;1;2;146;1165
;1;71;1166
;1;19;1167
;1;2;3;1168
;1;1169
;1;2;14;1170
;1;24;1171
;1;2;101;5;6;548
;1;710;1172
;1;2;1173
;1;2;391;5;6;306
;1;2;31;32;5;6;1140
;1;2;1174
;1;19;1175
;1;54;1176
;1;27;1177
;1;1178
;1;71;681
;1;2;146;1179
;1;134;1180
;1;27;1181
;1;71;1182
;1;1183
;1;24;1184
;1;2;14;1185
;1;1186
;1;54;1187
;1;2;347;5;6;464
;1;2;31;273;15
;1;27;1188
;1;58;162;6;163;164;184
;1;2;14;724
;1;19;1189
;1;58;1190
;1;19;1191
;1;1192
;1;17;1193
;1;1194
;1;2;3;273;742
;1;27;1195
;1;2;1196
;1;2;3;9;1032
;1;19;1197
;1;2;1198
;1;2;1199
;1;2;1200
;1;24;1025
;1;60;1201
;1;2;86;1202
;1;1203
;1;71;1204
;1;2;1205
;1;19;1206
;1;2;3;1207
;1;60;1208
;1;2;177;5;6;261
;1;2;14;4;5;6;1209
;1;2;1210
;1;2;1211
;1;19;1212
;1;1213
;1;2;31;32;5;6;895
;1;19;1214
;1;2;14;32;5;6;482
;1;157
;1;27;1215
;1;27;1216
;1;19;1217
;1;71;1218
;1;2;1219
;1;24;1220
;1;71;1221
;1;2;1222
;1;2;1223
;1;2;1224
;1;56;1225
;1;19;1226
;1;2;14;1227
;1;2;86;1228
;1;19;1229
;1;19;1230
;1;2;1231
;1;1232
;1;2;146;1233
;1;2;1234
;1;1235
;1;27;1236
;1;24;486
;1;1237
;1;2;1238
;1;19;1239
;1;27;1240
;1;19;1241
;1;27;1242
;1;56;1243
;1;2;14;1244
;1;2;31;273;1245
;1;19;1246
;1;377;151
;1;19;1247
;1;19;1248
;1;17;207
;1;246;1249
;1;1250
;1;1251
;1;27;1252
;1;2;14;9;10
;1;58;1253
;1;174;1254
;1;60;506;5;6;1255
;1;19;1256
;1;2;1257
;1;2;14;273;1258
;1;1259
;1;2;1260
;1;54;1261
;1;19;1262
;1;54;1263
;1;71;1264
;1;27;1265
;1;24;1266
;1;2;3;1267
;1;2;1268
;1;1269
;1;2;146;1270
;1;60;1271
;1;234;658
;1;1272
;1;2;1273
;1;17;1274
;1;58;1275
;1;1276
;1;2;31;1277
;1;2;31;1170
;1;1278
;1;71;1279
;1;19;1280
;1;2;146;1281
;1;2;14;1282
;1;24;1283
;1284
;1;1285
;1;27;1286
;1;56;1287
;1;19;1288
;1;19;1289
;1;60;1290
;1;2;101;5;6;1291
;1;2;1292
;1;24;1293
;1;19;1294
;1;2;1295
;1;19;1296
;1;1297
;1;2;3;273;263
;1;1298
;1;19;1299
;1;2;31;273;1300
;1;74;1301
;1;74;1116
;1302
;1;27;1303
;1;1304
;1;58;1305
;1;24;1306
;1;2;3;4;5;6;572
;1;2;1307
;1;19;1308
;1;27;1309
;1;1310
;1;56;1311
;1;2;1312
;1;2;146;1313
;1;19;1314
;1;2;3;1315
;1;1316
;1;166;235
;1;2;146;1317
;1;2;1318
;1;54;1319
;1;2;1320
;1;2;86;1321
;1;1322
;1;19;1323
;1;2;86;1324
;1;58;162;6;163;183;1325
;1;2;3;4;5;6;45
;1;2;1326
;1;2;3;32;5;6;548
;1;2;1327
;1;1328
;1;58;1329
;1;19;1330
;1;2;1331
;1;2;66;5;6;154
;1;174;1332
;1;19;1333
;1;1334
;1;54;1335
;1;56;1336
;1;19;1337
;1;19;1338
;1;2;14;9;182
;1;2;31;4;5;6;1339
;1;134;1340
;1;19;1341
;1;2;1342
;1;19;1343
;1;2;146;1344
;1;2;146;1345
;1;19;1346
;1;1347
;1;1348
;1;2;1349
;1;1350
;1351
;1;246;1352
;1;2;14;32;5;6;353
;1;2;31;4;5;6;493
;1;19;1353
;1;19;1354
;1;2;14;9;346
;1;2;463;5;6;414
;1;71;1355
;1;2;31;83
;1;1065
;1;134;1356
;1;2;14;1357
;1;1358
;1;2;1359
;1;2;1360
;1;2;1361
;1;2;31;273;1362
;1;58;1363
;1;74;1364
;1;246;1365
;1;710;1366
;1;56;1367
;1;1368
;1;1369
;1;2;1370
;1;54;569
;1;27;1371
;1;54;1372
;1373
;1;19;1374
;1;2;31;9;1375
;1;60;61;5;6;98
;1;2;31;273;1376
;1;60;61;5;6;1377
;1;19;1378
;1;27;1379
;1;2;1380
;1;24;1381
;1;71;1382
;1;2;31;32;5;6;1383
;1;2;1384
;1;19;1385
;1;54;1386
;1;2;463;5;6;62
;1;2;1387
;1;56;1388
;1;19;1389
;1;2;1390
;1;2;177;5;6;594
;1;2;1391
;1;1392
;1;1393
;1;2;1394
;1;2;1395
;1;2;1396
;1;21;1397
;1;2;97;5;6;306
;1;2;1398
;1;24;1399
;1;2;1400
;1;1401
;1402
;1;27;1403
;1;27;1404
;1;71;1405
;1;2;1406
;1;71;1407
;1;2;14;1408
;1;2;1409
;1;71;1410
;1;60;61;5;6;1255
;1;2;1411
;1;19;1412
;1;1413
;1;27;1414
;1;24;1415
;1;17;1416
;1;2;146;1417
;1;56;1418
;1;58;1419
;1;2;146;1420
;1;1421
;1;2;1422
;1;54;1423
;1;2;14;4;5;6;1424
;1;54;1425
;1;174;1426
;1;24;1427
;1;1428
;1;71;1429
;1;1430
;1;2;14;1431
;1;2;391;5;6;1255
;1;1432
;1;24;1433
;1;2;97;5;6;579
;1;2;1434
;1;2;31;32;5;6;1435
;1;58;1436
;1;19;1437
;1;27;1438
;1;17;1439
;1;54;1440
;1;2;146;669
;1;71;1441
;1;2;86;132;76
;1;71;1442
;1;2;31;4;5;6;1443
;1;2;14;9;1444
;1;134;1445
;1;2;14;1446
;1;1447
;1;1448
;1;2;66;5;6;592
;1;54;1449
;1;2;146;1450
;1;58;162;6;163;1451
;1;27;1452
;1;19;1453
;1;24;22
;1;1454
;1;19;1455
;1;2;1456
;1;71;1457
;1;1458
;1;74;1459
;1;863
;1;54;1460
;1;2;14;32;5;6;774
;1;19;1461
;1;19;1462
;1;27;1463
;1;2;1464
;1;2;146;1465
;1;2;1466
;1;2;3;32;5;6;33
;1;19;1467
;1;58;1468
;1;2;1469
;1;2;1470
;1;1471
;1;1472
;1;2;463;5;6;42
;1;2;3;273;1473
;1;377;1087
;1;2;14;32;5;6;1474
;1;2;1475
;1;2;14;273;1476
;1;2;1477
;1;1478
;1;60;506;5;6;185
;1;1479
;1;24;1264
;1;2;1480
;1;54;1481
;1;2;1482
;1;2;31;32;5;6;185
;1;1483
;1;2;101;5;6;299
;1;2;1484
;1;2;31;9;840
;1;71;857
;1;2;14;273;1485
;1;19;1486
;1;60;1487
;1;2;3;32;5;6;616
;1;2;1488
;1;2;97;5;6;102
;1;2;146;1489
;1;21;1490
;1;71;1491
;1;246;1492
;1;2;1493
;1;60;1494
;1;2;14;273;462
;1;74;1495
;1;2;3;1408
;1;24;1496
;1;19;1497
;1;2;14;273;1498
;1;27;1499
;1;1500
;1;2;1501
;1;2;3;32;5;6;1502
;1;246;1503;151
;1;17;1504
;1;19;1505
;1;1506
;1;2;1507
;1;2;146;1508
;1;2;14;4;5;6;326
;1;71;1509
;1510
;1;2;463;5;6;422
;1;2;1511
;1;2;1512
;1;71;1513
;1;2;1514
;1;17;1515
;1;24;1516
;1;2;391;5;6;422
;1;2;3;9;1375
;1;2;1517
;1;19;1518
;1;2;3;9;161
;1;1116
;1;1519
;1;71;1520
;1;19;1521
;1;19;1522
;1;1523
;1;1524
;1;1525
;1;54;1526
;1;17;1527
;1;2;1528
;1;71;1529
;1;1530
;1;2;1531
;1;2;1532
;1;2;14;4;5;6;1533
;1;71;1534
;1;2;146;545
;1;19;1535
;1;2;146;1536
;1;2;146;1537
;1;2;1538
;1;2;1539
;1;1540
;1;27;1541
;1;54;1542
;1;2;1543
;1;2;31;32;5;6;289
;1;1544
;1;1545
;1;2;3;4;5;6;1546
;1;19;1547
;1;2;1548
;1;19;1549
;1;1550
;1;2;1551
;1;2;1305
;1;1552
;1;2;1553
;1;2;31;1554
;1;54;1555
;1;71;1556
;1;27;1557
;1;19;1558
;1;2;3;474;475;6;794
;1559
;1;2;1560
;1;2;1561
;1;74;255;1362
;1;2;1562
;1;19;1563
;1;377;1564
;1;19;1565
;1;19;1566
;1;71;1567
;1;2;14;1568
;1;19;1569
;1;2;1078
;1;56;1570
;1;2;146;1571
;1;19;1572
;1;2;3;1573
;1;19;1574
;1;60;1575
;1;134;1576
;1;60;1577
;1;2;1578
;1;19;1579
;1;74;255;361
;1;2;31;1580
;1;19;1581
;1;2;3;32;5;6;1582
;1;1583
;1;2;41;5;6;178
;1;71;1433
;1;58;1584
;1;2;146;1585
;1;134;1586
;1;1587
;1;24;1588
;1;1589
;1;134;1590
;1;54;1591
;1;2;14;32;5;6;1592
;1;19;1593
;1;24;635
;1;2;146;1594
;1;24;1595
;1;2;31;1596
;1;19;1597
;1;2;1598
;1;2;1599
;1;2;1600
;1;19;1601
;1;1602
;1;2;1603
;1;134;1604
;1;2;1605
;1;24;328
;1;58;1606
;1;2;347;5;6;838
;1;19;1607
;1;71;1608
;1;2;1609
;1;71;1610
;1;2;146;1611
;1;2;97;5;6;838
;1;2;66;5;6;913
;1;54;1612
;1;2;97;5;6;282
;1;24;1613
;1;2;1614
;1;2;3;9;1485
;1;1615
;1;1616
;1;1617
;1;19;1618
;1;60;61;5;6;414
;1;1619
;1;17;176
;1;2;1620
;1;2;1621
;1;2;347;5;6;67
;1;19;1622
;1;2;31;474;475;6;757
;1;19;1623
;1;2;146;419
;1;2;177;5;6;1209
;1;71;990
;1;2;1624
;1;19;1625
;1;2;3;4;5;6;1626
;1;17;1627
;1;2;14;4;5;6;1628
;1;2;1629
;1;2;1630
;1;246;642;133
;1;27;1631
;1;19;1632
;1;1633;366;367;6;368
;1;19;1634
;1;19;1635
;1;2;1636
;1;1637
;1;2;1638
;1;2;1639
;1;545
;1;27;1640
;1;1641
;1;2;1642
;1;2;3;4;5;6;185
;1;56;1643
;1;1644
;1;60;1645
;1;24;1646
;1;2;1647
;1;1648
;1;54;1649
;1;19;1650
;1;2;14;32;5;6;220
;1;2;146;1651
;1;2;1652
;1653
;1;1654
;1;126;1655
;1;2;463;5;6;67
;1;60;1656
;1;1657
;1;17;1658
;1;2;31;4;5;6;1659
;1;1660
;1;2;1661
;1;2;14;1554
;1;1662
;1;2;86;1663
;1;2;31;1664
;1;2;1665
;1;2;31;32;5;6;548
;1;54;1666
;1;54;1667
;1;2;31;1668
;1;1669
;1;2;146;525
;1;2;41;5;6;299
;1;2;1670
;1;1671
;1;27;1672
;1;1673
;1;58;1674
;1;2;146;1675
;1;2;31;4;5;6;1676
;1;19;1677
;1;27;1678
;1;2;3;4;5;6;1679
;1;2;945
;1;2;146;1680
;1;2;14;273;1681
;1;2;31;50
;1;2;1682
;1;19;1683
;1;2;101;5;6;154
;1;1684
;1;19;1685
;1;2;1686
;1;1687
;1;24;1688
;1;1689
;1;1690
;1;71;1171
;1;24;1691
;1;2;146;1692
;1;74;1693
;1;19;1694
;1;1695
;1;2;1696
;1;2;1697
;1;54;1698
;1;2;14;9;1699
;1;24;520
;1;2;66;5;6;42
;1;19;1700
;1;1701
;1;19;1702
;1;1703
;1;71;1704
;1;24;1705
;1;2;391;5;6;594
;1;19;1706
;1;2;1707
;1;71;1708
;1;2;14;4;5;6;220
;1;19;1709
;1;2;14;1710
;1;1711
;1;21;1712
;1;2;1713
;1;2;463;5;6;1714
;1;246;1715
;1;1716
;1;27;1717
;1;1718
;1;2;177;5;6;422
;1;24;142
;1;874
;1;1145
;1;19;1719
;1;2;66;5;6;250
;1;1720
;1;27;1721
;1;58;162;6;163;935;184
;1;2;1722
;1723
;1;19;1724
;1;2;1725
;1;1726
;1;60;1727
;1;2;1728
;1;2;1729
;1;19;1730
;1;2;3;273;695
;1;54;1731
;1;71;1732
;1;71;1733
;1;54;1734
;1;19;1735
;1;2;66;5;6;261
;1;17;1736
;1;2;31;4;5;6;1737
;1;54;1738
;1;2;3;32;5;6;1339
;1;1739
;1;2;146;1740
;1;54;1741
;1;58;1742
;1;2;14;32;5;6;1582
;1;60;1743
;1;71;719
;1;58;1744
;1;17;1745
;1;27;1746
;1;2;1747
;1;2;3;9;1245
;1;2;14;9;973
;1;2;1748
;1;27;1749
;1;19;1750
;1;2;1751
;1;1752
;1;2;86;1753
;1;19;1754
;1;56;419
;1;2;86;1755
;1;2;14;32;5;6;1626
;1;54;1756
;1;74;626
;1;27;1757
;1;19;1758
;1;2;1759
;1;2;1760
;1;2;14;1761
;1;1762
;1;234;76
;1;246;642;151
;1;19;1763
;1;2;31;32;5;6;102
;1;17;1764
;1;60;1765
;1;54;1766
;1;2;1767
;1;1768
;1;126;1769
;1;2;3;4;5;6;1435
;1;174;1770
;1;2;146;1691
;1;134;1771
;1772
;1;1773
;1;2;463;5;6;594
;1;2;14;273;1774
;1;19;1775
;1;19;1776
;1;2;146;1777
;1;1778
;1;2;14;50
;1;377;133
;1;2;1779
;1;2;1780
;1;1781
;1;2;41;5;6;594
;1;19;1782
;1;2;463;5;6;436
;1;1783
;1;17;1784
;1;1785
;1;2;1786
;1;19;1787
;1;2;146;1788
;1;58;1156
;1;488
;1;1789
;1;246;1790
;1;27;1791
;1;2;1792
;1;1793
;1;54;1794
;1;1795
;1;27;1796
;1;2;146;1797
;1;58;1798
;1;2;86;132;151
;1;2;31;9;1799
;1;2;1800
;1;1801
;1;2;1802
;1;2;1803
;1;27;1804
;1;24;1805
;1;1806
;1;1807
;1;54;1808
;1;19;1809
;1;19;1810
;1;2;1811
;1;1812
;1;2;86;1813
;1814
;1;2;1815
;1;71;1816
;1;2;1817
;1;71;1818
;1;2;1819
;1;24;1820
;1;60;534
;1;1821
;1;2;463;5;6;548
;1;56;1822
;1;2;14;32;5;6;1659
;1;54;1823
;1;1824
;1;19;1825
;1;27;1826
;1;1827
;1;71;1828
;1;1829
;1;2;3;756;475;6;794
;1;1830
;1;2;31;4;5;6;1435
;1;60;61;5;6;478
;1;134;1831
;1;60;1832
;1;1833
;1;1834
;1;2;14;1835
;1;2;31;474;475;6;476
;1;54;1836
;1;1837
;1;2;3;657
;1;56;1838
;1;19;1839
;1;24;605
;1;54;1840
;1;19;1841
;1;24;1842
;1;1843
;1;2;1844
;1;27;1845
;1;54;1846
;1;24;1847
;1;2;3;9;256
;1;2;31;4;5;6;331
;1;246;642;658
;1;27;1848
;1;2;1849
;1;2;31;273;1850
;1;1851
;1;2;463;5;6;299
;1;1852
;1;60;1853
;1;1854
;1;1855
;1;54;1856
;1;2;3;273;1258
;1;1857
;1;2;66;5;6;646
;1;19;1858
;1;2;14;9;695
;1;27;1859
;1;19;1860
;1;24;1861
;1;2;3;4;5;6;1737
;1;2;14;273;1862
;1;2;1863
;1;2;1864
;1;1865
;1;19;1866
;1;419
;1;2;1867
;1;19;1868
;1;2;463;5;6;633
;1;19;1869
;1;2;86;1870
;1;54;1332
;1;2;146;1415
;1;19;1871
;1;2;48
;1;2;146;1872
;1;2;146;1873
;1;1874
;1;1875
;1;19;1876
;1;2;1877
;1;1878
;1;19;1879
;1;2;31;32;5;6;559
;1;246;642;600
;1;71;1880
;1;2;14;9;1799
;1;2;3;1881
;1;2;31;9;1473
;1;74;1882
;1;24;1883
;1;24;730
;1;27;1884
;1;27;1885
;1;2;3;9;182
;1;71;1886
;1;71;1887
;1;2;31;273;557
;1;174;1888
;1;1889
;1;1890
;1;2;3;273;1245
;1;54;1891
;1;27;1892
;1;71;425
;1;2;463;5;6;1377
;1;19;1893
;1;19;1894
;1;2;14;273;797
;1;1895
;1;71;1896
;1;1897
;1;1898
;1;71;1899
;1;54;1900
;1;855
;1;28
;1;71;1901
;1;2;3;9;229
;1;2;31;32;5;6;220
;1;56;1902
;1;2;14;1580
;1;54;1903
;1;19;1904
;1;22
;1;2;1905
;1;58;1906
;1;2;1907
;1;126;1908
;1;2;1909
;1;58;1910
;1;2;1911
;1;1872
;1;71;1912
;1;54;1913
;1;2;31;860
;1;2;31;1914
;1;1915
;1;2;146;1916
;1;2;14;4;5;6;1917
;1;27;1918
;1;1919
;1;19;1920
;1;1921
;1;58;1922
;1;19;1923
;1;2;41;5;6;1291
;1;2;1924
;1;2;1925
;1;2;1926
;1;60;1511
;1;2;31;1927
;1;2;146;1928
;1;1929
;1;2;1930
;1;60;61;5;6;1714
;1;24;1931
;1;1932
;1;2;1933
;1;71;1934
;1;17;1935
;1;2;31;1936
;1;58;1937
;1;1938
;1;1939
;1;2;177;5;6;250
;1;71;1940
;1;60;1941
;1;71;52
;1942
;1943
;1;1944
;1;58;1945
;1;2;3;756;475;6;757
;1;54;1946
;1;27;1947
;1;2;1948
;1;1949
;1;71;1950
;1;2;31;9;1951
;1;1952
;1;19;1953
;1;1954
;1;2;391;5;6;1714
;1;19;1955
;1;1956
;1;1957
;1;1958
;1;24;1959
;1;19;1960
;1;2;1961
;1;71;1962
;1;54;1963
;1;19;1964
;1;2;1965
;1;2;1208
;1;2;14;273;836
;1;54;1966
;1;1967
;1;19;1968
;1;1969
;1;2;1970
;1;2;3;1971
;1;19;1972
;1;19;1973
;1;19;1974
;1;21;1823
;1;2;1975
;1;19;1976
;1;19;1977
;1;2;31;1978
;1;24;1979
;1;2;1980
;1;2;31;4;5;6;663
;1;2;1981
;1;71;333
;1;2;146;1982
;1;1983
;1;2;146;1984
;1;19;1985
;1;19;1986
;1;234;829
;1;2;31;9;1774
;1;71;297
;1;2;146;1823
;1;2;1987
;1;2;146;1988
;1;54;1989
;1;1990
;1;2;3;4;5;6;411
;1;1991
;1;60;1992
;1;2;463;5;6;154
;1;2;1993
;1;2;1994
;1;2;1995
;1;19;1996
;1;1997
;1;2;1998
;1;134;1999
;1;2;31;2000
;1;2001
;1;2;2002
;1;126;2003
;1;710;2004
;1;2005
;1;71;1345
;1;58;965
;1;2;177;5;6;839
;1;27;2006
;1;2007
;1;19;2008
;1;24;2009
;1;56;2010
;1;2011
;1;27;2012
;1;71;2013
;1;2;2014
;1;2;2015
;1;71;2016
;1;19;2017
;1;2;2018
;1;2;31;9;1258
;1;27;2019
;1;2020
;1;2;2021
;1;2;347;5;6;862
;1;2;2022
;1;2;2023
;1;2;31;273;94
;1;2;14;2024
;1;2;146;2025
;1;2026
;1;134;2027
;1;19;2028
;1;2;2029
;1;2;2030
;1;19;2031
;1;24;590
;1;2;31;273;1498
;1;2032
;1;19;2033
;1;19;2034
;1;54;635
;1;71;2035
;1;19;2036
;1;19;2037
;1;1891
;1;19;2038
;1;2;2039
;1;2;2040
;1;2;2041
;1;27;2042
;1;2;2043
;1;134;2044
;1;19;2045
;1;2046
;1;2;146;2047
;1;2;2048
;1;71;2049
;1;2;146;2050
;1;2051
;1;166;133
;1;2052
;1;27;2053
;1;60;2054
;1;2;14;4;5;6;1592
;1;19;2055
;1;54;221
;1;2;2056
;1;2;2057
;1;246;1116
;1;2;2058
;1;2;2059
;1;2;3;32;5;6;387
;1;2060
;1;54;2061
;1;377;1128
;1;2;2062
;1;71;1847
;1;2;2063
;1;2064
;1;17;1208
;1;2;31;2065
;1;2;2066
;1;19;2067
;1;19;2068
;1;2;31;1881
;1;60;506;5;6;67
;1;24;568
;1;19;2069
;1;2;2070
;1;2;2071
;1;2;3;9;2072
;1;19;2073
;2074
;1;2;3;1170
;1;2075
;1;19;2076
;1;19;2077
;1;58;2078
;1;58;162;6;163;183;2079
;1;56;2080
;1;19;2081
;2082
;1;71;2083
;1;2;14;273;361
;1;2;347;5;6;839
;2084
;1;19;2085
;1;2;31;4;5;6;1533
;1;58;162;6;163;2086
;1;27;2087
;1;2;31;32;5;6;411
;1;2;31;4;5;6;2088
;1;174;2089
;1;2;3;1936
;1;19;2090
;1;2;31;1267
;1;2091
;1;2;2092
;1;2;2093
;1;2094
;1;24;2095
;1;2;2096
;1;2097
;1;246;642;167
;1;27;1180
;1;58;162;6;163;2098
;1;2;146;1159
;1;24;2099
;1;2;177;5;6;464
;1;174;2100
;1;60;506;5;6;62
;1;58;2101
;1;2;101;5;6;1377
;1;19;2102
;1;2;3;273;161
;1;2;2103
;1;19;2104
;1;2105
;1;134;2106
;1;2;2107
;1;2;146;2108
;1;19;2109
;1;2;86;207
;1;2110
;1;24;212
;1;2;14;9;161
;1;2;31;9;1245
;1;71;254
;1;24;776
;1;27;2111
;1;17;2112
;1;2;97;5;6;42
;1;234;600
;1;19;2113
;1;2;3;4;5;6;663
;1;54;2114
;1;24;1442
;1;27;2115
;1;2;2116
;1;19;2117
;2118
;1;17;2119
;1;71;2120
;1;2121
;1;536
;1;2122
;1;74;2123
;2124
;1;2;14;32;5;6;663
;1;58;162;6;2125
;1;2126
;1;2;2127
;1;2;146;2128
;1;2;14;273;1699
;1;27;2129
;1;27;2130
;1;56;2131
;1;2;101;5;6;282
;1;19;2132
;1;19;2133
;1;27;1646
;1;19;2134
;1;2;31;4;5;6;696
;1;19;2135
;1;2;2136
;1;19;2137
;1;2;3;32;5;6;250
;1;71;35
;1;2;3;2138
;1;2;2139
;1;71;2140
;1;2141
;1;19;2142
;1;2;146;1608
;1;60;2143
;1;2;2144
;1;2;207
;1;2;14;2145
;1;19;2146
;1;58;171
;1;134;2147
;1;2;2148
;1;2;2149
;1;71;2150
;1;2151
;1;2152
;1;19;2153
;1;2;3;32;5;6;1086
;1;2;3;9;2154
;1;2;14;273;49
;1;2;3;4;5;6;1917
;1;2155
;1;2156
;1;2;2157
;1;19;2158
;1;2;2159
;1;24;2160
;1;19;2161
;1;60;506;5;6;646
;1;54;2162
;1;2163
;1;71;1820
;1;2;146;2164
;1;60;506;5;6;282
;1;19;2165
;1;2166
;1;2;41;5;6;261
;1;2;14;4;5;6;1161
;1;2167
;1;2;2168
;1;2169
;1;2;2170
;1;19;2171
;1;60;2172
;1;56;2173
;1;2;3;2174
;1;816
;1;2;3;4;5;6;616
;1;2175
;1;71;2176
;1;2;2177
;1;24;2178
;1;54;2179
;1;2180
;1;2;14;273;2181
;1;2;2182
;1;24;2183
;1;2;391;5;6;839
;1;71;2184
;1;2;2185
;1;174;2186
;1;60;2187
;1;54;2188
;1;246;642;2189
;1;2;66;5;6;633
;1;2;146;2190
;1;2191
;1;19;2192
;1;2;2193
;1;2194
;1;2;2195
;1;71;2196
;1;71;2197
;1;2;2198
;1;19;2199
;1;2200
;1;2201
;1;2;146;2202
;2203
;1;2204
;1;27;2205
;1;2;41;5;6;579
;1;2206
;1;2;66;5;6;838
;1;24;2207
;1;2;2208
;1;60;506;5;6;261
;1;2;146;2209
;1;19;2210
;1;54;2211
;1;54;2212
;1;54;2213
;1;54;2214
;1;2;146;2215
;1;19;2216
;1;2217
;1;2218
;1;134;2219
;1;58;2220
;1;19;2221
;1;19;2222
;1;54;2223
;1;17;2224
;1;2;146;2225
;1;2;31;32;5;6;493
;1;2;2226
;1;2;66;5;6;414
;1;19;2227
;1;2228;1087
;1;54;2229
;1;2230
;1;19;2231
;1;2232
;1;19;2233
;1;27;2234
;1;2235
;1;2236
;1;74;2237
;1;2238
;1;2;2239
;1;27;2240
;1;2;41;5;6;306
;1;27;2241
;1;58;2242
;1;2;2243
;1;54;2244
;2245
;1;24;1221
;1;19;2246
;1;2;2247
;1;2;2248
;1;71;2249
;1;2250
;1;54;2251
;1;2;2252
;1;56;2253
;1;27;2254
;1;2;2255
;1;2;31;273;2256
;1;54;2257
;1;2258
;1;246;2259
;1;174;903
;1;2260
;1;27;2261
;1;2;146;2262
;1;2263
;1;2;14;1277
;1;19;2264
;1;2265
;1;71;720
;1;71;2266
;1;2267
;1;2;146;603
;1;2268
;1;2269
;1;2270
;1;1381
;1;19;2271
;2272
;1;2;2273
;1;2274
;2275
;1;54;2276
;1;2;14;1881
;1;2;97;5;6;62
;1;2277
;1;2;2278
;1;2;31;273;1473
;1;2279
;1;19;2280
;1;2;347;5;6;646
;1;2;3;173
;1;134;207
;1;58;2281
;1;2282
;1;54;2283
;1;1180
;1;2;2284
;1;2;146;2285
;1;2286
;1;2287
;1;19;2288
;1;2;146;2289
;1;27;2290
;1;27;2291
;1;2292
;2293
;1;19;2294
;1;19;2295
;1;17;2296
;1;19;2297
;1;2;2298
;1;19;2299
;1;24;2300
;1;24;2301
;1;2302
;1;19;2303
;1;2;2304
;1;2;2305
;1;71;2306
;1;2307
;1;2308
;1;2;31;9;1850
;1;71;187
;1;134;2309
;1;19;2310
;1;2311
;1;2312
;1;54;2313
;1;2314
;1;2315
;1;2099
;1;27;2316
;1;24;2317
;1;2;14;273;444
;1;2;2318
;1;19;2319
;1;17;2320
;1;2;31;9;94
;1;2321
;1;54;2322
;1;2;2323
;1;2324
;1;2;31;9;462
;1;19;2325
;1;1979
;1;2;3;141
;1;2;31;9;2326
;1;2327
;1;60;242
;1;2;2328
;1;2;14;32;5;6;185
;1;19;2329
;1;56;2330
;1;2;14;2331
;1;2;2332
;1;71;666
;1;377;2333
;1;71;968
;1;71;2334
;1;2335
;1;54;2336
;1;2337
;1;24;265
;1;54;2338
;1;2;31;2339
;1;2340
;1;174;2341
;1;2;2342
;1;2343
;1;2;101;5;6;422
;1;2;146;2344
;1;2;347;5;6;1209
;1;54;2345
;1;2346
;1;2347
;1;54;2348
;1;2349
;1;134;2350
;1;19;2351
;1;2352
;1;19;2353
;1;2;2354
;1;2355
;1;2;3;273;420
;1;74;255;1375
;1;2;146;284
;1;58;2356
;1;2;2357
;1;2;14;461
;1;2;14;273;15
;1;2358
;1;2;3;1282
;1;19;2359
;1;2;2360
;1;27;2361
;1;2;2362
;1;58;2363
;1;2364
;1;2365
;1;71;2366
;1;2;14;129
;1;19;2367
;1;27;2368
;1;27;2369
;1;2;2370
;1;2371
;1;54;2372
;1;19;2373
;1;19;2374
;1;2;3;32;5;6;2375
;1;2376
;1;71;2377
;1;2;66;5;6;178
;1;2;146;2378
;1;246;642;76
;1;2;3;273;1375
;1;2;41;5;6;555
;1;2;391;5;6;862
;1;2;2379
;1;2;2380
;1;19;2381
;1;24;2382
;1;2;2383
;1;19;2384
;1;2;2385
;2386
;1;60;61;5;6;223
;1;19;2387
;1;19;2388
;1;2;31;2389
;1;2;2390
;1;377;2391
;1;2392
;1;2;2393
;1;54;2394
;1;19;2395
;1;2396
;2397
;1;58;2398
;1;2;31;9;1498
;1;2;31;9;973
;1;24;2399
;1;24;2400
;1;174;2401
;1;2228;600
;1;2;31;4;5;6;559
;1;17;2402
;1;2403
;1;19;2404
;1;2;14;273;1473
;1;246;2405
;1;2;2406
;1;2;146;2407
;1;71;93
;1;2;97;5;6;178
;1;27;2408
;1;2;2409
;1;58;162;6;163;2410
;1;24;2411
;1;2;3;32;5;6;289
;1;60;2412
;1;60;2413
;1;2;347;5;6;1291
;1;2;31;9;1862
;1;60;1981
;1;2;146;1025
;1;2;3;32;5;6;1161
;1;2;2414
;1;2;2415
;1;17;2416
;1;71;2417
;1;19;2418
;1;2;2419
;1;19;2420
;1;2;41;5;6;548
;1;2;2421
;1;54;2422
;1;2;31;32;5;6;1424
;1;19;2423
;1;2424
;1;2;86;2425
;1;19;2426
;1;2;3;4;5;6;289
;1;71;2427
;1;2;14;32;5;6;696
;1;2;14;4;5;6;1582
;1;71;2428
;1;2;2429
;1;2430
;1;2;2431
;1;2432
;1;2;101;5;6;862
;1;2;2433
;1;2434
;1;2;14;4;5;6;331
;2435
;1;54;2436
;1;1242
;1;2437
;1;17;2438
;1;19;2439
;1;19;2440
;1;2;2441
;1;2442
;1;2;31;9;256
;1;2;97;5;6;223
;1;2;347;5;6;1714
;1;2443
;1;2;2444
;1;2;2445
;1;2;146;2366
;1;2;3;32;5;6;1626
;1;71;2446
;1;19;2447
;1;24;2448
;1;2;31;273;783
;1;2;3;2449
;1;54;2450
;1;24;2451
;1;60;2452
;1;60;61;5;6;2453
;2454
;1;60;2455
;1;2456
;1;19;2457
;1;56;2458
;1;2;146;2459
;1;2;14;273;182
;1;2;2460
;1;2461
;1;60;506;5;6;838
;1;2;146;2462
;1;2;14;2463
;1;60;1318
;1;2464
;1;377;2465
;1;2466
;2467
;1;2;31;2468
;1;60;61;5;6;1291
;1;2469
;1;2470
;1;2;146;2471
;1;2;14;9;1375
;1;54;2472
;1;24;189
;1;17;2473
;1;2;31;4;5;6;1086
;1;2;2474
;1;2475
;1;2476
;1;2477
;1;71;2478
;1;2;146;2479
;1;2;31;461
;1;2;3;32;5;6;482
;1;2;2480
;1;56;903
;1;60;2481
;1;17;1693
;1;27;2482
;1;19;2483
;1;2;2484
;1;27;2485
;1;2;31;32;5;6;774
;1;126;946
;1;2;31;4;5;6;548
;1;54;2486
;1;2;14;32;5;6;411
;1;19;2487
;1;2;391;5;6;579
;1;2;3;32;5;6;1546
;1;2471
;1;2488
;1;19;2489
;1;19;2490
;1;24;2491
;1;2;14;9;274
;1;54;2492
;1;2;14;597
;1;2493
;1;134;2494
;1;126;929
;1;60;2495
;1;27;2496
;1;19;2497
;1;54;2184
;1;2;14;273;1951
;1;24;1534
;1;19;2498
;1;2;3;4;5;6;436
;1;2;146;2499
;1;60;2500
;1;126;903
;1;2;14;1668
;1;54;2501
;1;2;31;273;263
;1;2502
;1;134;2503
;1;17;2504
;1;2;31;273;1799
;1;2;2505
;1;2;2506
;1;2;41;5;6;185
;1;2;97;5;6;548
;1;24;2507
;1;60;506;5;6;478
;1;71;539
;1;60;2508
;1;19;2509
;1;24;2184
;1;2;31;4;5;6;2510
;1;2;2511
;1;2;3;748
;1;2;3;2389
;1;71;2512
;1;2;3;417
;1;19;2513
;1;2;86;2514
;1;2;2515
;1;2;3;4;5;6;1209
;1;166;2516
;1;2;31;474;475;6;794
;1;2;31;273;161
;1;2;177;5;6;282
;1;2;3;2517
;1;2518
;1;19;2519
;1;2;3;273;462
;1;19;2520
;1;71;2521
;1;2;14;273;1850
;1;377;2522
;1;2;2523
;1;2;2524
;1;2;41;5;6;1377
;1;71;714
;1;17;2525
;1;2;2526
;1;246;2527
;1;27;2528
;1;2;2529
;1;2;2530
;1;27;2531
;1;2;31;273;229
;1;2532
;1;19;2533
;1;2;2534
;1;19;2535
;1;2;2536
;1;54;2537
;1;2;41;5;6;436
;1;60;2538
;1;2539
;1;2;14;1168
;1;2;2540
;1;2;2541
;1;54;2542
;1;2543
;1;2;2544
;1;2;2545
;1;2;2546
;1;56;2547
;1;71;2548
;1;2549
;1;71;946
;1;27;2550
;1;2;31;32;5;6;1339
;1;56;2551
;1;2;2552
;1;2;177;5;6;775
;1;2;66;5;6;1255
;1;2553
;1;2554
;1;19;2555
;1;2556
;1;54;2557
;1;2;14;9;920
;1;2;2558
;1;19;2559
;1;2;2560
;1;2;14;32;5;6;971
;1;71;1688
;1;2561
;1;19;2562
;1;2563
;1;2564
;1;2228;658
;1;2565
;1;71;2566
;1;2;146;2567
;1;27;2568
;1;19;2569
;1;2;2570
;1;58;162;6;163;164;2079
;1;2571
;1;2;31;273;695
;1;19;2572
;1;2;3;9;1473
;1;19;2573
;1;150;260
;1;2574
;1;2;2575
;1;2;2576
;1;2;2577
;1;71;2578
;1;2;3;32;5;6;1209
;1;2;2579
;1;2;146;2580
;1;2;3;32;5;6;2088
;1;2581
;1;2582
;1;19;2583
;1;2;2584
;1;2;2585
;1;19;2586
;1;2587
;1;24;2588
;1;27;2589
;1;2;146;2590
;1;2;146;2591
;1;54;2592
;1;2593
;1;71;779
;1;74;2594
;1;19;2595
;1;56;2596
;1;24;2597
;1;2;3;4;5;6;1161
;1;2;2598
;1;17;2599
;1;2;146;2600
;1;19;2601
;1;134;2602
;1;2;2603
;1;2;3;273;557
;1;19;2604
;1;19;2605
;1;58;1693
;1;19;2606
;1;2;2607
;1;2;534
;1;2;146;2608
;1;2;101;5;6;261
;1;2;14;4;5;6;507
;1;19;2609
;1;2;2610
;1;2611
;1;2;2612
;1;2;2613
;1;2614
;1;2615
;1;2;31;1446
;1;2;41;5;6;1209
;1;19;2616
;1;2;2617
;1;2;2618
;1;2;2619
;1;19;2620
;1;2;3;2621
;1;2;2622
;1;2623
;1;19;2624
;1;2;3;32;5;6;2625
;1;19;2626
;1;58;162;6;2627
;1;56;2628
;1;2;14;273;1300
;1;2;3;4;5;6;2625
;1;71;2629
;1;2;146;719
;1;2;2630
;1;2;146;1891
;1;60;506;5;6;464
;1;2;3;273;1850
;1;2631
;1;71;2632
;1;2633
;1;1925
;1;2;86;2634
;1;24;2635
;1;2;2636
;1;2;146;2637
;1;2;2638
;1;2639
;1;17;2640
;1;71;2301
;1;2641
;1;296;2642
;1;134;2643
;1;2644
;1;2;2645
;1;19;2646
;1;2;2647
;1;58;2648
;1;71;2649
;1;2;2650
;1;19;2651
;1;2;2652
;1;2;2653
;1;2;2654
;1;54;2655
;1;19;2656
;1;2;2657
;1;246;2658
;1;54;2659
;1;19;2660
;1;2;2661
;1;2;41;5;6;633
;1;2662
;1;17;2663
;1;17;2664
;1;2;146;2665
;1;2;14;32;5;6;1435
;1;2666
;1;2;2667
;1;54;2668
;1;832
;1;19;2669
;1;2;31;724
;1;56;2670
;1;27;2671
;1;2;3;1835
;1;2672
;1;2;3;9;361
;1;54;2673
;1;19;2674
;1;2675;2676
;1;19;2677
;1;19;2678
;1;54;2679
;1;19;2680
;1;2681
;1;2;3;273;973
;1;2;146;874
;1;2682
;1;2;2683
;1;27;2684
;1;2685
;1;2;146;1689
;1;2;2686
;1;19;2687
;1;2;146;2688
;1;2689
;1;2690
;1;2691
;1;19;2692
;1;134;2693
;1;2;146;195
;1;2;2694
;1;126;2695
;1;2;146;2696
;1;2;2697
;2698
;1;58;2699
;1;54;2700
;1;2701
;1;60;506;5;6;178
;1;19;2702
;1;2;2703
;1;2;86;2704
;1;19;2705
;1;2706
;1;71;2707
;1;2;2708
;1;60;2709
;1;2;2710
;1;24;2711
;1;19;2712
;1;58;2713
;1;2;2714
;1;2715
;1;27;2716
;1;58;376
;1;19;2717
;1;27;2718
;1;2;146;2719
;1;2;2720
;1;2721
;1;2;2722
;1;2;3;273;2723
;1;24;2724
;1;71;2725
;1;71;2726
;1;54;2727
;1;71;2728
;1;19;2729
;1;2730
;1;58;2731
;1;2;31;2145
;1;2591
;1;2;31;9;346
;1;24;2120
;1;2732
;2733
;1;2;3;32;5;6;696
;1;19;2734
;1;2;31;9;2735
;1;58;626
;1;2;2736
;1;2;2737
;1;945
;1;710;2738
;1;2;14;2389
;1;71;2739
;1;2;2740
;1;19;2741
;1;58;2742
;1;2;31;32;5;6;353
;1;126;1149
;1;58;1671
;1;2743
;1;2744
;1;2;2745
;1;24;2746
;1;19;2747
;1;19;2748
;1;19;2749
;1;2;2750
;1;2751
;1;2;3;32;5;6;1443
;1;54;2752
;1;27;2753
;1;2754
;1;60;2755
;1;2756
;1;19;2757
;1;2;146;2758
;1;24;2759
;1;24;2760
;1;54;2761
;1;19;2762
;1;19;2763
;1;2;146;2764
;1;71;2765
;1;19;2766
;1;21;1891
;1;19;2767
;2768
;1;54;2769
;1;60;2770
;1;2771
;1;60;506;5;6;422
;1;2;2772
;1;377;2773
;1;71;2774
;1;27;2775
;1;19;2776
;1;2777
;1;2;101;5;6;464
;1;2778
;1;2;66;5;6;1291
;1;174;2779
;1;2780
;1;2;177;5;6;1255
;1;2;3;32;5;6;971
;1;27;2781
;1;19;2782
;1;2783
;1;24;2784
;1;19;2785
;1;24;2003
;1;2786
;1;377;2787
;1;2289
;1;2788
;1;174;2789
;1;24;2790
;1;2791
;1;2792
;1;60;61;5;6;125
;1;2;3;273;2154
;1;2;2793
;1;2;86;2794
;1;2;146;2795
;1;2796
;1;19;2797
;1;19;2798
;1;24;2799
;1;2800
;1;2801
;1;60;506;5;6;839
;1;2;3;1277
;1;246;2802
;1;2;2803
;1;71;2804
;1;2;41;5;6;250
;1;174;2805
;1;296;1171
;1;2;14;32;5;6;33
;1;19;2806
;1;56;2807
;1;2;14;474;475;6;476
;1;2808
;1;19;2809
;1;2;14;4;5;6;1383
;1;2;391;5;6;1291
;1;2;14;32;5;6;572
;2810
;1;2025
;1;534
;1;24;432
;1;2811
;1;2;2812
;1;24;2266
;1;60;2813
;1;27;2814
;1;2;2815
;1;134;626
;1;2675;2816
;1;54;2817
;1;58;2818
;1;1680
;1;54;2819
;1;19;2820
;1;58;2821
;1;2;31;273;2822
;1;2;14;4;5;6;2088
;1;2;2823
;1;2;3;273;1699
;1;2;146;2824
;1;58;2825
;1;2;146;2826
;1;134;2827
;1;54;2828
;1;2;146;2829
;1;2830
;1;2831
;1;2832
;1;2;3;273;1498
;1;2833
;1;2;146;2834
;1;2;86;2835
;1;24;348
;1;2;101;5;6;1255
;1;2;2836
;1;2;3;1664
;1;19;2837
;1;2838;1127;367;6;368
;1;2;3;4;5;6;1424
;1;2;31;273;2072
;1;54;1171
;1;27;2839
;1;2;31;32;5;6;1679
;1;174;2840
;1;56;2841
;1;2842
;1;71;2843
;1;19;2844
;1;2;3;273;1774
;1;2;391;5;6;464
;1;19;2845
;1;19;2846
;1;2847
;1;2848
;1;2;2849
;1;58;2850
;1;2;2851
;1;19;2852
;1;2;3;4;5;6;1140
;1;2;3;860
;1;2;14;32;5;6;1424
;1;2;14;273;1032
;1;54;2853
;1;2854
;1;2;2855
;1;2;2856
;1;2;347;5;6;436
;1;2;2857
;1;2;146;2858
;1;126;2859
;1;2860
;1;27;2861
;1;19;2862
;1;2863
;1;27;2864
;1;2;3;2468
;1;2;2865
;1;174;2866
;1;54;2867
;1;2;2868
;1;71;956
;1;2;2869
;1;19;2870
;1;2871
;1;54;2872
;1;2;2873
;1;19;2874
;1;126;1738
;1;2875
;1;2876
;1;2765
;1;19;2877
;1;19;2878
;1;2;41;5;6;62
;1;19;2879
;1;19;2880
;1;19;2881
;1;58;379
;1;71;2207
;2882
;1;54;2883
;1;2884
;1;24;2885
;1;2;146;2886
;1;54;2887
;1;2;3;32;5;6;895
;1;2888
;1;60;2889
;2890
;1;2891
;1;2892
;1;17;2893
;1;19;2894
;1;27;2895
;1;60;2896
;1;2;146;2897
;1;19;2898
;1;2;3;4;5;6;696
;1;2;101;5;6;67
;1;19;2899
;1;2;146;2900
;1;2;146;2901
;1;54;2902
;1;2;2903
;1;2904
;1;2;2905
;1;71;284
;1;71;2003
;1;27;2906
;1;2;2907
;1;2;2908
;1;71;2909
;1;71;2910
;1;71;2911
;1;2912
;1;2;2913
;1;2914
;1;2915
;2916
;1;2;3;32;5;6;1679
;1;71;2917
;1;24;2918
;1;24;2919
;1;2;14;32;5;6;1546
;1;58;162;6;163;183;2920
;1;58;2921
;1;2;146;2922
;1;2;2923
;1;27;2924
;1;60;614
;1;19;2925
;1;2926
;1;2;31;9;920
;1;56;2927
;1;2;31;4;5;6;2375
;1;19;2928
;1;2;2929
;1;2;2930
;1;1143
;1;2;66;5;6;839
;1;2931
;1;2;2932
;1;2;3;2065
;1;19;2933
;1;2934
;1;24;2935
;1;2;31;4;5;6;627
;1;2936
;1;19;2937
;1;2;3;2938
;1;2;31;1971
;1;19;2939
;1;19;2940
;1;2941
;1;2;3;280
;1;58;2942
;1;2;86;2943
;1;2;2944
;1;2;2945
;1;71;929
;1;2;3;9;1699
;1;2;31;273;256
;1;2;146;2946
;1;24;2947
;1;19;2948
;1;2;2949
;1;19;2950
;1;71;2951
;1;2;3;2952
;1;54;2953
;1;710;2954
;1;246;626
;1;2955
;1;19;2956
;1;71;2957
;1;2958
;1;1208
;1;2959
;1;2960
;1;19;2961
;1;2962
;1;2963
;1;19;2964
;1;2965
;1;2;2966
;1;2967
;1;2;14;9;1245
;1;2;31;273;2968
;1;174;1823
;1;54;2969
;1;2;66;5;6;185
;1;2970
;1;24;1891
;1;1646
;1;60;61;5;6;633
;1;27;2971
;1;2;41;5;6;838
;1;21;1332
;1;71;2972
;1;74;676
;1;2;2973
;1;2;31;2974
;1;2;347;5;6;261
;1;2;2975
;1;71;2976
;1;2;14;32;5;6;1502
;1;19;2977
;1;2;86;2978
;1;2979
;1;2980
;1;2;1494
;1;2981
;1;2;2982
;1;2983
;1;24;2910
;1;19;2984
;1;60;61;5;6;464
;1;2;31;32;5;6;572
;1;2;66;5;6;862
;1;377;76
;1;2;2985
;1;2;14;273;2326
;1;2986
;1;2987
;1;54;2988
;1;2;2989
;1;2;3;2990
;1;2;2991
;1;2;2992
;1;2;14;32;5;6;1533
;1;2;146;2993
;1;2994
;1;60;506;5;6;299
;1;71;1872
;1;2995
;1;19;2996
;1;54;2997
;1;2998
;1;17;2999
;1;54;3000
;1;2;14;273;10
;1;24;3001
;1;2;347;5;6;282
;1;2;3;9;973
;1;2;3002
;1;58;3003
;1;60;506;5;6;775
;1;71;1136
;1;2;3;273;1951
;1;2;86;3004
;1;17;3005
;1;24;1405
;1;246;642;829
;1;3006
;1;3007
;1;19;3008
;1;3009
;1;2;3;1040
;1;2;3010
;1;2;14;9;1032
;1;2;31;9;1699
;1;2;3;3011
;1;3012
;1;54;3013
;1;58;699
;1;2;86;3014
;1;27;3015
;1;19;3016
;1;19;3017
;1;2;3018
;1;2;3019
;1;71;3020
;1;71;3021
;1;2;97;5;6;591
;3022
;1;24;3023
;1;2;14;4;5;6;1502
;1;3024
;1;60;3025
;1;19;3026
;1;2;347;5;6;913
;1;2;3;4;5;6;1443
;1;27;3027
;1;58;3028
;1;3029
;1;2;3030
;1;54;3031
;1;166;3032
;3033
;1;246;642;754
;1;54;1149
;1;19;3034
;1;2;3035
;1;24;2215
;1;19;3036
;1;54;1655
;1;2;14;244
;1;19;3037
;1;2;3038
;1;71;3039
;1;3040
;1;19;3041
;1;3042
;1;60;506;5;6;306
;1;2;3;273;3043
;1;2;3044
;1;2;14;4;5;6;250
;1;3045
;1;60;506;5;6;862
;1;74;699
;1;54;3046
;1;3047
;1;2;31;1408
;1;19;3048
;1;19;3049
;3050
;1;2;146;3051
;1;2;3052
;1;58;162;6;163;3053
;1;3054
;1;19;3055
;1;2;146;3056
;1;71;3057
;1;2;146;3058
;1;60;3059
;1;19;3060
;1;24;3061
;1;58;3062
;1;3063
;1;2228;76
;1;3064
;1;3065
;1;74;3066
;1;2;41;5;6;422
;1;2;31;748
;1;2;3067
;1;2;97;5;6;125
;1;54;3068
;1;2;31;2463
;1;2;3069
;1;2;14;9;2256
;1;19;3070
;1;2;31;4;5;6;1626
;1;58;1048
;1;24;3071
;1;2;3072
;1;2;3;273;3073
;1;58;162;6;163;3074
;1;2;14;9;263
;1;27;3075
;1;19;3076
;1;2;97;5;6;67
;1;2;3;3077
;1;3078
;3079
;1;24;3080
;1;71;2507
;1;2;3081
;1;3082
;1;2;97;5;6;464
;1;2;31;4;5;6;774
;1;71;206
;1;3083
;1;2;146;3084
;1;2;3085
;1;2;3086
;1;3087
;1;19;3088
;1;2;3089
;1;19;3090
;1;2;14;32;5;6;493
;1;2;14;2621
;1;2;14;409
;1;3091
;1;2150
;1;2;14;3092
;1;2;3;9;1476
;1;3093
;1;2;14;1971
;1;60;3094
;1;2;3095
;1;2;146;3096
;1;17;3097
;1;2;146;3098
;1;134;3099
;1;3100
;1;19;3101
;1;3102
;1;2;97;5;6;154
;1;2;66;5;6;125
;1;71;3103
;1;71;2399
;1;2;31;273;1699
;1;2;146;3104
;1;56;3105
;1;19;3106
;1;3107
;1;19;3108
;1;2;14;2174
;1;2;391;5;6;592
;1;2;3;3109
;1;56;3110
;1;3111
;1;17;3112
;1;17;3113
;1;2;3114
;3115
;1;2;66;5;6;282
;1;2;347;5;6;102
;1;2;3116
;1;2;3117
;1;2;146;3118
;1;19;3119
;1;2;31;4;5;6;353
;1;2;3;3120
;1;2;3121
;1;56;3122
;1;2;3123
;1;2;146;22
;1;3124
;1;2;31;2449
;1;2;3125
;1;2;14;4;5;6;353
;1;21;419
;1;17;3126
;1;3127
;1;56;3128
;1;2;14;1573
;1;3129
;1;2;31;889
;1;2;3130
;1;71;3131
;1;3132
;1;19;3133
;3134
;1;3135
;1;2;14;1315
;1;2;86;3136
;1;27;3137
;1;58;3138
;1;54;3139
;1;19;3140
;1;2;3141
;1;2;3142
;1;19;3143
;1;3144
;1;2;146;3145
;1;2;31;3109
;1;3146
;1;71;1959
;1;3147
;1;27;3148
;3149
;1;3150
;1;24;3151
;1;17;3152
;1;74;255;1258
;1;19;3153
;1;2;41;5;6;154
;1;3154
;1;19;3155
;1;17;3156
;1;3157
;1;74;75;600
;1;19;3158
;1;2;14;32;5;6;895
;1;2;86;3159
;1;24;3160
;1;74;3161
;1;56;3162
;1;3163
;1;3164
;1;2;31;32;5;6;1546
;1;2;3165
;1;2;3166
;1;19;3167
;1;2;146;110
;1;19;3168
;1;19;3169
;1;2;347;5;6;1255
;1;3170
;1;2;146;3171
;1;2;101;5;6;555
;1;19;3172
;1;2;3;32;5;6;1474
;1;3173;3174;367;6;368
;1;60;3175
;1;19;3176
;1;27;3177
;1;2;31;1573
;1;3178
;1;71;160
;1;2;3179
;1;2;3;4;5;6;326
;1;2;3;273;121
;1;2;101;5;6;185
;1;246;642;1087
;1;60;506;5;6;1377
;1;24;3180
;1;19;3181
;1;19;3182
;1;24;1509
;1;19;3183
;1;27;3184
;1;3185
;1;2;3;3186
;1;60;3187
;1;71;3188
;1;3189
;1;58;1925
;1;19;3190
;1;19;3191
;1;58;3192
;1;3193
;1;2;3194
;1;19;3195
;1;19;3196
;1;3197
;1;74;255;3198
;1;74;3199
;1;74;264
;1;24;2492
;1;2;3200
;1;2;3201
;1;27;3202
;1;2;146;3203
;1;54;3204
;1;71;3205
;1;2;3206
;1;19;3207
;1;2;66;5;6;555
;1;3208
;1;19;3209
;1;2;3210
;1;3211
;1;19;3212
;1;19;3213
;1;19;3214
;1;56;3215
;1;2;3;4;5;6;2375
;1;56;3216
;1;60;3217
;1;3218
;1;2;14;4;5;6;387
;1;19;3219
;1;71;2935
;1;3220
;1;19;3221
;1;60;3222
;1;19;3223
;1;19;3224
;1;3225
;1;3226
;1;60;61;5;6;67
;1;3227
;1;27;3228
;1;71;2317
;1;2;146;3229
;1;2;3230
;1;19;3231
;1;24;221
;1;56;3232
;1;71;3233
;1;2;146;3234
;1;3235
;1;2;14;273;2154
;3236
;1;3237
;1;54;3238
;1;17;3239
;1;54;3240
;1;2;14;273;229
;1;174;3241
;1;2;14;4;5;6;2375
;1;3242
;1;3243
;1;24;3244
;1;2;3245
;1;2;347;5;6;250
;1;2;146;3246
;1;19;3247
;1;2;3248
;1;3249
;1;54;3250
;1;3251
;1;110
;1;2;1116
;1;19;3252
;1;54;3253
;1;2;146;3254
;1;27;3255
;1;2;3256
;1;1818
;1;71;3257
;1;27;3258
;1;2;14;32;5;6;289
;1;19;3259
;1;2;14;3260
;1;24;3261
;1;60;1257
;1;2;3262
;1;3263
;1;2;31;1835
;1;3264
;1;19;3265
;1;19;3266
;1;2;3267
;1;2;31;2331
;1;3268
;1;3269
;1;27;903
;1;19;3270
;1;19;3271
;1;2;31;32;5;6;1209
;1;19;3272
;1;2;14;3273
;1;2;3274
;1;246;3275
;1;19;3276
;1;2;146;3277
;1;2;14;273;3278
;1;3279
;1;19;3280
;1;2;3281
;1;3282
;1;2;97;5;6;1209
;1;17;3283
;1;2;146;3284
;1;3285
;1;19;3286
;1;3287
;1;17;3288
;1;19;3289
;1;2;3290
;1;71;3291
;1;19;3292
;1;3293
;1;3294
;1;246;3295
;1;3296
;1;19;3297
;1;74;3298
;1;2;177;5;6;1714
;1;3299
;1;19;3300
;1;27;3301
;1;3302
;1;56;3303
;1;2;97;5;6;592
;1;27;3304
;1;2;86;3305
;1;3306
;1;3307
;1;24;3284
;1;19;3308
;1;2;14;9;1498
;1;24;3309
;1;71;55
;1;71;3310
;1;2;97;5;6;862
;1;2;31;1568
;1;2;3;4;5;6;1474
;1;56;3311
;1;2;146;3312
;1;3313
;1;2;3314
;1;21;3161
;1;2;3;73
;1;2;3315
;1;3316
;1;246;3317
;3318
;1;3319
;1;19;3320
;1;54;903
;1;3321
;1;54;3322
;1;3323
;1;71;3324
;1;60;2390
;1;246;642;1128
;1;2;3325
;1;19;3326
;1;71;3327
;1;58;3328
;1;2;146;3329
;1;3330
;1;24;3331
;1;2;3;32;5;6;493
;1;19;3332
;1;54;3333
;1;3334
;1;27;3335
;1;3336
;1;3337
;1;2;31;9;10
;1;2;14;32;5;6;326
;1;2;3338
;1;174;3339
;1;3340
;1;19;3341
;3342
;1;3343
;1;2;3;32;5;6;1140
;1;3344
;1;2;3345
;1;3346
;1;3347
;1;2;3348
;1;17;3349
;1;2;31;1185
;1;2;146;3350
;1;19;3351
;1;19;3352
;1;2;3353
;1;2;14;1978
;1;2;14;273;1245
;1;3354
;1;19;3355
;1;19;3356
;1;2;14;3011
;1;2;146;1842
;1;3357
;1;27;3358
;1;56;3359
;1;19;3360
;1;19;3361
;1;3362
;1;19;3363
;1;19;3364
;1;58;3365
;1;19;3366
;1;2;347;5;6;62
;1;58;3367
;1;24;3368
;1;2;3;273;2822
;1;2;3369
;1;2;177;5;6;591
;1;3370
;1;71;798
;1;54;3371
;1;54;3372
;1;71;3373
;1;58;3374
;1;60;61;5;6;102
;1;17;3375
;1;2;86;3376
;1;71;1489
;1;3377
;1;2;31;273;444
;1;3378
;1;3379
;1;2;14;238
;1;19;3380
;1;2;14;2065
;1;19;3381
;1;2;146;3382
;1;54;3383
;1;3384
;1;3385
;1;24;3386
;1;54;3387
;1;24;586
;1;24;3388
;1;1608
;1;166;1087
;1;19;3389
;1;24;1407
;1;3390
;1;27;3391
;1;2;3392
;1;2;347;5;6;478
;1;3393
;1;54;3394
;1;24;3188
;1;3395
;1;19;3396
;1;2;31;4;5;6;45
;1;2;3;756;475;6;476
;1;60;61;5;6;579
;1;27;3397
;1;71;2614
;1;3398
;1;2;3399
;1;3400
;1;2;146;3401
;1;3402
;1;3403
;1;54;3404
;1;3405
;1;24;3406
;1;58;3407
;1;54;3408
;1;54;3409
;1;17;3410
;1;2;347;5;6;555
;1;71;1108
;1;19;3411
;1;2;86;3412
;1;2;31;32;5;6;1533
;1;1263
;1;56;3413
;1;3414
;1;3415
;1;2;3416
;1;19;3417
;1;3418
;1;27;1363
;1;2;391;5;6;282
;1;27;3419
;1;19;3420
;1;3421
;1;3422
;1;472
;1;56;3423
;1;71;3424
;1;3425
;1;3426
;1;2;3427
;1;3428
;1;2;146;3429
;1;2;3;145
;1;2;146;3430
;1;2;3431
;1;2;31;32;5;6;1502
;1;174;3432
;1;296;569
;1;24;137
;1;2;14;32;5;6;1209
;1;2;146;3433
;1;56;3434
;1;2;3435
;1;174;3436
;1;60;2929
;1;60;3437
;1;3438
;1;2;101;5;6;1714
;1;19;3439
;1;21;3440
;1;2;391;5;6;1377
;1;2;3;32;5;6;1737
;1;60;3441
;1;54;3442
;1;2;391;5;6;67
;1;19;3443
;1;17;3444
;1;2;3445
;1;2;31;273;1375
;1;19;3446
;1;2;31;273;836
;1;19;3447
;1;19;3448
;1;24;3449
;1;19;3450
;1;3451
;1;54;3452
;1;19;3453
;1;24;3373
;1;60;207
;1;71;3454
;1;24;3455
;1;126;92
;1;2;3456
;1;60;3457
;1;56;3458
;1;19;3459
;1;2;3460
;3461
;1;24;3462
;1;71;3463
;1;24;3464
;1;2;3465
;1;379
;1;2;3466
;1;71;3467
;1;134;3468
;1;2;3;4;5;6;1383
;1;2;14;273;742
;1;2;31;32;5;6;387
;1;19;3469
;1;2;14;32;5;6;1443
;1;377;3470
;1;24;3471
;1;19;3472
;1;54;3473
;1;19;3474
;1;71;3475
;1;71;3476
;1;2;146;3477
;1;54;3478
;1;24;2521
;1;2;3;32;5;6;7
;1;71;3479
;1;19;3480
;1;2;3;273;10
;1;3481
;1;71;3482
;1;2;177;5;6;45
;1;54;2695
;1;19;3483
;1;71;3484
;1;71;3485
;1;24;3486
;1;2;31;273;274
;1;2;3;2331
;1;2;391;5;6;223
;1;2;3;273;1476
;1;19;3487
;1;126;2184
;1;54;3488
;1;19;3489
;1;19;3490
;1;626
;1;71;3491
;1;19;3492
;1;3493
;1;19;3494
;1;2;31;3092
;1;19;3495
;1;2;31;32;5;6;616
;1;2;14;273;2072
;1;2;3496
;1;3497
;1;3498
;1;3499
;1;2;3500
;1;2;31;3011
;1;19;3501
;1;2;146;3502
;1;19;3503
;1;3504
;1;2;3;1761
;1;2;14;4;5;6;1659
;1;3505
;1;24;1145
;1;2;3506
;1;2;347;5;6;98
;1;24;3057
;1;24;3507
;1;27;3508
;1;2;146;3509
;1;2;146;3510
;1;19;3511
;1;2;31;273;3278
;1;2;31;273;1258
;1;19;3512
;1;71;1738
;1;3513
;1;58;3514
;1;2;146;3515
;1;3516
;1;24;3324
;1;296;1979
;1;2;31;9;742
;1;2;97;5;6;436
;1;2;3517
;3518
;1;2;14;889
;1;2;14;9;229
;1;3519
;1;19;3520
;1;71;3521
;1;2;3522
;1;2;31;2174
;1;24;1708
;1;19;3523
;1;19;3524
;1;2;3525
;1;2;146;3526
;1;2;3527
;1;24;122
;1;2;177;5;6;1291
;1;377;3528
;1;296;1149
;1;58;3529
;1;56;3530
;1;19;3531
;1;19;3532
;1;2;3533
;1;2;3534
;1;246;3535
;3536
;1;2;3537
;1;3538
;1;2;146;3539
;1;2;31;2990
;1;3540
;1;56;3541
;3542
;1;2;3543
;1;60;2944
;1;2;97;5;6;185
;1;58;1515
;1;54;3544
;1;92
;1;58;3545
;1;2838;366;367;6;368
;1;2;41;5;6;913
;1;54;3546
;1;60;61;5;6;185
;1;2;146;3547
;1;2;3548
;1;24;2993
;1;3549
;1;19;3550
;1;3551
;1;2;101;5;6;250
;1;3552
;1;60;61;5;6;862
;1;2;146;1178
;1;3491
;1;2;3553
;1;19;3554
;1;58;3555
;1;19;3556
;1;2;31;4;5;6;250
;1;2;3;32;5;6;185
;1;24;3557
;1;2;3558
;1;19;3559
;1;71;3560
;1;24;3561
;1;3562
;1;19;3563
;1;24;3564
;1;2;3565
;1;54;3566
;1;21;3567
;1;54;2003
;1;24;3568
;1;71;3569
;1;2;146;3570
;1;27;3571
;1;60;3572
;1;60;3573
;1;19;3574
;1;2;3575
;1;71;3576
;1;19;3577
;1;2;41;5;6;478
;1;19;3578
;1;2;14;4;5;6;7
;1;2083
;1;2;3579
;1;60;3580
;1;60;61;5;6;555
;1;24;2396
;1;24;3581
;1;3582
;1;71;3583
;1;19;3584
;1;60;3585
;1;3586
;1;27;3587
;1;2;3588
;1;2;31;32;5;6;331
;1;2;3;4;5;6;1339
;1;3589
;1;19;3590
;1;19;3591
;1;2;31;273;1951
;1;3592
;1;2;146;3593
;1;699
;1;2;3594
;1;19;3595
;1;2;3596
;1;2;3;129
;1;19;3597
;1;19;3598
;1;3599
;1;3600
;1;2;2187
;1;2;3601
;1;60;3602
;1;3603
;1;54;3604
;1;71;3605
;1;2;31;4;5;6;387
;1;3606
;1;24;3607
;1;2;3608
;1;58;3609
;1;71;3610
;1;71;2918
;1;2;31;273;420
;1;2;146;3611
;1;19;3612
;1;3613
;1;19;3614
;1;3615
;1;58;3616
;1;19;3617
;1;2;3618
;1;3619
;1;19;3620
;1;60;699
;1;2;3;1446
;1;54;3621
;1;3622
;1;2;177;5;6;579
;1;3623
;1;19;3624
;1;19;3625
;1;27;432
;1;58;3626
;1;58;3627
;1;54;3628
;1;19;3629
;1;27;3630
;1;2;2936
;1;2;31;32;5;6;2625
;1;54;3631
;1;71;239
;1;2;14;32;5;6;548
;1;2;14;756;475;6;476
;1;3632
;1;3633
;1;54;3634
;1;58;3635
;1;2;31;9;836
;1;54;3636
;1;2;31;32;5;6;1086
;1;27;3637
;1;2;86;1242
;1;2;3638
;1;2;3639
;1;19;3640
;1;2;146;3160
;1;3641
;1;3642
;1;58;3643
;1;60;1305
;1;2;86;3644
;1;2;3645
;1;2;14;3646
;1;2;3647
;1;27;3648
;1;19;3649
;1;60;506;5;6;633
;1;2;3;32;5;6;572
;1;60;3650
;1;2;146;3651
;1;71;1096
;1;19;3652
;1;24;2637
;1;3653
;1;71;3654
;1;3655
;1;19;3656
;1;3657
;1;19;3658
;1;2;31;32;5;6;1737
;1;2;3;1978
;1;3659
;1;2;391;5;6;98
;1;54;3660
;1;2;3661
;1;3662
;1;54;3663
;1;2;146;2917
;1;19;3664
;1;74;3665
;1;2;3666
;1;56;3667
;1;2;3668
;1;71;3669
;1;24;3670
;1;134;3671
;1;54;3672
;1;3673
;1;19;3674
;1;2;97;5;6;555
;1;3675
;1;54;3676
;1;3677
;1;54;3678
;1;2;146;3679
;1;19;3680
;1;58;3681
;1;19;3682
;1;2;3;273;3683
;1;3684
;1;1159
;1;3685
;1;2;146;1266
;1;19;3686
;1;24;55
;1;19;3687
;1;19;3688
;1;71;3607
;1;3689
;1;2;3690
;1;71;3691
;1;2;3;244
;1;17;3692
;1;2;3693
;1;3694
;1;27;3695
;1;56;3696
;1;126;2266
;1;2;3;32;5;6;1628
;1;19;3697
;1;19;3698
;1;3699
;1;3700
;1;3701
;1;24;3291
;1;2;31;32;5;6;1011
;1;126;1171
;1;1363
;1;24;1823
;1;2;3702
;1;134;3703
;1;3704
;1;2;3;1668
;1;2;3705
;1;2;31;32;5;6;1917
;1;2;146;3706
;1;2;3707
;1;54;3708
;1;3001
;1;710;3709
;1;19;3710
;1;3711
;1;2;3712
;1;2;3713
;1;3714
;1;2;3715
;3716
;1;2;3717
;1;27;3718
;1;3719
;1;19;3720
;1;19;3721
;1;2;14;32;5;6;559
;1;2;3722
;1;3723
;1;24;3724
;1;166;658
;1;71;3725
;1;27;3726
;1;60;3727
;1;2;14;9;1862
;1;24;3728
;1;17;3729
;1;2;14;4;5;6;1011
;1;2;3730
;1;56;3731
;1;71;3732
;1;2;31;9;274
;1;19;3733
;1;2;3734
;1;2;31;9;1032
;1;2;146;855
;1;27;3735
;1;3736
;1;3737
;1;54;3738
;1;3739
;1;19;3740
;1;2;3741
;1;2;3742
;1;71;3743
;1;2;146;3744
;1;174;3745
;1;19;3746
;1;3747
;1;71;2289
;1;2;3748
;1;2;3749
;1;19;3750
;1;3751
;1;2;31;4;5;6;185
;1;27;3752
;1;2;3753
;1;2;3754
;1;2;3755
;1;134;3756
;1;2;3757
;1;2;3758
;1;2;31;273;462
;1;54;3759
;1;2;3760
;1;2;3;9;3761
;1;3762
;1;2;146;3763
;1;24;1491
;1;54;3764
;1;2;3;9;920
;1;19;3765
;1;2;3766
;1;19;3767
;1;2;14;3768
;1;2;14;273;256
;1;3769
;1;27;3770
;1;24;637
;1;60;3771
;1;17;3772
;1;2;3773
;1;2;14;32;5;6;250
;1;60;61;5;6;594
;1;2;391;5;6;125
;1;19;3774
;1;3775
;1;24;3020
;1;2;86;1012
;1;2;14;2938
;1;3776
;1;3777
;1;2;31;4;5;6;1502
;1;3778
;1;3779
;1;2;3780
;1;58;3781
;1;2;347;5;6;579
;1;2;86;3782
;1;2;3783
;1;174;3784
;1;174;3785
;1;2;3786
;1;3787
;1;2;3788
;1;24;3789
;1;3790
;1;71;3791
;1;71;3792
;1;19;3793
;1;17;3794
;1;2;3795
;1;54;3796
;1;3433
;1;2;146;3797
;1;24;3463
;1;2;146;3798
;1;71;2759
;1;2;97;5;6;594
;1;27;3799
;1;2;3800
;1;24;3801
;1;19;3802
;1;27;3803
;1;2;3804
;1;24;1940
;1;58;845
;1;24;3805
;1;19;3806
;1;2;97;5;6;1291
;1;2;3807
;1;2;3808
;1;2;3809
;1;2;146;3810
;1;19;3811
;1;3812
;1;2;146;1818
;3813
;1;19;3814
;1;19;3815
;1;2;3816
;1;19;3817
;1;3818
;1;2;146;3819
;1;2;3820
;1;54;3821
;1;19;3822
;1;19;3823
;1;2;31;657
;1;3824
;1;27;3825
;1;2;3;4;5;6;102
;1;19;3826
;3827
;1;2;3;32;5;6;1435
;1;19;3828
;1;134;3829
;1;19;3830
;1;71;3831
;1;2;66;5;6;594
;1;2;3832
;1;2;3833
;1;2;146;2169
;1;2;347;5;6;42
;1;58;3834
;1;2;177;5;6;62
;1;2;463;5;6;261
;1;24;1908
;1;19;3835
;1;71;3836
;1;3837
;1;19;3838
;1;24;1958
;1;2;3839
;1;2;31;4;5;6;895
;1;27;3840
;1;3841
;1;2;3842
;1;60;3843
;1;71;3844
;1;3845
;1;2;3846
;1;3847
;1;3848
;1;2;3;4;5;6;250
;1;2;3;112
;1;2;3849
;1;3850
;1;24;241
;1;60;3851
;1;27;3852
;1;2;3853
;1;2;31;32;5;6;1592
;1;3854
;1;2;3;908
;1;246;3855
;1;3856
;1;2;3857
;1;2;146;3858
;1;1520
;1;3859
;1;2;3860
;1;2;3861
;1;19;3862
;1;24;3863
;1;2;14;3864
;1;2;31;9;1476
;1;3865
;1;2;3866
;1;2;31;32;5;6;1474
;1;234;167
;1;17;3867
;1;3868
;1;19;3869
;1;3870
;1;3871
;1;24;2566
;1;2;177;5;6;436
;1;19;3872
;1;2;3873
;1;710;3874
;1;3875
;1;60;506;5;6;594
;1;54;3876
;1;24;3039
;1;71;3877
;1;174;3878
;1;134;3879
;1;19;3880
;1;3881
;1;2;3882
;3883
;1;19;3884
;1;2;101;5;6;1209
;1;71;3863
;1;24;3885
;1;56;3886
;1;27;3887
;1;3888
;1;2;3889
;1;19;3890
;1;27;3891
;1;3892
;1;2;146;3893
;1;246;3894
;1;19;3895
;1;2;391;5;6;42
;1;71;3896
;1;60;3897
;1;2;3898
;1;3899
;1;3900
;1;2;14;32;5;6;1676
;1;24;3901
;1;19;3902
;1;2;14;273;263
;1;54;3903
;1;3904
;1;2;146;3905
;1;19;3906
;1;2;3907
;1;2;86;3908
;1;54;3909
;1;2;3910
;1;2;391;5;6;591
;1;3911
;1;3912
;1;2;3913
;1;3914
;1;74;2363
;1;19;3915
;1;2;3916
;1;71;3917
;1;2;14;2339
;1;2;3918
;1;3919
;1;19;3920
;1;2;3;489
;1;2;41;5;6;98
;1;511
;1;3921
;1;3922
;1;24;3923
;1;54;2266
;1;56;3924
;1;19;3925
;1;71;3926
;1;2;3927
;1;2;14;9;1951
;1;3928
;1;2;14;273;1799
;1;3929
;1;2;14;4;5;6;493
;1;60;3930
;1;3931
;1;2;146;3197
;1;2;3932
;1;54;3933
;1;54;3934
;1;54;3935
;1;19;3936
;1;19;3937
;1;24;899
;1;2;3;273;3938
;1;234;2391
;1;3939
;1;19;3940
;1;3941
;1;2;3942
;1;24;2976
;1;3943
;1;19;3944
;1;56;3945
;1;19;3946
;1;377;260
;1;3947
;1;2;31;32;5;6;1628
;1;19;3948
;1;3949
;1;2;3950
;1;60;3951
;1;71;1655
;1;60;61;5;6;261
;1;2;3;4;5;6;1628
;1;2;146;3952
;1;2;3953
;1;54;3954
;1;2;146;3955
;1;58;3956
;1;3957
;1;3958
;1;2;3959
;1;2;3960
;1;3961
;1;2;3962
;1;2;3963
;1;3964
;1;3965
;1;19;3966
;1;19;3967
;1;2;31;273;2723
;1;2;3;474;475;6;757
;1;2;14;273;161
;1;3968
;1;174;3969
;1;3970
;1;27;3971
;1;2;31;4;5;6;411
;1;3972
;1;3173;366;367;6;368
;1;3973
;1;58;3974
;1;2;391;5;6;478
;3975
;1;56;432
;1;2;31;4;5;6;971
;1;2;463;5;6;185
;1;3976
;1;2;177;5;6;42
;1;2;347;5;6;185
;1;58;2191
;1;661
;1;1130
;1;2;3977
;1;3978
;1;3979
;1;2;3;370
;1;24;3980
;1;2;3981
;1;3982
;1;19;3983
;1;2;3984
;1;19;3985
;1;27;3986
;1;2;3;32;5;6;1383
;1;2;86;3987
;1;71;923
;1;24;3988
;1;19;3989
;1;54;3990
;1;2;31;4;5;6;1209
;1;2;3;335
;1;27;3991
;1;3992
;1;2;3993
;1;3994
;1;24;3995
;1;3996
;1;71;3670
;1;2;3951
;1;19;3997
;1;174;3998
;1;3999
;1;19;4000
;1;2;31;141
;1;2;14;4;5;6;102
;1;2;4001
;1;174;4002
;1;2;4003
;1;2;146;4004
;1;54;4005
;1;377;658
;1;2;146;4006
;1;4007
;1;19;4008
;1;2;31;3120
;1;24;4009
;1;19;4010
;1;2;86;4011
;1;24;4012
;1;4013
;1;2;4014
;1;2;3;1710
;1;19;4015
;1;2;4016
;1;19;4017
;1;2;101;5;6;62
;1;955
;1;58;4018
;1;19;4019
;1;19;4020
;1;60;4021
;1;2;31;32;5;6;45
;4022
;1;71;4023
;1;2;4024
;1;4025
;1;19;4026
;1;27;1332
;1;60;4027
;1;17;4028
;1;24;213
;1;4029
;1;24;2334
;1;2;66;5;6;591
;1;2;3;9;836
;1;60;4030
;1;246;642;235
;1;71;1496
;1;2;31;273;920
;1;19;4031
;1;2;463;5;6;45
;1;2;14;273;384
;1;2;4032
;1;2;4033
;1;2;146;4034
;1;2;4035
;1;19;4036
;1;2;31;4;5;6;33
;1;24;2842
;1;19;4037
;1;4038
;1;27;4039
;1;19;4040
;1;19;4041
;1;1399
;1;71;4042
;1;2;14;32;5;6;1383
;1;17;4043
;1;4044
;1;54;4045
;1;2;146;4046
;1;58;4047
;1;2;347;5;6;306
;1;4048
;1;60;506;5;6;1291
;1;2;4049
;1;19;4050
;1;54;4051
;1;19;4052
;1;2;31;316
;1;19;4053
;1;58;4054
;4055
;1;2;146;4056
;1;4057
;1;2;31;32;5;6;482
;1;2;4058
;1;19;4059
;1;2;4060
;1;2;4061
;1;2;4062
;1;74;255;4063
;1;4064
;1;60;506;5;6;4065
;1;2;3;273;836
;1;2;347;5;6;414
;1;134;4066
;1;24;1896
;1;2;14;9;361
;1;2;14;32;5;6;1086
;1;71;3433
;1;19;4067
;1;2;4068
;1;2;97;5;6;1377
;1;19;4069
;1;4070
;1;2;4071
;1;2;4072
;1;2;4073
;1;2;4074
;1;2;4075
;1;17;4076
;1;2;86;4077
;1;19;4078
;1;2;4079
;1;134;2112
;1;2;4080
;1;2;146;4081
;1;19;4082
;1;2;31;32;5;6;2510
;1;377;235
;1;2;31;9;4083
;1;2;31;4;5;6;507
;1;2;14;4;5;6;971
;1;2;4084
;1;56;4085
;1;19;4086
;1;60;1925
;1;2;177;5;6;838
;1;60;1657
;1;19;4087
;1;71;2724
;1;71;4088
;1;19;4089
;1;4090
;1;2;14;32;5;6;2088
;1;2;31;4;5;6;616
;1;2;146;4091
;1;24;92
;1;60;4092
;1;19;4093
;1;71;4094
;1;2;14;273;2968
;1;19;4095
;1;54;923
;1;2;4096
;1;60;4097
;1;60;4098
;1;2;146;4099
;1;19;4100
;1;2;463;5;6;839
;1;71;1220
;1;4101
;1;4102
;1;54;4103
;1;4104
;1;19;4105
;4106
;1;2;463;5;6;250
;1;27;4107
;1;4108
;1;4109
;1;4110
;1;2;14;32;5;6;1161
;1;24;805
;1;19;4111
;1;19;4112
;1;2;14;32;5;6;1679
;1;27;4113
;1;2;86;28
;1;4114
;1;19;4115
;1;2;14;273;4116
;1;126;1145
;1;2;146;4117
;1;4118
;1;2;3;4;5;6;627
;1;4119
;4120
;1;2675;4121
;1;4122
;1;2;14;4;5;6;1339
;4123
;1;19;4124
;1;19;4125
;1;4126
;1;2;31;273;1476
;1;4127
;1;2;97;5;6;422
;1;2;4128
;1;4129
;1;60;626
;1;19;4130
;1;4131
;1;19;4132
;1;2;41;5;6;125
;1;2;4133
;1;2;4134
;1;19;4135
;1;4136
;1;2;4137
;1;24;2427
;1;2;4138
;1;71;3805
;1;74;75;1087
;1;4139
;1;2;4140
;1;2;177;5;6;306
;1;2;146;4141
;1;56;4142
;1;4143
;1;2;4144
;1;19;4145
;1;2;3;9;742
;1;2;86;4146
;1;2;146;4147
;1;19;4148
;1;2;4149
;1;19;4150
;1;27;4151
;1;19;4152
;1;2;4153
;1;60;506;5;6;913
;1;2;97;5;6;839
;1;19;4154
;1;60;2857
;1;2;3;9;274
;1;19;4155
;1;24;3521
;1;2228;3470
;1;2;3;1227
;1;19;4156
;1;71;4157
;1;4158
;1;4159
;1;2;463;5;6;282
;1;58;162;6;163;935;2079
;1;150;600
;1;2;391;5;6;185
;1;4160
;1;71;428
;1;2;146;4161
;1;4162
;1;2;3;9;1799
;1;4163
;1;17;2363
;1;2;463;5;6;125
;1;19;4164
;1;19;4165
;1;4166
;1;4167
;1;27;4168
;1;2;3;4;5;6;1592
;1;1916
;1;24;4169
;1;2;31;1761
;1;58;4170
;1;4171
;1;4172
;1;2;4173
;1;27;3834
;1;2;4174
;1;2;4175
;1;2;4176
;1;27;4177
;1;174;419
;1;4178
;1;2;14;4;5;6;33
;1;377;4179
;1;2;31;4;5;6;2625
;1;2886
;1;2;4180
;1;17;48
;1;3791
;1;365;3174;367;6;368
;1;4181
;1;56;4182
;1;2;31;9;3938
;1;2;1301
;1;54;4183
;1;2;4184
;1;2;146;1979
;1;19;4185
;1;2;31;4;5;6;1592
;1;2;4186
;1;2;347;5;6;1377
;1;2;4187
;1;19;4188
;1;2;4189
;1;2;31;3768
;1;4190
;1;24;903
;1;27;4191
;1;19;4192
;1;60;61;5;6;592
;1;71;2635
;1;2;4193
;1;2;66;5;6;1714
;1;27;4194
;1;2;4195
;1;2;3;2974
;1;2;14;9;783
;1;4196
;1;2;86;132;600
;1;2;4197
;1;19;4198
;1;2;31;4;5;6;1628
;1;19;4199
;1;56;4200
;1;27;4201
;1;2;3;273;4202
;1;19;4203
;1;2;4204
;1;2;3;4;5;6;1533
;1;19;4205
;1;27;4206
;1;4207
;1;2;4208
;1;58;162;6;163;4209
;1;2;146;4210
;1;2;31;9;2072
;1;54;4211
;1;24;2091
;1;2;14;9;2154
;1;2;146;2286
;1;2;31;32;5;6;696
;1;4212
;1;60;61;5;6;839
;1;19;4213
;1;58;4214
;1;4215
;1;2;4216
;1;2;31;273;1032
;1;54;4217
;1;4218
;1;2;4219
;1;71;3080
;1;2;31;1315
;1;19;4220
;1;4221
;4222
;1;2;4223
;1;4224
;1;27;4225
;1;71;4226
;1;19;4227
;1;2;177;5;6;223
;1;2;3;2024
;1;60;1616
;1;2;4228
;1;2;4229
;1;56;4230
;1;54;4231
;1;1704
;1;2;3;32;5;6;1533
;1;19;4232
;1;2;4233
;1;2;31;4;5;6;1140
;1;4234
;4235
;1;2;14;9;1850
;1;1633;1127;367;6;368
;1;2;4236
;1;19;4237
;1;4238
;1;4239
;1;4240
;1;19;4241
;1;4242
;1;27;4243
;1;54;4244
;1;4245
;1;4246
;1;21;4247
;1;2838;4248;367;6;368
;1;27;4249
;1;2;4250
;1;19;4251
;1;2;4252
;1;4253
;1;2;41;5;6;45
;1;4254
;1;19;4255
;1;19;4256
;1;54;4257
;1;2228;151
;1;60;506;5;6;102
;1;2;4258
;1;17;4259
;1;56;4260
;1;19;4261
;1;71;3023
;1;19;4262
;1;54;4263
;1;4264
;1;56;4265
;1;19;4266
;1;27;4267
;1;60;4268
;1;58;4269
;1;174;4270
;1;2;2191
;1;24;2911
;1;27;4271
;1;27;4272
;1;2;14;1914
;1;2;31;273;1485
;1;19;4273
;1;60;4274
;1;54;4275
;1;71;1149
;1;4276
;1;17;488
;1;54;4277
;1;2;4278
;1;60;4279
;1;2;146;4280
;1;24;3306
;1;19;4281
;1;4282
;1;19;4283
;1;60;4284
;1;24;3257
;1;2675;4285
;1;2;4286
;1;19;4287
;1;19;4288
;1;24;4289
;1;134;534
;1;4290
;1;2;146;4291
;1;60;4292
;1;2;4293
;1;4294
;1;71;4295
;1;54;4296
;1;19;4297
;1;2;3;273;274
;1;24;4298
;1;2;3;3768
;1;2;146;2614
;1;2;4299
;1;2;4300
;1;377;4301
;1;2;463;5;6;478
;1;2;4302
;1;4303
;1;2;4304
;1;166;260
;1;2;3;4;5;6;1582
;1;71;3388
;1;71;4305
;1;2;146;4306
;1;27;4307
;1;58;162;6;163;183;165
;1;71;4308
;1;58;4309
;1;54;4310
;1;2;41;5;6;1714
;1;2;14;474;475;6;757
;1;19;4311
;1;4312
;1;74;255;4313
;1;19;4314
;1;19;4315
;1;19;4316
;1;2;14;83
;1;2;4317
;1;4318
;1;24;3205
;1;19;4319
;1;71;4320
;1;19;4321
;1;2;14;3186
;1;71;2885
;1;2;31;3864
;1;71;3775
;1;2;4322
;1;2;4323
;1;19;4324
;1;2;101;5;6;178
;1;2;14;496
;1;2;3;4;5;6;774
;1;19;4325
;1;2;31;4;5;6;1917
;1;2;4326
;1;2;4327
;1;71;4328
;1;2;146;4329
;1;4330
;1;2;31;32;5;6;911
;1;2;146;4331
;1;2;4332
;1;4333
;1;60;4334
;1;4335
;1;19;4336
;1;27;4337
;1;71;4338
;1;56;4339
;1;19;4340
;1;2;4341
;1;2;14;756;475;6;757
;1;17;4342
;1;24;1655
;1;4343
;1;2;4344
;1;27;4345
;1;4346
;1;24;4347
;1;19;4348
;1;19;4349
;1;27;4350
;1;246;4351
;1;4352
;1;60;4353
;1;27;4354
;1;54;4355
;1;19;4356
;1;4357
;1;24;2727
;1;58;4358
;1;2;146;4359
;1;56;4360
;1;2;4361
;1;19;4362
;1;2;146;4363
;1;24;4305
;1;2;4364
;1;2;4365
;1;71;4366
;1;2390
;1;17;379
;1;54;4367
;1;2;177;5;6;862
;1;2;4368
;1;19;4369
;1;19;4370
;1;27;4371
;1;60;4372
;1;4373
;1;2;4374
;1;19;4375
;1;19;4376
;1;710;4377
;1;4378
;1;2;4379
;1;296;2629
;1;2;41;5;6;592
;1;54;4380
;1;1797
;1;60;4381
;1;2;177;5;6;102
;1;2;4382
;1;2;14;4383
;1;4384
;1;2;14;1936
;1;4385
;4386
;1;19;4387
;1;2;14;4;5;6;1140
;1;2;4388
;1;71;4389
;1;60;4390
;1;4391
;1;2;146;4392
;1;19;4393
;1;71;4394
;1;174;4395
;1;2;347;5;6;633
;1;2;4396
;1;4397
;1;2;97;5;6;45
;1;19;4398
;1;58;4399
;1;71;4400
;1;24;2176
;1;24;4401
;1;2;146;4402
;1;4403
;1;2;391;5;6;261
;1;58;4404
;1;27;4405
;1;74;75;260
;1;19;4406
;1;2;3;273;15
;1;24;1556
;1;2;4407
;1;4408
;1;2;31;4;5;6;1474
;1;54;929
;1;54;4409
;1;2;3;1431
;1;4410
;1;2;3;9;3073
;1;4411
;1;4412
;1;4413
;1;54;2859
;1;71;4414
;1;19;4415
;1;74;4416
;1;17;4417
;1;17;4418
;1;4419
;1;4420
;1;71;4421
;1;24;4422
;1;2;146;709
;1;4423
;1;56;4424
;1;24;4425
;1;2;14;4;5;6;1676
;1;60;4426
;1;4427
;1;54;4428
;1;19;4429
;1;71;4430
;1;2;3;252
;1;4431
;1;54;4432
;1;71;4433
;1;24;2695
;1;58;162;6;163;935;2920
;1;4434
;1;19;4435
;1;296;677
;1;4436
;1;2;146;4437
;1;71;4438
;1;19;4439
;1;21;1979
;1;19;4440
;1;2;1657
;1;2;4441
;1;4442
;1;4443
;1;2;4444
;1;2;177;5;6;1377
;1;71;4445
;1;2;86;4446
;1;2;4447
;1;21;903
;1;2;14;9;557
;1;54;4448
;1;19;4449
;1;4450
;1;174;4451
;1;2;31;273;2154
;1;4452
;1;2;31;4;5;6;7
;1;27;4453
;1;2;14;273;427
;1;4454
;1;2;3;9;1258
;1;4455
;1;4456
;1;2;31;252
;1;17;903
;1;2;14;9;1473
;1;2;4457
;1;2;4458
;1;27;4459
;1;2;4460
;1;60;4461
;4462
;1;134;4463
;1;2;4464
;1;19;4465
;1;2;4466
;1;27;4467
;1;2;3;32;5;6;2510
;1;19;4468
;1;4469
;1;4470
;1;2;4471
;1;24;946
;1;4472
;1;4473
;1;2;4474
;1;60;61;5;6;299
;1;2;3;1580
;1;58;162;6;163;4475
;1;2;4476
;1;2;4477
;1;19;4478
;1;2;4479
;1;2;31;4;5;6;1011
;1;174;4480
;1;2;177;5;6;548
;1;19;4481
;1;2;14;4;5;6;663
;1;2;4482
;1;60;4483
;1;4484
;1;4485
;1;2;4486
;1;54;4487
;1;2;14;32;5;6;2625
;1;2;31;273;2181
;1;24;2478
;1;2;4488
;1;2;177;5;6;67
;1;71;4489
;1;4490
;1;56;1332
;1;2;97;5;6;1255
;1;24;4491
;1;24;3327
;1;58;162;6;163;164;1325
;1;4492
;1;2;4493
;1;4494
;1;2;14;4;5;6;1474
;1;24;4495
;1;27;4496
;1;2;146;4497
;1;24;1041
;1;60;4498
;1;4499
;1;2;3;1185
;1;4500
;1;2;4501
;1;4502
;1;4503
;1;2;86;1363
;1;2;3;273;1362
;1;60;4504
;1;4505
;1;1305
;1;2;4506
;1;58;28
;1;56;4507
;1;56;4508
;1;166;1128
;1;17;4509
;1;2;177;5;6;633
;1;54;4510
;1;4511
;1;24;4512
;1;71;4513
;1;174;4514
;1;60;1477
;1;56;1397
;1;2;4515
;1;71;4516
;1;4517
;1;4518
;1;903
;1;19;4519
;1;24;4431
;1;4520
;1;4521
;1;71;4522
;1;174;4523
;1;24;2859
;1;2;146;4524
;1;54;4525
;1;2;4526
;1;58;4527
;1;2;3;32;5;6;1592
;1;24;510
;1;54;4528
;1;19;4529
;1;4530
;1;27;4531
;1;4532
;1;2;3;32;5;6;1659
;1;2;14;908
;1;27;4533
;1;2;3;9;1498
;1;19;4534
;1;2;31;9;263
;1;54;4535
;1;4536
;1;2;4537
;1;58;853
;1;71;4538
;1;174;4539
;1;2;4540
;1;2;4541
;1;4542
;1;60;4543
;1;19;4544
;1;17;4545
;1;71;2608
;1;19;4546
;1;2;3;273;1799
;1;2;391;5;6;646
;1;19;4547
;1;2;14;2952
;1;4548
;1;4549
;1;2;4550
;1;74;75;658
;1;24;4551
;1;2;97;5;6;414
;1;584
;1;2;4552
;1;4553
;1;2;4554
;1;58;4555
;1;2;4556
;1;2;14;1207
;1;4557
;1;24;127
;1;2;3;2339
;1;19;4558
;1;71;3557
;1;2;86;4559
;1;2;3;273;920
;1;24;2377
;1;4560
;1;4561
;1;2;3441
;1;19;4562
;1;54;4563
;1;2;4564
;1;19;4565
;1;24;3877
;1;2;41;5;6;775
;1;2;4566
;1;4567
;1;2;86;4568
;1;24;4569
;1;71;4161
;1;2;4570
;1;2;4571
;1;19;4572
;1;2;4573
;1;2;31;4;5;6;1546
;1;2;146;4574
;1;19;4575
;1;4576
;1;2;4577
;1;2;31;273;121
;1;54;4578
;1;74;914
;1;19;4579
;1;27;4580
;1;2;4581
;1;2;4582
;1;4583;4584;4585;6;368
;1;19;4586
;1;2;146;4587
;1;19;4588
;1;2;101;5;6;223
;1;1823
;1;4589
;1;54;4590
;1;60;506;5;6;154
;1;2;31;32;5;6;436
;1;60;506;5;6;125
;1;4591
;1;2;3;4;5;6;1676
;1;27;4592
;1;2;4593
;1;2;4594
;1;4595
;1;2;14;4;5;6;2510
;1;71;3151
;1;4596
;1;2;3;9;15
;1;246;4597
;1;4598
;1;2;14;273;346
;1;4599
;1;2;14;273;557
;1;27;4600
;1;2;4601
;1;19;4602
;1;4603
;1;54;4604
;1;166;2465
;1;174;4605
;1;4606
;1;60;1370
;1;54;4607
;1;2;31;9;1376
;1;24;1738
;1;4608
;1;24;2957
;1;4609
;1;58;481
;1;2;14;4;5;6;1546
;1;2;146;4610
;1;74;255;4611
;1;4612
;1;19;4613
;1;71;2858
;1;58;162;6;163;935;577
;1;19;4614
;1;2;4615
;1;24;4516
;1;2;4616
;1;44
;1;54;4617
;1;19;4618
;1;2;86;132;1087
;1;2;41;5;6;1255
;1;19;4619
;1;2;4620
;1;4621
;1;17;4622
;1;74;207
;1;2;66;5;6;464
;1;54;4623
;1;71;4624
;1;71;1931
;1;2;4625
;1;24;606
;1;21;1399
;1;2;66;5;6;62
;1;24;4626
;1;321
;1;24;4627
;1;54;4628
;1;4629
;1;2;4630
;1;19;4631
;1;58;162;6;163;4632
;1;19;4633
;1;60;4634
;1;2;4635
;1;2;391;5;6;633
;1;2;3;32;5;6;1011
;1;24;1962
;1;19;4636
;1;2;4637
;1;4638
;1;2;14;3109
;1;4639
;1;2838;3174;367;6;368
;1;4640
;1;71;4641
;1;19;4642
;1;174;4643
;1;2;4644
;1;71;2711
;1;54;4645
;1;21;874
;1;2;4646
;1;4647
;1;2;4648
;1;2;4649
;1;19;4650
;1;56;4651
;1;174;4652
;1;19;4653
;1;2;463;5;6;1291
;1;2;31;32;5;6;1676
;1;27;4654
;1;19;4655
;1;4656
;1;58;4657
;1;2;146;4658
;1;19;4659
;1;54;4660
;1;19;4661
;1;2;4662
;1;2;97;5;6;913
;1;60;61;5;6;775
;1;4663
;1;4664
;1;2;146;4665
;1;2;4666
;1;19;4667
;1;4668
;1;2;4669
;1;2;31;32;5;6;1443
;1;2;14;273;4083
;1;2;4670
;1;71;2025
;1;4671
;1;4672
;1;4673
;1;71;3655
;1;24;3145
;1;2;177;5;6;154
;1;174;4674
;1;54;4675
;1;4676
;1;4677
;1;56;4678
;1;2;86;132;260
;1;4679
;1;2;4680
;1;17;4681
;1;174;4682
;1;2;31;32;5;6;2088
;1;2;146;4683
;1;2;146;4684
;1;2;31;4685
;1;2;41;5;6;591
;1;19;4686
;1;4687
;1;2;31;32;5;6;326
;1;2;4688
;1;2;4689
;1;19;4690
;4691
;1;19;4692
;1;854
;1;60;1116
;1;2;31;32;5;6;1582
;4693
;1;4694
;1;2;4695
;1;4696
;1;60;61;5;6;838
;1;2;2889
;1;19;4697
;1;2;4698
;1;24;2728
;1;4699
;1;2;4700
;1;2;14;4;5;6;1443
;1;19;4701
;1;2;4702
;1;2;463;5;6;223
;1;71;761
;1;2;4703
;1;19;4704
;1;2;3;273;1485
;1;71;3071
;1;4705
;1;71;2491
;1;24;4706
;1;2;3;4;5;6;2510
;1;24;4707
;1;2;31;73
;1;2;14;9;1485
;1;2;4708
;1;19;4709
;1;2;3;32;5;6;436
;1;2;3;188
;1;4710
;1;56;4711
;1;19;4712
;1;2;4713
;1;71;3386
;1;2;4714
;1;2;4715
;1;174;4716
;1;174;4717
;1;2;14;4;5;6;1737
;1;4718
;1;1332
;1;4719
;1;2;4720
;1;19;4721
;1;4722
;1;19;4723
;1;2;391;5;6;1209
;1;2;146;4724
;1;2;31;32;5;6;971
;1;54;4725
;1;2;101;5;6;478
;1;2;4726
;1;19;4727
;1;24;1058
;1;2;14;3120
;1;17;4728
;1;126;122
;1;54;4729
;1;27;4730
;1;2;4731
;1;19;4732
;1;4733
;1;27;4734
;1;71;4422
;1;2;146;4735
;1;377;4736
;1;2;4737
;1;4738
;1;54;4739
;1;58;162;6;163;4740
;1;19;4741
;1;71;2746
;1;1633;3174;367;6;368
;1;2;4742
;1;19;4743
;1;71;4744
;1;2;4745
;1;2608
;1;54;4746
;1;150;658
;1;2;4747
;1;2;4748
;1;2;31;9;15
;1;19;4749
;1;2;3;32;5;6;507
;1;4750
;1;71;4751
;1;2824
;1;4752
;1;2;3;1568
;1;27;4753
;1;2;4754
;1;4755
;1;19;4756
;1;2;31;32;5;6;7
;1;2;31;273;384
;1;58;1208
;1;2;31;1040
;1;19;4757
;1;60;4758
;1;174;4759
;1;19;4760
;1;2;4761
;1;19;4762
;1;4763
;1;4764
;1;2;31;3077
;1;2;146;4765
;1;24;4766
;1;19;4767
;1;2;4768
;1;71;4347
;1;71;3462
;1;4769
;1;27;4770
;1;2;4771
;1;166;76
;1;19;4772
;1;60;4773
;1;24;3479
;1;3173;4248;367;6;368
;1;2;14;9;2072
;1;19;4774
;1;2;101;5;6;436
;1;19;4775
;1;19;4776
;1;377;4777
;1;71;4778
;1;19;4779
;1;24;1003
;1;2;177;5;6;125
;1;2;4780
;1;4781
;1;60;4782
;1;234;2189
;1;2;4783
;1;4784
;4785
;1;74;255;4786
;1;4787
;1;4788
;1;2;4789
;1;60;2529
;1;58;1657
;1;24;4790
;1;2;4791
;4792
;1;19;4793
;1;2;4794
;1;4795
;1;2;3;273;49
;1;2;177;5;6;913
;1;24;740
;1;2;66;5;6;98
;1;2;4796
;1;24;4797
;1;2;146;3961
;1;27;419
;1;54;4798
;1;19;4799
;1;2;3;273;2256
;1;4800
;1;19;4801
;1;19;4802
;1;17;4803
;1;71;4804
;1;2;14;2974
;1;2;4805
;1;19;4806
;1;4807
;1;246;4808
;1;2;31;4809
;1;2;14;1664
;1;2;146;4810
;1;19;4811
;1;24;3610
;1;71;4456
;1;2;14;474;475;6;794
;1;2;4812
;1;27;4813
;1;19;4814
;1;2;391;5;6;299
;1;2;4815
;1;24;3498
;1;2;4816
;1;4817
;1;19;4818
;1;54;4819
;1;2;614
;1;19;4820
;1;24;569
;1;54;4821
;1;4822
;1;2;4823
;1;4824
;1;19;4825
;1;2;146;4826
;1;54;677
;1;19;4827
;1;2;14;4;5;6;2625
;1;71;4828
;1;4829
;1;4830
;1;19;4831
;1;19;4832
;1;60;4833
;1;4834
;1;2;4835
;1;2;4836
;1;174;4837
;4838
;1;60;4839
;1;19;4840
;1;24;1332
;1;4841
;1;24;1513
;1;19;4842
;1;2;31;3186
;1;2;101;5;6;913
;1;2;4843
;1;4844
;1;4845
;1;2;146;4846
;1;126;419
;1;2;14;2990
;1;4847
;1;54;4848
;1;2;4849
;1;19;4850
;1;4851
;1;377;2516
;1;2;4852
;1;2;4853
;1;54;4854
;1;2;391;5;6;548
;1;2;4855
;1;54;4856
;1;60;506;5;6;555
;1;2;4857
;1;54;4858
;1;2;379
;1;2;3;4;5;6;1659
;1;24;4859
;1;2;3;4860
;1;4861
;1;2;101;5;6;592
;1;17;4862
;1;17;534
;1;54;4863
;1;174;4864
;1;2;3;3092
;1;2;31;9;783
;1;4865
;1;60;506;5;6;98
;1;19;4866
;1;58;4867
;1;2;31;9;361
;1;60;4868
;1;60;506;5;6;592
;4869
;1;2;4870
;1;2;4871
;1;2;146;4872
;1;19;4873
;1;54;4874
;1;2;146;3103
;1;415
;1;17;4875
;1;2;347;5;6;775
;1;19;4876
;1;74;255;420
;1;2;4877
;1;19;4878
;1;60;442
;1;19;4879
;1;60;1624
;1;19;4880
;1;19;4881
;1;71;130
;4882
;1;2;31;9;2256
;1;2;4883
;1;2;31;756;475;6;476
;1;19;4884
;1;2;463;5;6;838
;1;4885
;1;60;4886
;1;27;4887
;1;3229
;1;2;14;32;5;6;1628
;1;54;4888
;1;17;264
;1;17;4889
;1;4890
;1;2;3;4;5;6;911
;1;2;146;4891
;1;2;4892
;1;54;4893
;1;2;146;4894
;1;4895
;1;24;4389
;1;19;4896
;1;2;3;4;5;6;1086
;1;4897
;1;2;66;5;6;775
;1;71;3061
;1;4898
;1;2;4899
;1;2;3;4;5;6;2088
;1;71;4900
;1;2;97;5;6;1714
;1;4901
;1;2;4902
;1;134;4903
;1;27;4904
;1;19;4905
;1;17;4906
;1;2;4907
;1;24;4908
;1;2;4909
;1;19;4910
;1;19;4911
;1;2;146;3775
;1;2;3;4;5;6;548
;1;19;4912
;1;27;4913
;1;19;4914
;1;2;4915
;1;2;3;273;2072
;1;58;4916
;1;60;506;5;6;4917
;1;2;14;2449
;1;1633;4248;367;6;368
;1;4918
;1;4919
;1;2;31;2952
;1;71;4920
;1;246;4921
;1;27;4922
;1;134;4923
;1;2;4924
;1;54;4925
;1;60;506;5;6;223
;1;19;4926
;1;2;4927
;1;27;4928
;1;2;31;4;5;6;1424
;1;4929
;1;2;4930
;1;2;4931
;1;54;4932
;1;24;1263
;1;2;4933
;1;2;146;4934
;1;19;4935
;1;19;4936
;1;19;4937
;4938
;1;2;86;4939
;1;2;4940
;1;4941
;1;2;4942
;1;2;146;297
;1;2;146;4943
;1;71;727
;1;19;4944
;1;19;4945
;1;27;4946
;1;4947
;1;71;4948
;1;56;4949
;1;2;86;4950
;1;4951
;1;19;4952
;1;71;1293
;1;4953
;1;4954
;1;2;31;32;5;6;1659
;1;2;463;5;6;913
;1;2;14;3077
;1;4955
;1;19;4956
;1;19;4957
;1;58;4958
;1;2;4959
;1;60;376
;1;71;1595
;1;27;4960
;1;71;2790
;1;54;4961
;1;2;86;4962
;1;56;4963
;1;74;1208
;1;71;2448
;1;2;4964
;1;2;391;5;6;62
;1;19;4965
;1;27;4966
;1;2;4967
;1;17;4968
;1;19;4969
;1;2;3;9;2256
;1;58;4970
;1;54;4971
;1;19;4972
;1;24;2707
;1;2;14;4;5;6;627
;1;54;4973
;1;2;4974
;1;2;4975
;1;2;4976
;1;2;146;4951
;1;2;4977
;1;19;4978
;1;2;101;5;6;838
;1;2;31;1244
;1;60;2936
;1;4979
;1;2;31;4;5;6;1679
;1;4980
;1;24;4981
;1;71;4626
;1;2;146;4982
;1;2;31;1710
;1;2;101;5;6;591
;1;2;146;1957
;1;2;101;5;6;775
;1;1257
;1;24;4983
;1;21;914
;1;4984
;1;2;4985
;1;4986
;1;2;146;4987
;1;19;4988
;1;2;463;5;6;1209
;1;24;2629
;1;2;146;4989
;1;19;4990
;1;24;3926
;1;2;14;780
;1;54;4991
;1;71;4790
;1;2;4992
;1;2;3;1554
;1;4993
;1;2;31;780
;1;2;146;4994
;1;19;4995
;1;19;4996
;1;19;4997
;1;4998
;1;4999
;1;5000
;1;19;5001
;1;27;5002
;1;2;86;5003
;1;19;5004
;1;58;5005
;1;2;4021
;1;24;5006
;1;71;590
;1;19;5007
;1;2;14;4;5;6;436
;1;5008
;1;5009
;1;5010
;1;17;5011
;1;19;5012
;1;5013
;1;2;14;4;5;6;548
;1;74;75;151
;1;5014
;1;5015
;1;2;101;5;6;306
;1;2;3;273;361
;1;5016
;1;2;3;32;5;6;331
;1;2;146;5017
;1;54;5018
;1;24;5019
;1;5020
;1;24;4433
;1;5021
;1;2;5022
;1;21;432
;1;2;463;5;6;1255
;1;2;31;4;5;6;1582
;1;2;31;32;5;6;1626
;1;2;146;5023
;1;134;5024
;1;2;3;32;5;6;627
;1;2;14;273;2256
;1;24;5025
;1;2;41;5;6;862
;1;5026
;1;71;2400
;1;2;14;4;5;6;911
;1;2;3;4;5;6;33
;1;4298
;1;17;676
;1;2;86;5027
;1;1003
;1;60;5028
;1;17;5029
;1;5030
;1;2;66;5;6;1209
;1;54;1184
;1;2;5031
;1;56;5032
;1;27;5033
;1;2;5034
;1;54;3020
;1;71;2695
;1;2;5035
;1;2;14;32;5;6;1737
;1;60;506;5;6;2453
;1;2;5036
;1;2597
;1;2;5037
;1;74;1515
;1;74;4247
;1;19;5038
;1;27;5039
;1;56;5040
;1;5041
;1;2;3;2463
;1;19;5042
;1;60;5043
;1;19;5044
;1;2;5045
;1;71;4981
;1;5046
;1;19;5047
;1;71;3180
;1;2;699
;1;2;5048
;1;2;5049
;1;5050
;1;2;14;4;5;6;1679
;1;56;5051
;1;2;5052
;1;2;146;5053
;1;5054
;1;2;146;5055
;1;5056
;1;54;5057
;1;54;5058
;1;2;146;4986
;1;5059
;1;2;5060
;1;19;5061
;1;54;5062
;1;2;31;280
;1;5063
;1;2;66;5;6;436
;1;2;101;5;6;414
;1;2;3;4383
;1;2;66;5;6;579
;1;71;2411
;1;2;3;1357
;1;19;5064
;1;5065
;1;17;5066
;1;19;5067
;1;19;5068
;1;58;5069
;1;27;5070
;1;2;177;5;6;555
;1;2;5071
;1;2;4504
;1;2;14;273;1376
;1;4583;5072;4585;6;368
;1;134;5073
;1;17;5074
;1;2;146;1332
;1;27;5075
;1;19;5076
;1;58;1242
;1;2;5077
;1;58;162;6;163;5078
;1;27;5079
;1;2;3;9;695
;1;2;3;32;5;6;102
;1;19;5080
;1;2;97;5;6;250
;1;2;5081
;1;54;5082
;1;19;5083
;1;19;5084
;1;24;5085
;1;19;5086
;1;60;506;5;6;591
;1;2;5087
;1;56;5088
;1;19;5089
;1;5090
;1;19;5091
;1;60;5092
;1;5093
;1;5094
;1;27;5095
;1;2;5096
;1;2;146;5097
;1;24;5098
;1;19;5099
;1;60;5100
;1;71;4512
;1;5101
;1;2;14;9;1774
;1;19;5102
;1;2;31;9;2154
;1;19;5103
;1;19;5104
;1;2;3;32;5;6;663
;1;2;86;5105
;1;5106
;1;5107
;1;60;5108
;1;24;2951
;1;19;5109
;1;54;5110
;1;19;5111
;1;2;5112
;1;54;5113
;1;2;14;273;783
;1;2;3;9;1951
;1;2;14;4;5;6;572
;1;54;5114
;1;19;5115
;1;19;5116
;1;2;14;32;5;6;1011
;1;5117
;1;19;5118
;1;2;463;5;6;178
;1;5119
;1;19;5120
;1;24;3083
;1;60;61;5;6;4065
;1;2;146;5121
;1;234;133
;1;2;5122
;1;2;5123
;1;2;41;5;6;102
;1;2;5124
;1;19;5125
;1;2;14;208
;5126
;1;2;14;1927
;1;2;5127
;1;60;5128
;1;54;5129
;1;54;5130
;1;27;5131
;1;19;5132
;1;60;61;5;6;178
;1;2;146;628
;1;5133
;1;71;437
;1;2;86;5134
;1;5135
;1;19;5136
;1;5137
;1;2;5138
;1;377;600
;1;2;146;5139
;1;2047
;1;27;5140
;1;19;5141
;1;19;5142
;1;2;146;5143
;1;2;3;273;783
;1;2;3;32;5;6;353
;1;2;5144
;1;2;66;5;6;306
;1;2;14;32;5;6;436
;1;54;5145
;1;2;347;5;6;591
;1;2;5146
;1;5147
;1;58;534
;1;134;5148
;1;2;14;32;5;6;1339
;1;19;5149
;1;2;5150
;1;2;146;249
;1;19;5151
;1;2;146;3790
;1;2;5152
;1;2;146;5153
;1;2;3;273;3278
;1;19;5154
;1;5155
;1;56;5156
;1;2;14;273;5157
;1;19;5158
;1;365;4248;367;6;368
;1;2;5159
;1;54;5160
;1;481
;1;60;61;5;6;4917
;1;56;5161
;1;2;5162
;1;19;5163
;1;27;5164
;1;24;5165
;1;5166
;1;2;146;1399
;1;24;2108
;1;246;5167
;1;2;146;5168
;1;2;5169
;1;2;5170
;1;2;14;1267
;1;5171
;1;58;5172
;1;54;5173
;1;4894
;1;2;3;32;5;6;1424
;1;2;5174
;1;5175
;1;19;5176
;1;2;3;4;5;6;559
;1;19;5177
;1;58;5178
;1;5179
;1;2;5180
;1;2;86;5181
;1;19;5182
;1;60;5183
;1;5184
;1;377;257
;1;2;3;32;5;6;774
;1;2;4839
;1;54;5185
;1;2;146;5186
;1;54;5187
;1;19;5188
;1;2;14;4;5;6;1626
;1;27;5189
;1;19;5190
;1;24;5191
;1;2;146;5192
;1;2;3;1244
;1;54;5193
;1;58;5194
;1;54;5195
;1;2;5196
;1;2;5197
;1;5198
;1;71;4536
;1;58;1180
;1;1883
;1;2;5199
;1;5200
;1;2;31;4;5;6;436
;1;2;5201
;1;19;5202
;1;5203
;1;2;5204
;1;54;5205
;1;19;5206
;1;2;5207
;1;19;5208
;1;2;31;273;346
;1;5209
;1;5210
;1;2;5211
;1;2;5212
;1;5213
;1;71;5214
;1;60;379
;1;19;5215
;1;19;5216
;1;27;5217
;1;2;171
;1;27;5218
;1;5219
;1;19;5220
;1;19;5221
;1;71;1705
;1;2;3;9;462
;1;2;5222
;1;5223
;1;174;5224
;1;2;14;32;5;6;1917
;1;5225
;1;56;5226
;1;71;3719
;1;54;5227
;1;2;14;32;5;6;2375
;1;19;5228
;1;2;5229
;1;17;5230
;1;5231
;1;2;146;1108
;1;2;101;5;6;98
;1;2;31;1282
;1;5232
;1;2;86;5233
;1;2;146;5234
;1;19;5235
;1;2;3;597
;1;19;5236
;1;5237
;1;5238
;1;2;14;32;5;6;911
;1;19;5239
;1;19;5240
;1;2;5241
;1;2;14;32;5;6;616
;1;2;5242
;5243
;1;58;162;6;163;5244
;1;19;5245
;1;27;319
;1;56;5246
;1;2;31;273;182
;1;2;31;2938
;1;71;3885
;1;58;162;6;163;935;1325
;1;19;5247
;1;60;5248
;1;19;5249
;1;19;5250
;1;54;5251
;1;5252
;1;24;5253
;1;5254
;1;56;5255
;1;2;5256
;1;60;2541
;5257
;1;2;5258
;1;5259
;1;5260
;1;2;3;273;384
;1;174;5261
;1;19;5262
;1;5263
;1;19;5264
;1;19;5265
;1;56;5266
;1;2;146;233
;1;71;2178
;1;2;101;5;6;633
;1;74;75;3470
;1;24;5267
;1;27;5268
;1;583
;1;19;5269
;1;2;31;9;384
;1;5270
;1;174;5271
;1;5272
;1;19;5273
;1;19;5274
;1;60;5275
;1;2;3;32;5;6;1676
;1;2;5276
;1;2;5277
;1;134;379
;1;19;5278
;1;27;5279
;1;2;86;5280
;1;166;829
;1;54;5281
;1;5282
;1;2;86;5283
;1;71;3801
;1;24;5284
;1;60;61;5;6;422
;1;2;31;32;5;6;627
;1;2;146;5285
;1;71;3564
;1;5286
;1;24;677
;1;2;5287
;1;54;5288
;1;246;379
;1;17;5289
;1;74;534
;1;2;5290
;1;2;5291
;1;2;5292
;1;71;5293
;1;2;5294
;1;2;3;273;229
;1;71;5295
;1;60;5296
;1;27;5297
;1;2;463;5;6;579
;1;58;5298
;1;24;4117
;1;2;5299
;1;2;5300
;1;19;5301
;1;2;31;2024
;1;58;162;6;163;5302
;1;54;5303
;1;174;5304
;1;2;5305
;1;134;5306
;1;5307
;1;27;5308
;1;56;5309
;1;71;5267
;1;19;5310
;1;2;31;32;5;6;2375
;1;5311
;1;58;5312
;1;71;3593
;1;5313
;1;5314
;1;2;14;273;973
;1;2;31;4;5;6;911
;1;5315
;1;2;31;9;695
;1;19;5316
;1;2;146;5317
;1;2;146;5318
;1;2;146;5319
;1;4583;5320;4585;6;368
;1;2;5321
;1;71;753
;1;24;5322
;1;2;14;273;2822
;1;5323
;1;5324
;1;2;14;316
;1;2;5325
;1;71;4408
;1;2;5326
;1;60;506;5;6;1714
;1;5327
;1;58;5328
;1;56;5329
;1;2;86;5330
;5331
;1;2;14;32;5;6;45
;1;54;5332
;1;19;5333
;1;2;463;5;6;592
;1;5334
;1;246;5335
;1;2;5336
;1;2;5337
;1;54;5338
;1;2;5339
;1;2;5340
;1;5341
;1;19;5342
;1;19;5343
;1;5344
;1;5345
;1;2;5346
;1;5347
;1;2228;754
;1;71;809
;1;2;31;756;475;6;794
;1;2;146;5348
;1;19;5349
;1;24;5350
;1;71;5351
;1;19;5352
;1;2;146;5353
;1;2764
;1;5354
;1;5355
;1;234;2465
;1;2;5356
;1;5357
;1;2;177;5;6;299
;1;19;5358
;1;2;31;9;557
;1;17;5359
;1;19;5360
;1;2;5361
;1;2;97;5;6;478
;1;5362
;1;5363
;1;54;5364
;1;2;146;5365
;1;3477
;1;2;3;273;182
;1;56;5366
;1;2;5367
;1;2;5368
;1;2;14;9;2723
;1;19;5369
;1;5370
;1;17;5371
;1;74;617
;1;2;146;5372
;1;60;5373
;1;19;5374
;5375
;1;1025
;1;19;5376
;1;2;5377
;1;54;5378
;1;54;5379
;1;60;1470
;1;2;86;5380
;1;5381
;1;5382
;1;2;5383
;1;54;5384
;1;71;5385
;1;2;3;1914
;1;2;5386
;1;60;61;5;6;646
;1;2;5387
;1;2;5388
;1;5389
;5390
;1;2;5391
;1;27;5392
;1;2;86;5393
;1;24;1166
;1;710;5394
;1;2;14;32;5;6;2510
;1;24;72
;1;2;5395
;1;24;5396
;1;19;5397
;1;5398
;1;2;14;9;1476
;1;24;2306
;1;2825
;1;2;3;9;1774
;1;19;5399
;1;60;61;5;6;913
;1;2;5400
;1;24;2649
;1;21;5401
;1;2;5402
;5403
;1;56;5404
;1;2;5405
;1;2;146;432
;1;5406
;1;5407
;1;71;679
;1;27;5408
;1;71;533
;1;152
;1;2;31;273;10
;1;24;4094
;1;2;3;4;5;6;1502
;1;2;31;9;1485
;1;19;5409
;1;54;5410
;1;24;5411
;1;5412
;1;2;5413
;1;2;5414
;1;27;5415
;1;19;5416
;1;5417
;1;19;5418
;1;24;5419
;1;56;5420
;1;2;5421
;1;2;5422
;1;2;391;5;6;775
;1;3173;1127;367;6;368
;1;2;31;489
;1;5423
;1;2;3;32;5;6;1917
;1;56;5424
;1;19;5425
;1;19;5426
;1;5427
;1;24;1279
;1;2;146;5428
;1;5429
;1;24;1355
;1;71;5430
;1;4859
;1;2;146;5431
;1;60;5432
;1;2;5433
;1;19;5434
;1;2;31;4383
;1;71;1805
;1;2;5435
;1;2;146;2371
;1;174;5436
;1;19;5437
;1;19;5438
;1;19;5439
;1;74;853
;1;377;5440
;1;5441
;1;27;5442
;1;2;3;32;5;6;411
;1;246;5443
;1;56;5444
;1;2;14;9;1258
;1;5445
;1;2;14;273;1375
;1;2;5446
;1;5447
;1;19;5448
;1;2;14;4;5;6;1435
;1;19;5449
;1;2;5450
;5451
;1;2;66;5;6;1377
;1;54;5452
;1;71;3464
;1;19;5453
;1;2;86;5178
;1;5454
;1;2;5455
;1;2;14;32;5;6;507
;1;2;101;5;6;45
;1;2;3;1927
;1;2;5456
;1;2228;5457
;1;2;463;5;6;591
;1;2;31;4;5;6;1383
;1;5458
;1;2;31;4;5;6;1161
;1;27;5459
;1;2;3;9;1850
;1;2;146;3306
;1;5460
;1;2;86;5461
;1;5462
;1;54;590
;1;2;3;200
;1;71;5463
;1;24;1610
;1;2;3;273;256
;1;2;66;5;6;102
;1;638
;1;19;5464
;1;19;5465
;1;17;221
;1;2;146;5466
;1;60;5467
;1;17;699
;1;71;4101
;1;4495
;1;2;5468
;1;5469
;1;2;3;715
;1;24;419
;1;5470
;1;2;14;9;49
;1;19;5471
;1;2;5472
;1;56;5473
;1;5474
;5475
;1;2;5476
;1;27;5477
;1;2;1616
;1;5478
;1;2;5479
;1;60;5480
;1;2;31;273;1774
;1;54;5481
;1;27;5482
;1;2;5483
;1;19;5484
;1;19;5485
;1;19;5486
;1;2;3;2145
;1;2;146;5487
;1;19;5488
;1;2;5489
;1;2;146;5490
;1;5491
;1;2;31;1168
;5492
;5493
;5494
;5495
;5496
;5497
;5498
;5499
;5500
;5501
;5502
;5503
;5504
;5505
;5506
;5507
;5508
;5509
;5510
;5511
;5512
;5513
;5514
;5515
;5516
;5517
;5518
;5519
;5520
;5521
;5522
;5523
;5524
;5525
;5526
;5527
;5528
;5529
;5530
;5531
;5532
;5533
;5534
;5535
;5536
;5537
;5538
;5539
