;1;2;3;4
;1;2;3;5
;1;2;3;6
;1;2;3;7;8
;1;2;3;9;10
;1;2;3;11;12
;1;2;3;13
;1;2;3;14;15
;1;2;3;16
;1;2;3;17
;1;2;3;18
;1;2;3;19
;1;2;3;20
;1;2;3;21
;1;2;3;22;23
;1;2;3;24
;1;2;3;25
;1;2;3;26;27
;1;2;3;28;29
;1;2;3;30;31;32
;1;2;3;33
;1;2;3;34
;1;2;3;35;36
;1;2;3;37
;1;2;3;38;23
;1;2;3;39
;1;2;3;40
;1;2;3;41
;1;2;3;42;10
;1;2;3;43
;1;2;3;44
;1;2;3;45
;1;2;3;46
;1;2;3;47;48
;1;2;3;49
;1;2;3;50;23
;1;2;3;51
;1;2;3;52
;1;2;3;7;53
;1;2;3;54;53
;1;2;55;56
;1;2;3;57;31;58
;1;2;3;26;12
;1;2;3;59
;1;2;3;60;31;61
;1;2;3;62
;1;2;3;63
;1;2;3;35;64
;1;2;3;65
;1;2;3;66
;1;2;3;67;68
;1;2;3;69
;1;2;3;70
;1;2;3;71
;1;2;3;72;10
;1;2;3;73;31;74
;1;2;3;75
;1;2;3;76
;1;2;3;77
;1;2;3;78
;1;2;3;79
;1;2;3;80;81
;1;2;3;82
;1;2;3;83
;1;2;3;84
;1;2;3;85;81
;1;2;3;86
;1;2;3;87
;1;2;3;88
;1;2;3;89
;1;2;3;90
;1;2;3;91
;1;2;3;92
;1;2;3;93
;1;2;3;94
;1;2;3;95;96
;1;2;3;97
;1;2;3;98
;1;2;3;35;8
;1;2;3;99
;1;2;3;100
;1;2;3;101;15
;1;2;3;102
;1;2;3;103
;1;2;3;11;96
;1;2;3;104
;1;2;3;105
;1;2;3;106
;1;2;3;107
;1;2;3;108
;1;2;3;85;109
;1;2;3;110
;1;2;3;111
;1;2;3;112;68
;1;2;3;113
;1;2;3;114
;1;2;3;115
;1;2;3;116
;1;2;3;117;31;118
;119
;1;2;3;54;15
;1;2;3;120
;1;2;3;121
;1;2;3;122
;1;2;3;123;124
;1;2;3;125
;1;2;3;126;23
;1;2;3;127
;1;2;3;128
;1;2;3;129
;1;2;3;130
;1;2;3;131;48
;1;2;3;132;53
;1;2;3;133;134
;1;2;3;135
;1;2;3;136
;1;2;3;137;68
;1;2;3;138
;1;2;3;139
;1;2;3;140;53
;1;2;3;95;81
;1;2;3;141
;1;2;3;142
;1;2;3;143;144
;1;2;3;145
;1;2;3;47;146
;1;2;3;147
;1;2;3;148;10
;1;2;3;149
;1;2;3;150
;1;2;3;151
;1;2;3;152
;1;2;3;153
;1;2;3;154
;1;2;3;155
;1;2;3;156;29
;1;2;3;157
;1;2;3;158
;1;2;3;9;96
;1;2;3;159
;1;2;3;160
;1;2;3;131;161
;1;2;3;162
;1;2;3;30;31;163
;1;2;3;133;68
;1;2;3;164
;1;2;3;165;109
;1;2;3;166;15
;1;2;3;167;10
;1;2;3;112;27
;1;2;3;168
;1;2;3;169
;1;2;3;170
;1;2;3;7;12
;1;2;3;171;27
;1;2;3;172
;1;2;3;173
;1;2;3;174
;1;2;3;175
;1;2;3;176
;1;2;3;177
;1;2;3;178
;1;2;3;179
;1;2;3;47;180
;1;2;3;181;23
;1;2;3;182
;1;2;3;183
;1;2;3;184
;1;2;3;185
;1;2;3;112;23
;1;2;3;186
;1;2;3;187;8
;1;2;3;188
;1;2;3;189
;1;2;3;190
;1;2;3;191
;1;2;3;192
;1;2;3;193;8
;1;2;55;194
;1;2;3;195
;1;2;3;47;10
;1;2;3;196
;1;2;3;197
;198
;1;2;3;199
;1;2;3;200
;1;2;3;201
;1;2;3;202
;1;2;3;203
;1;2;3;204
;1;2;3;35;144
;1;2;3;181;12
;1;2;3;205
;1;2;3;206
;1;2;3;207
;1;2;3;208
;1;2;3;209
;1;2;3;210
;1;2;3;211;53
;1;2;3;67;15
;1;2;3;212
;1;2;3;213;53
;1;2;3;214
;1;2;3;131;215
;1;2;3;167;124
;1;2;3;50;144
;1;2;3;148;109
;1;2;3;216
;1;2;3;217
;1;2;3;218;27
;1;2;3;219
;1;2;3;220
;1;2;3;221
;1;2;3;222
;1;2;3;223
;1;2;3;224
;1;2;3;225
;1;2;3;57;31;226
;1;2;3;227
;1;2;3;228
;1;2;3;126;27
;1;2;3;117;31;229
;1;2;3;230
;1;2;3;231
;1;2;3;9;81
;1;2;3;232
;1;2;3;233
;1;2;3;234
;1;2;3;235
;1;2;3;57;31;236
;1;2;3;181;8
;1;2;3;237
;1;2;3;117;31;238
;1;2;3;239
;1;2;3;143;215
;1;2;3;240;96
;1;2;3;241
;1;2;3;242;29
;1;2;3;243
;1;2;55;244
;1;2;3;245
;1;2;3;246
;1;2;3;47;161
;1;2;3;247
;1;2;3;248
;1;2;3;249
;1;2;3;250
;1;2;3;251;12
;1;2;3;252
;1;2;3;253
;1;2;3;133;23
;1;2;3;254;15
;1;2;3;255;81
;1;2;3;256
;1;2;3;257
;1;2;3;101;12
;1;2;3;258
;1;2;3;259
;260
;1;2;3;261
;1;2;3;262
;1;2;3;67;10
;1;2;3;263
;1;2;3;264
;1;2;3;265
;1;2;55;266
;1;2;3;267
;1;2;3;268
;1;2;3;22;144
;1;2;3;269
;1;2;3;270
;1;2;3;271
;1;2;3;47;134
;1;2;3;272
;1;2;3;273
;1;2;3;80;53
;1;2;3;274
;1;2;3;131;8
;1;2;3;275
;1;2;3;276
;1;2;3;277;15
;1;2;3;278
;1;2;3;112;12
;1;2;3;279;31;280
;1;2;3;281
;1;2;3;282
;1;2;3;283
;1;2;3;284
;285
;1;2;3;286
;1;2;3;240;29
;1;2;55;287
;1;2;3;288
;1;2;3;289
;1;2;3;123;15
;1;2;3;290
;1;2;3;137;36
;1;2;3;291
;1;2;3;292
;1;2;3;293
;1;2;3;294
;1;2;3;295
;1;2;3;296
;1;2;3;297
;1;2;3;298
;1;2;3;299
;300
;1;2;3;301
;1;2;3;302;109
;1;2;3;303
;1;2;3;304;96
;1;2;3;305
;1;2;3;306
;1;2;3;132;8
;1;2;3;307;308
;1;2;3;80;15
;1;2;3;309
;1;2;3;73;31;310
;1;2;3;35;81
;1;2;3;311
;1;2;3;312
;1;2;3;313
;1;2;3;218;53
;1;2;3;126;53
;1;2;55;314
;1;2;3;315;31;316
;1;2;3;95;10
;1;2;3;315;31;317
;1;2;3;318
;1;2;3;319
;1;2;3;320
;1;2;3;50;27
;1;2;3;321
;1;2;3;213;12
;1;2;3;322
;1;2;3;323
;1;2;3;324
;1;2;3;133;15
;1;2;3;137;48
;1;2;3;325
;1;2;3;326
;1;2;3;42;144
;1;2;3;327
;1;2;3;328;27
;1;2;3;329
;1;2;3;131;27
;1;2;3;330
;1;2;3;50;81
;1;2;3;331
;1;2;3;332
;1;2;3;333
;1;2;3;334
;1;2;3;335
;1;2;3;336
;1;2;3;337
;1;2;3;338
;1;2;3;339
;1;2;3;28;23
;1;2;3;254;109
;1;2;3;340
;1;2;3;341
;1;2;3;342;29
;1;2;3;343
;1;2;3;344
;1;2;3;148;68
;1;2;3;345
;1;2;3;346
;1;2;3;347
;1;2;3;11;15
;1;2;3;218;23
;1;2;3;95;124
;1;2;3;348
;1;2;3;349
;1;2;3;42;27
;1;2;3;350
;1;2;3;351
;1;2;3;352
;1;2;3;353
;1;2;3;354
;1;2;3;355
;1;2;3;356
;1;2;3;357;109
;1;2;3;358;68
;1;2;3;67;215
;1;2;55;359
;1;2;3;360
;1;2;3;361
;1;2;3;362
;1;2;3;363
;1;2;3;193;81
;1;2;3;364
;1;2;3;67;81
;1;2;3;365
;1;2;3;357;29
;1;2;3;366
;1;2;3;367
;1;2;3;368
;1;2;3;218;134
;1;2;3;369
;1;2;3;370
;1;2;3;371
;1;2;3;372
;1;2;3;373
;1;2;3;374
;1;2;3;213;27
;1;2;3;302;124
;1;2;3;375
;1;2;3;376
;1;2;3;377
;1;2;3;54;23
;1;2;3;47;64
;1;2;3;378
;1;2;3;379
;1;2;3;380
;1;2;3;302;68
;1;2;3;381
;382
;1;2;3;383
;1;2;3;315;31;236
;1;2;3;384
;1;2;3;385
;1;2;3;72;81
;1;2;3;386
;1;2;3;387
;1;2;3;388
;1;2;3;389
;1;2;3;390
;1;2;55;391
;1;2;3;132;68
;1;2;3;315;31;238
;1;2;3;392
;1;2;3;101;10
;1;2;3;393
;1;2;3;7;23
;1;2;55;394
;1;2;3;240;109
;1;2;3;395
;1;2;3;396
;1;2;3;254;124
;1;2;3;397
;1;2;3;398
;1;2;3;399
;1;2;3;131;124
;1;2;3;400
;1;2;3;401
;1;2;3;140;68
;1;2;3;255;12
;1;2;3;402
;1;2;3;403
;1;2;3;404
;1;2;3;405
;1;2;3;406
;1;2;3;407
;1;2;3;408
;1;2;3;409
;1;2;3;410
;1;2;3;411
;1;2;3;412
;1;2;3;413
;1;2;3;414
;1;2;3;415
;1;2;3;416
;1;2;3;417
;1;2;3;418
;1;2;3;307;144
;1;2;3;126;124
;1;2;3;419
;1;2;3;30;31;74
;1;2;3;420
;1;2;3;421
;1;2;3;422
;1;2;3;423
;1;2;3;424
;1;2;3;425
;1;2;3;218;12
;1;2;3;426
;1;2;3;427
;1;2;3;28;81
;1;2;3;428
;1;2;3;429;124
;1;2;3;167;15
;1;2;3;430
;1;2;3;431
;1;2;3;133;109
;1;2;3;193;10
;1;2;3;432
;1;2;3;433
;1;2;3;434
;1;2;55;435
;1;2;3;436;12
;1;2;3;436;81
;1;2;3;218;81
;1;2;3;437
;1;2;3;438
;1;2;3;439
;1;2;3;166;109
;1;2;3;440
;1;2;3;47;308
;1;2;3;441
;1;2;3;123;96
;1;2;3;436;15
;1;2;3;442
;1;2;3;443
;1;2;3;444
;1;2;3;358;10
;1;2;3;240;15
;1;2;3;445
;1;2;3;446
;1;2;3;447
;1;2;3;67;12
;1;2;3;448
;1;2;3;101;23
;1;2;3;57;31;280
;1;2;3;449
;1;2;3;57;31;118
;1;2;3;450
;1;2;3;54;81
;1;2;3;451
;1;2;3;452
;1;2;3;453
;1;2;3;101;124
;1;2;3;454
;1;2;3;455
;1;2;3;456
;1;2;3;457
;1;2;3;458
;1;2;55;459
;1;2;3;358;124
;1;2;3;460
;1;2;3;80;29
;1;2;3;461
;1;2;3;242;53
;1;2;3;28;10
;1;2;3;462
;1;2;3;463
;1;2;3;464
;1;2;3;465
;1;2;3;140;12
;1;2;3;466
;1;2;3;467
;1;2;3;468
;469
;1;2;3;470
;1;2;3;471
;1;2;3;472
;1;2;3;218;29
;1;2;3;73;31;229
;1;2;3;473
;1;2;3;193;124
;1;2;3;315;31;58
;1;2;3;474
;1;2;3;475
;1;2;3;476;23
;1;2;3;477
;1;2;3;478
;1;2;3;479
;1;2;3;480;81
;1;2;3;481
;1;2;3;482
;1;2;3;483
;1;2;3;484
;1;2;3;30;31;58
;1;2;3;67;124
;1;2;3;429;15
;1;2;3;485
;1;2;3;279;31;163
;1;2;3;486
;1;2;3;487
;1;2;3;488
;1;2;3;279;31;229
;1;2;3;489
;1;2;3;72;8
;1;2;3;490;53
;1;2;3;491
;1;2;3;72;29
;1;2;3;492
;1;2;3;156;27
;493
;1;2;3;9;12
;1;2;3;67;23
;1;2;3;166;68
;1;2;3;7;81
;1;2;3;494
;1;2;3;495
;1;2;3;496
;1;2;3;497
;1;2;3;498
;1;2;3;499
;1;2;3;500
;1;2;3;501
;1;2;3;502
;1;2;3;503
;1;2;3;504
;1;2;3;505
;1;2;3;506
;1;2;3;112;81
;1;2;3;476;81
;1;2;3;507
;1;2;3;508
;1;2;3;509
;1;2;3;277;23
;1;2;3;510
;1;2;3;304;29
;1;2;3;511
;1;2;3;512
;1;2;3;251;81
;1;2;3;60;31;163
;1;2;3;513
;1;2;3;514
;1;2;3;515
;1;2;3;516
;1;2;3;517
;1;2;3;518
;1;2;3;519
;1;2;3;520
;1;2;3;521
;1;2;3;522
;1;2;3;523
;1;2;3;490;96
;1;2;3;524
;1;2;3;525
;1;2;3;117;31;310
;1;2;3;11;10
;1;2;3;213;68
;1;2;3;526
;1;2;3;117;31;58
;1;2;3;429;68
;1;2;3;527
;528
;1;2;3;529
;1;2;3;530
;1;2;3;22;12
;1;2;3;193;15
;1;2;3;358;12
;1;2;3;531
;1;2;3;532
;533
;1;2;3;35;68
;1;2;3;534
;1;2;3;535
;1;2;3;80;68
;1;2;3;536
;1;2;3;123;8
;1;2;3;537
;1;2;3;538
;1;2;3;436;23
;1;2;3;251;8
;1;2;3;539
;1;2;3;123;27
;1;2;55;540
;1;2;3;541
;1;2;3;35;542
;1;2;3;543
;1;2;3;544
;1;2;3;545
;1;2;3;137;546
;1;2;3;547
;1;2;3;137;161
;1;2;3;148;215
;1;2;3;548
;1;2;3;549
;1;2;3;550
;1;2;3;551
;1;2;3;552
;1;2;3;137;553
;1;2;3;307;27
;1;2;3;554
;1;2;3;555
;1;2;3;556
;1;2;3;557
;1;2;3;251;15
;1;2;3;558
;1;2;3;559
;1;2;3;560
;1;2;3;30;31;226
;1;2;3;11;29
;1;2;3;561
;1;2;3;562
;1;2;3;563
;1;2;3;181;109
;1;2;3;564
;1;2;3;131;15
;1;2;3;101;134
;1;2;3;565
;1;2;3;566
;1;2;3;567
;1;2;3;568
;1;2;3;569
;1;2;3;570
;1;2;3;571
;1;2;3;572
;1;2;3;213;134
;1;2;3;240;81
;1;2;3;573
;1;2;3;574
;1;2;3;38;144
;1;2;3;575
;1;2;3;132;23
;1;2;3;576
;1;2;3;26;15
;1;2;3;577
;1;2;3;187;68
;1;2;3;578
;1;2;3;579
;1;2;3;580
;1;2;3;581
;1;2;3;582
;1;2;3;583
;1;2;3;584
;1;2;3;585
;1;2;55;586
;1;2;3;587
;1;2;3;588
;1;2;3;589
;1;2;3;590
;1;2;3;591
;1;2;3;592
;1;2;3;187;27
;1;2;3;593
;1;2;3;50;68
;1;2;3;11;81
;1;2;3;594
;1;2;3;595
;596
;1;2;3;597
;1;2;3;598
;1;2;3;599
;1;2;3;279;31;310
;1;2;3;211;8
;1;2;3;181;15
;1;2;3;47;8
;1;2;3;600
;1;2;3;601
;1;2;3;304;81
;1;2;3;602
;1;2;3;603
;1;2;3;480;8
;1;2;3;604
;1;2;3;490;15
;1;2;3;167;109
;1;2;3;42;15
;1;2;3;605
;1;2;3;606
;1;2;3;607
;1;2;3;608
;1;2;3;35;161
;1;2;3;609
;1;2;3;610
;1;2;3;611
;1;2;3;612
;1;2;3;613
;1;2;3;166;10
;1;2;3;137;15
;1;2;3;614
;1;2;3;615
;1;2;3;80;215
;1;2;3;342;53
;1;2;3;358;109
;1;2;3;616
;1;2;3;213;8
;1;2;3;617
;1;2;3;35;109
;1;2;3;618
;1;2;3;619
;1;2;3;22;8
;1;2;3;620
;1;2;55;621
;1;2;3;622
;1;2;3;490;81
;1;2;3;35;146
;1;2;3;623
;1;2;3;624
;1;2;3;625
;1;2;3;626
;1;2;55;627
;1;2;3;165;68
;1;2;3;628
;1;2;55;629
;1;2;3;630
;1;2;3;631
;1;2;3;632
;1;2;3;633
;1;2;3;634
;1;2;3;635
;1;2;3;85;15
;1;2;3;636
;1;2;3;637
;1;2;3;167;68
;1;2;3;638
;1;2;3;279;31;236
;1;2;3;639
;1;2;3;640
;1;2;3;641
;1;2;3;642
;1;2;3;643
;1;2;3;490;124
;1;2;3;644
;1;2;3;645
;1;2;3;646
;1;2;3;11;23
;1;2;3;647;68
;1;2;3;648
;1;2;3;649
;1;2;3;650
;1;2;3;651
;1;2;3;131;652
;1;2;3;653
;1;2;3;654
;1;2;3;342;68
;1;2;3;655
;1;2;3;358;23
;1;2;3;656
;1;2;3;657
;1;2;3;658
;1;2;3;659
;1;2;3;660
;1;2;3;35;10
;1;2;3;661
;1;2;3;662
;1;2;3;490;109
;1;2;3;38;134
;1;2;3;137;109
;1;2;3;663
;1;2;3;664
;1;2;3;73;31;118
;1;2;3;665
;1;2;3;666
;1;2;3;667
;1;2;3;213;15
;1;2;3;668
;1;2;3;669
;1;2;3;670
;1;2;3;35;671
;1;2;3;672
;1;2;3;50;15
;1;2;3;673
;1;2;3;674
;1;2;3;675
;1;2;3;211;23
;1;2;3;676
;1;2;3;72;15
;1;2;3;677
;1;2;3;678
;1;2;3;14;27
;1;2;3;679
;1;2;3;680;53
;1;2;3;681
;1;2;3;682
;1;2;3;683
;1;2;3;684
;1;2;3;685
;1;2;3;57;31;316
;1;2;3;686
;1;2;3;687
;1;2;3;688
;1;2;3;689
;1;2;3;690
;1;2;3;30;31;316
;1;2;3;126;215
;1;2;3;691
;1;2;3;692
;1;2;3;315;31;163
;1;2;3;218;15
;1;2;3;693
;1;2;3;132;27
;1;2;3;304;23
;1;2;3;694
;1;2;3;695
;1;2;3;696
;1;2;3;697
;1;2;3;698
;1;2;3;211;27
;699
;1;2;3;647;81
;1;2;3;328;144
;1;2;3;700
;1;2;3;701
;1;2;3;702
;1;2;3;26;134
;1;2;3;703
;1;2;3;704
;1;2;3;50;10
;1;2;3;131;12
;1;2;3;705
;1;2;3;315;31;706
;1;2;3;358;81
;1;2;3;707
;1;2;3;708
;1;2;3;709
;1;2;3;710
;1;2;3;711
;1;2;3;712
;1;2;3;713
;1;2;3;714
;1;2;3;715
;1;2;3;716
;1;2;3;717
;1;2;3;156;134
;1;2;3;137;81
;1;2;3;718
;1;2;3;719
;1;2;3;720
;1;2;3;436;8
;1;2;3;721
;1;2;3;722
;1;2;3;723
;1;2;3;724
;1;2;3;725
;1;2;3;57;31;74
;1;2;3;30;31;236
;1;2;3;726
;1;2;3;727
;1;2;3;728
;1;2;3;729
;1;2;3;277;53
;1;2;3;730
;1;2;3;731
;1;2;3;54;124
;1;2;3;732
;1;2;3;315;31;280
;1;2;3;143;81
;1;2;3;733
;1;2;3;734
;1;2;3;735
;1;2;3;736
;1;2;3;85;53
;1;2;3;737
;1;2;3;738
;1;2;3;739
;1;2;3;740
;1;2;3;741
;1;2;3;742
;1;2;3;743
;1;2;3;744
;1;2;3;302;12
;1;2;3;745
;1;2;3;746
;1;2;3;747
;1;2;3;47;748
;1;2;3;749
;1;2;55;750
;1;2;3;751
;1;2;3;752
;1;2;3;753
;1;2;3;213;23
;1;2;3;754
;1;2;3;755
;1;2;3;756
;1;2;3;328;81
;1;2;3;101;144
;1;2;3;757
;1;2;3;758
;1;2;3;759
;1;2;3;760
;1;2;3;193;12
;1;2;3;761
;1;2;3;762
;1;2;3;85;27
;1;2;3;763
;1;2;3;112;124
;1;2;3;764
;1;2;3;765
;1;2;3;480;15
;1;2;3;766
;1;2;3;767
;1;2;3;14;10
;1;2;3;768
;1;2;3;769
;1;2;3;770
;1;2;3;357;124
;1;2;3;771
;1;2;3;50;8
;1;2;3;772
;1;2;3;773
;1;2;3;774
;1;2;3;166;8
;1;2;3;775
;1;2;3;776
;1;2;3;777
;1;2;3;328;215
;1;2;3;778
;1;2;3;193;134
;1;2;3;240;53
;1;2;3;779
;1;2;3;213;109
;1;2;3;780
;1;2;3;781
;1;2;3;782
;1;2;3;783
;1;2;3;784
;1;2;3;80;23
;1;2;3;785
;1;2;3;786
;1;2;3;787
;1;2;3;490;8
;1;2;3;788
;1;2;3;789
;1;2;3;790
;1;2;3;791
;1;2;3;792
;1;2;3;242;124
;1;2;3;793
;1;2;3;132;15
;1;2;3;794
;1;2;3;795
;1;2;3;254;10
;1;2;3;796
;1;2;3;797
;1;2;3;117;31;798
;1;2;3;799
;1;2;3;800
;1;2;3;315;31;32
;1;2;3;60;31;801
;1;2;3;802
;1;2;3;803
;1;2;3;342;81
;1;2;3;429;109
;1;2;3;804
;1;2;3;805
;1;2;3;806
;1;2;3;57;31;798
;1;2;3;807
;1;2;3;808
;1;2;3;277;81
;1;2;3;809
;1;2;3;810
;1;2;3;811
;1;2;3;812
;1;2;3;813
;1;2;3;38;68
;1;2;3;814
;1;2;3;815
;1;2;3;816
;1;2;3;47;124
;1;2;3;817
;1;2;3;818
;1;2;3;85;8
;1;2;3;819
;1;2;3;820
;1;2;3;302;81
;1;2;3;821
;1;2;3;822
;1;2;3;67;8
;1;2;3;429;8
;1;2;3;302;27
;1;2;3;315;31;823
;1;2;55;824
;1;2;3;825
;1;2;3;826
;1;2;3;827
;1;2;3;828
;1;2;3;829
;1;2;3;830
;1;2;3;831
;1;2;3;54;68
;1;2;3;832
;1;2;3;833
;1;2;3;429;144
;1;2;3;834
;1;2;3;835
;1;2;3;193;53
;1;2;3;836
;1;2;3;279;31;706
;1;2;3;837;838
;1;2;3;839
;1;2;3;840
;1;2;3;841
;1;2;3;193;144
;1;2;3;156;53
;1;2;3;842
;1;2;3;843
;1;2;3;57;31;310
;1;2;3;680;81
;1;2;3;844
;1;2;3;845
;1;2;3;846
;1;2;3;847
;1;2;848;849
;1;2;3;187;53
;1;2;3;850
;1;2;3;72;12
;1;2;3;851
;1;2;3;852
;1;2;3;853
;1;2;3;73;31;238
;1;2;3;854
;1;2;3;855
;1;2;3;856
;1;2;3;857
;1;2;3;480;109
;1;2;3;858
;1;2;3;54;8
;1;2;3;859
;1;2;3;148;27
;1;2;3;860
;1;2;3;861
;1;2;3;862
;1;2;3;863
;1;2;3;864
;865
;1;2;3;47;546
;1;2;3;866
;1;2;3;867
;1;2;3;868
;1;2;3;869
;1;2;3;870
;1;2;3;871
;1;2;3;872
;1;2;3;873
;1;2;3;874
;875
;1;2;3;9;15
;1;2;3;876
;1;2;3;877
;1;2;3;878
;1;2;3;148;23
;1;2;3;879
;1;2;3;72;27
;1;2;3;880
;1;2;3;73;31;881
;1;2;3;28;8
;882
;1;2;3;883
;1;2;3;884
;1;2;3;26;29
;1;2;3;436;124
;1;2;3;885
;1;2;3;211;96
;1;2;3;886
;1;2;3;429;96
;1;2;3;887
;1;2;3;888
;1;2;3;889
;1;2;3;85;68
;1;2;3;890
;1;2;3;891
;1;2;3;35;892
;1;2;3;893
;1;2;3;35;48
;1;2;3;131;144
;1;2;3;894
;1;2;3;143;8
;1;2;3;895
;1;2;3;896
;1;2;3;167;53
;1;2;3;897
;1;2;3;898
;1;2;3;899
;1;2;3;50;215
;1;2;3;54;109
;1;2;3;900
;1;2;3;131;36
;1;2;3;901
;1;2;3;902
;1;2;3;903
;1;2;3;904
;1;2;3;905
;1;2;3;148;15
;1;2;3;906
;1;2;3;907
;1;2;3;908
;1;2;3;909
;1;2;3;910
;1;2;3;911
;1;2;3;912
;1;2;3;913
;1;2;3;914
;1;2;3;28;68
;1;2;3;915
;1;2;3;126;68
;1;2;3;916
;1;2;3;917
;1;2;3;918
;1;2;3;919
;1;2;3;920
;1;2;3;921
;1;2;3;922
;1;2;3;923
;1;2;3;240;23
;1;2;3;924
;1;2;3;240;8
;1;2;3;680;124
;1;2;3;925
;1;2;3;302;144
;1;2;3;926
;1;2;3;193;23
;1;2;3;85;23
;1;2;3;927
;1;2;3;47;928
;1;2;3;929
;1;2;3;930
;1;2;3;931
;1;2;3;932
;1;2;3;680;68
;1;2;3;933
;1;2;3;934
;1;2;3;935
;1;2;3;936
;1;2;3;937
;1;2;3;123;53
;1;2;3;938
;1;2;3;251;23
;1;2;3;38;53
;1;2;3;939
;1;2;3;30;31;118
;1;2;3;940
;1;2;3;941
;1;2;3;942
;1;2;3;943
;1;2;3;944
;1;2;3;945
;1;2;3;946
;1;2;3;947
;1;2;3;948
;1;2;3;949
;1;2;3;950
;1;2;3;73;31;236
;1;2;3;951
;1;2;55;952
;1;2;3;953
;1;2;3;80;8
;1;2;3;255;8
;1;2;3;954
;1;2;3;277;109
;1;2;3;101;29
;1;2;3;123;29
;1;2;3;955
;1;2;3;956
;1;2;3;957
;1;2;3;958
;1;2;3;60;31;798
;1;2;3;166;124
;1;2;3;959
;1;2;3;67;27
;1;2;3;960
;1;2;3;60;31;32
;1;2;3;961
;1;2;3;101;109
;1;2;3;962
;1;2;3;251;215
;1;2;3;963
;1;2;3;964
;1;2;3;101;68
;1;2;3;965
;1;2;3;187;134
;1;2;3;966;23
;1;2;3;60;31;310
;1;2;3;73;31;61
;1;2;3;967
;1;2;3;251;53
;1;2;3;968
;1;2;3;969
;1;2;3;970
;1;2;3;57;31;32
;1;2;3;971
;1;2;3;140;81
;1;2;55;972
;1;2;3;973
;1;2;3;490;12
;1;2;3;342;8
;1;2;3;974
;1;2;3;975
;1;2;3;976
;1;2;3;977
;1;2;3;978
;1;2;3;213;10
;1;2;3;979
;1;2;3;980
;1;2;3;981
;1;2;3;307;982
;1;2;3;983
;1;2;3;984
;1;2;3;985
;1;2;3;47;15
;1;2;3;95;27
;1;2;3;986
;1;2;3;987
;1;2;3;148;8
;1;2;3;988
;1;2;3;989
;1;2;3;22;15
;1;2;3;990
;1;2;3;991
;1;2;3;992
;1;2;3;993
;1;2;3;994
;1;2;3;156;15
;1;2;3;995
;1;2;3;996
;1;2;3;966;12
;1;2;3;997
;1;2;3;998
;1;2;3;966;15
;1;2;3;328;23
;1;2;3;999
;1;2;3;1000
;1;2;3;1001
;1;2;3;57;31;801
;1;2;3;137;144
;1;2;3;1002
;1;2;3;1003
;1;2;3;1004
;1;2;3;429;27
;1;2;3;187;96
;1;2;3;357;27
;1;2;3;1005
;1;2;3;1006
;1;2;3;1007
;1;2;3;1008
;1;2;3;1009
;1;2;55;1010
;1;2;3;1011
;1;2;3;137;27
;1;2;3;1012
;1;2;3;1013
;1;2;3;1014
;1;2;3;1015
;1;2;3;1016
;1;2;3;480;23
;1;2;3;1017
;1;2;3;1018
;1;2;3;342;23
;1;2;3;429;215
;1;2;3;1019
;1;2;3;1020
;1;2;3;315;31;74
;1;2;3;315;31;118
;1;2;3;1021
;1;2;3;1022
;1;2;3;1023
;1;2;3;1024
;1;2;3;35;838
;1;2;3;490;68
;1025
;1;2;3;80;10
;1;2;3;1026
;1;2;3;1027
;1;2;3;1028
;1;2;3;1029
;1;2;3;328;8
;1;2;3;1030
;1;2;3;429;134
;1;2;3;38;81
;1;2;3;1031
;1;2;3;1032
;1;2;3;1033
;1;2;3;1034
;1;2;3;30;31;801
;1;2;3;1035
;1;2;3;1036
;1;2;3;1037
;1;2;3;60;31;238
;1;2;3;1038
;1;2;3;1039
;1;2;55;1040
;1;2;3;1041
;1;2;3;1042
;1;2;3;60;31;58
;1;2;3;1043
;1;2;3;1044
;1;2;3;137;124
;1;2;3;11;134
;1;2;3;1045
;1;2;3;1046
;1;2;3;1047
;1;2;3;1048
;1049
;1;2;3;1050
;1;2;3;1051
;1;2;3;1052
;1;2;3;1053
;1;2;3;1054
;1;2;3;1055
;1;2;3;1056
;1;2;3;166;81
;1;2;3;1057
;1;2;3;1058
;1;2;3;22;27
;1;2;3;38;27
;1;2;3;211;68
;1;2;3;966;8
;1;2;3;1059
;1;2;3;165;23
;1;2;3;1060
;1;2;3;1061
;1;2;3;1062
;1;2;3;1063
;1;2;3;1064
;1;2;3;1065
;1;2;3;28;12
;1;2;3;1066
;1;2;3;1067
;1;2;3;1068
;1;2;3;476;29
;1;2;3;1069
;1;2;3;1070
;1;2;3;1071
;1;2;3;95;8
;1;2;3;680;8
;1;2;3;1072
;1;2;3;14;81
;1;2;3;1073
;1;2;3;47;81
;1;2;3;342;15
;1074
;1;2;3;1075
;1;2;3;1076
;1;2;3;1077
;1;2;3;123;68
;1;2;3;213;81
;1;2;3;1078
;1;2;3;1079
;1;2;3;1080
;1;2;3;304;53
;1081
;1;2;3;1082
;1;2;3;1083
;1;2;3;1084
;1;2;3;242;15
;1;2;3;60;31;280
;1;2;3;1085
;1;2;3;35;23
;1;2;3;143;10
;1;2;3;26;8
;1;2;3;1086
;1;2;3;95;68
;1;2;3;22;53
;1;2;3;1087
;1;2;3;1088
;1;2;3;22;81
;1;2;3;1089
;1;2;3;358;8
;1;2;3;358;144
;1;2;3;1090
;1;2;3;1091
;1;2;3;315;31;229
;1;2;3;42;81
;1;2;3;1092
;1;2;3;1093
;1;2;3;1094
;1;2;3;1095
;1;2;3;187;144
;1;2;3;1096
;1;2;3;1097
;1;2;3;1098
;1;2;3;47;27
;1099
;1;2;3;242;10
;1;2;3;647;12
;1;2;3;436;68
;1;2;3;1100
;1;2;3;1101
;1;2;3;1102
;1;2;3;279;31;58
;1;2;3;1103
;1;2;3;1104
;1;2;3;1105
;1;2;3;277;8
;1;2;3;358;215
;1;2;3;1106
;1;2;3;85;12
;1;2;3;1107
;1;2;3;1108
;1;2;3;1109
;1;2;3;133;10
;1;2;3;1110
;1;2;3;1111
;1;2;3;279;31;238
;1;2;3;328;10
;1;2;3;1112
;1;2;3;9;68
;1;2;3;1113
;1;2;3;1114
;1;2;3;60;31;236
;1;2;3;38;96
;1;2;3;218;215
;1;2;3;137;96
;1;2;3;1115
;1;2;3;1116
;1;2;3;1117
;1;2;3;1118
;1;2;3;1119
;1;2;3;1120
;1;2;3;1121
;1;2;3;1122
;1;2;3;156;81
;1;2;3;490;23
;1;2;3;1123
;1;2;3;1124
;1;2;3;26;53
;1;2;3;1125
;1;2;3;1126
;1;2;3;1127
;1;2;3;1128
;1;2;3;1129
;1;2;3;1130
;1131
;1;2;3;1132
;1;2;3;837;308
;1;2;3;1133
;1;2;3;1134
;1;2;3;1135
;1;2;3;1136
;1;2;3;1137
;1;2;3;1138
;1139
;1140
;1;2;3;279;31;74
;1;2;3;1141
;1;2;3;42;215
;1;2;3;1142
;1;2;3;1143
;1;2;3;1144
;1;2;3;1145
;1;2;3;60;31;226
;1;2;3;1146
;1;2;3;1147
;1;2;3;1148
;1;2;3;1149
;1;2;3;1150
;1;2;3;1151
;1;2;3;187;15
;1;2;3;137;23
;1;2;3;131;64
;1;2;3;1152
;1;2;3;1153
;1;2;3;1154
;1;2;3;117;31;61
;1;2;3;1155
;1;2;3;255;68
;1;2;3;429;23
;1;2;3;1156
;1;2;3;1157
;1;2;3;112;53
;1;2;3;1158
;1;2;3;1159
;1;2;3;1160
;1;2;3;80;27
;1;2;3;1161
;1;2;3;242;8
;1;2;3;22;10
;1;2;3;1162
;1;2;3;1163
;1;2;3;1164
;1;2;3;1165
;1;2;3;1166
;1;2;3;1167
;1;2;3;1168
;1;2;3;1169
;1;2;3;1170
;1;2;3;1171
;1;2;3;1172
;1;2;3;1173
;1;2;3;1174
;1;2;3;1175
;1;2;3;73;31;32
;1;2;3;254;68
;1;2;3;1176
;1;2;3;1177
;1;2;3;1178
;1;2;3;1179
;1;2;3;1180
;1;2;3;1181
;1182
;1;2;3;1183
;1;2;3;1184
;1;2;3;1185
;1;2;3;187;81
;1;2;3;1186
;1;2;3;1187
;1;2;3;143;23
;1;2;3;1188
;1;2;3;11;215
;1;2;3;1189
;1;2;3;1190
;1;2;3;1191
;1;2;3;1192
;1;2;3;1193
;1;2;3;137;134
;1;2;3;1194
;1;2;3;476;15
;1;2;3;1195
;1;2;3;1196
;1;2;3;480;12
;1;2;3;11;68
;1;2;3;117;31;801
;1;2;3;1197
;1;2;3;1198
;1;2;3;1199
;1;2;3;1200
;1;2;3;1201
;1;2;3;302;96
;1;2;3;181;124
;1;2;3;1202
;1;2;3;1203
;1;2;3;1204
;1;2;3;1205
;1;2;3;1206
;1;2;3;35;652
;1;2;3;148;134
;1;2;3;26;81
;1;2;3;1207
;1;2;3;60;31;706
;1;2;3;1208
;1;2;3;1209
;1;2;3;1210
;1;2;3;1211
;1;2;3;1212
;1;2;3;1213
;1;2;3;131;146
;1;2;3;254;81
;1;2;3;187;10
;1;2;55;1214
;1;2;3;1215
;1;2;3;1216
;1;2;3;1217
;1;2;3;14;23
;1;2;3;1218
;1;2;3;1219
;1;2;3;1220
;1;2;3;11;27
;1;2;3;1221
;1;2;3;277;68
;1;2;3;1222
;1;2;3;30;31;238
;1;2;3;1223
;1;2;3;1224
;1;2;3;255;15
;1;2;3;131;671
;1;2;3;1225
;1;2;3;117;31;226
;1;2;3;1226
;1;2;3;1227
;1;2;3;1228
;1;2;3;126;15
;1;2;3;1229
;1;2;3;73;31;163
;1;2;3;1230
;1;2;3;14;124
;1;2;3;1231
;1;2;3;1232
;1;2;3;1233
;1;2;3;304;109
;1;2;3;1234
;1;2;3;1235
;1;2;3;277;27
;1;2;3;1236
;1;2;3;1237
;1;2;3;1238
;1;2;3;57;31;163
;1;2;3;1239
;1;2;3;1240
;1;2;3;137;8
;1;2;3;47;53
;1;2;3;1241
;1;2;3;1242
;1;2;3;1243
;1;2;3;1244
;1;2;3;47;215
;1;2;3;1245
;1;2;3;1246
;1;2;55;1247
;1;2;3;1248
;1;2;3;1249
;1;2;3;1250
;1;2;3;1251
;1;2;3;50;53
;1;2;3;131;134
;1;2;3;1252
;1;2;3;1253
;1;2;3;1254
;1;2;3;1255
;1;2;3;1256
;1;2;3;167;23
;1;2;3;112;15
;1;2;3;1257
;1;2;3;131;68
;1;2;3;242;68
;1;2;3;1258
;1;2;3;14;109
;1;2;3;1259
;1;2;3;1260
;1;2;3;1261
;1;2;3;342;109
;1;2;3;1262
;1;2;3;1263
;1;2;3;255;109
;1;2;3;123;10
;1;2;3;131;109
;1;2;3;1264
;1;2;3;1265
;1;2;3;1266
;1;2;3;156;68
;1;2;3;1267
;1;2;3;1268
;1;2;3;1269
;1;2;3;1270
;1;2;3;1271
;1;2;3;1272
;1;2;3;156;96
;1;2;3;1273
;1;2;3;1274
;1;2;3;14;68
;1;2;3;47;36
;1;2;3;1275
;1;2;3;1276
;1277
;1;2;3;1278
;1;2;3;1279
;1;2;3;1280
;1;2;3;1281
;1;2;3;1282
;1;2;3;1283
;1;2;3;1284
;1;2;3;38;109
;1;2;3;143;15
;1;2;3;1285
;1;2;3;1286
;1;2;3;1287
;1;2;3;1288
;1;2;3;1289
;1;2;3;647;10
;1;2;3;1290
;1;2;3;1291
;1;2;3;30;31;61
;1;2;3;242;23
;1;2;3;1292
;1;2;3;1293
;1;2;3;1294
;1;2;3;1295
;1;2;3;1296
;1;2;3;1297
;1;2;3;1298
;1;2;3;1299
;1;2;3;1300
;1;2;3;1301
;1;2;3;126;10
;1;2;3;1302
;1;2;3;342;10
;1;2;3;966;96
;1;2;3;1303
;1;2;3;1304
;1;2;3;1305
;1;2;3;1306
;1;2;3;1307
;1;2;3;1308
;1;2;3;1309
;1;2;3;328;29
;1;2;3;1310
;1;2;3;1311
;1;2;3;143;53
;1;2;3;1312
;1;2;3;1313
;1;2;3;1314
;1;2;3;1315
;1;2;3;211;15
;1;2;3;1316
;1;2;3;315;31;61
;1;2;3;1317
;1;2;3;35;546
;1;2;3;1318
;1;2;3;1319
;1;2;3;1320
;1;2;3;1321
;1;2;3;1322
;1;2;3;1323
;1;2;3;1324
;1;2;3;193;96
;1;2;3;54;27
;1;2;55;1325
;1;2;3;1326
;1;2;3;1327
;1;2;3;1328
;1;2;3;1329
;1;2;3;1330
;1;2;3;302;15
;1;2;3;1331
;1;2;3;1332
;1;2;3;1333
;1;2;3;133;53
;1334
;1;2;3;1335
;1;2;3;1336
;1;2;3;1337
;1;2;3;140;134
;1;2;3;1338
;1;2;3;1339
;1;2;3;1340
;1;2;3;1341
;1;2;3;167;81
;1;2;3;490;134
;1342
;1;2;3;1343
;1;2;3;28;134
;1;2;3;1344
;1;2;3;1345
;1;2;3;72;23
;1;2;3;1346
;1;2;3;1347
;1;2;3;38;12
;1;2;3;156;10
;1;2;3;242;12
;1;2;3;101;53
;1;2;3;1348
;1;2;3;1349
;1;2;3;1350
;1;2;3;1351
;1;2;3;279;31;32
;1;2;3;1352
;1;2;3;132;29
;1;2;3;1353
;1;2;3;132;215
;1;2;3;165;8
;1;2;3;1354
;1;2;3;1355
;1;2;3;1356
;1;2;3;95;109
;1;2;3;1357
;1;2;3;837;27
;1;2;3;1358
;1;2;3;1359
;1;2;3;1360
;1;2;3;1361
;1;2;3;1362
;1;2;3;1363
;1;2;3;1364
;1;2;3;480;96
;1;2;3;38;8
;1;2;3;1365
;1;2;3;1366
;1;2;848;1367
;1;2;3;1368
;1;2;3;1369
;1370
;1;2;3;1371
;1;2;3;47;892
;1;2;3;1372
;1;2;3;1373
;1;2;3;148;124
;1;2;3;1374
;1;2;3;137;671
;1;2;3;85;124
;1;2;3;1375
;1;2;3;1376
;1;2;3;1377
;1;2;3;1378
;1;2;3;9;144
;1;2;3;1379
;1;2;3;1380
;1;2;3;1381
;1;2;3;137;928
;1;2;3;1382
;1;2;3;1383
;1;2;3;1384
;1;2;3;1385
;1;2;3;647;8
;1;2;3;358;53
;1;2;3;1386
;1;2;3;1387
;1;2;3;1388
;1;2;3;193;68
;1;2;3;148;53
;1389
;1;2;3;1390
;1;2;3;1391
;1;2;3;1392
;1;2;3;1393
;1;2;3;1394
;1;2;3;1395
;1;2;3;1396
;1;2;3;1397
;1;2;3;73;31;58
;1;2;3;1398
;1;2;3;1399
;1;2;3;7;15
;1;2;3;1400
;1;2;3;1401
;1;2;3;1402
;1;2;3;181;81
;1;2;3;1403
;1;2;3;254;53
;1;2;3;1404
;1;2;3;1405
;1;2;3;1406
;1;2;3;1407
;1;2;3;38;15
;1;2;3;218;10
;1;2;3;647;96
;1;2;3;35;96
;1;2;3;35;53
;1;2;3;304;8
;1;2;3;101;81
;1;2;3;126;12
;1;2;3;1408
;1;2;3;1409
;1;2;3;1410
;1;2;3;72;124
;1;2;3;1411
;1;2;3;123;109
;1;2;3;133;29
;1;2;3;966;68
;1;2;3;1412
;1;2;3;1413
;1;2;3;1414
;1;2;3;1415
;1;2;3;1416
;1;2;3;9;23
;1;2;3;1417
;1;2;3;1418
;1;2;3;1419
;1;2;3;73;31;226
;1;2;3;57;31;229
;1;2;3;1420
;1;2;3;1421
;1;2;3;1422
;1;2;3;1423
;1;2;3;429;53
;1;2;3;1424
;1;2;3;254;215
;1;2;3;1425
;1;2;3;1426
;1;2;3;9;8
;1;2;3;143;29
;1;2;3;1427
;1;2;3;166;23
;1;2;3;85;134
;1;2;3;1428
;1;2;3;1429
;1;2;3;1430
;1;2;3;30;31;798
;1;2;3;140;15
;1;2;55;1431
;1;2;3;137;53
;1;2;3;1432
;1;2;3;1433
;1;2;3;254;8
;1;2;3;143;68
;1;2;3;50;124
;1;2;3;1434
;1;2;3;1435
;1;2;3;22;68
;1;2;3;1436
;1;2;3;1437
;1;2;3;1438
;1;2;3;1439
;1;2;3;126;8
;1;2;3;1440
;1;2;3;1441
;1;2;3;126;81
;1;2;3;1442
;1;2;3;11;53
;1;2;3;1443
;1;2;3;1444
;1;2;3;1445
;1;2;3;1446
;1;2;3;1447
;1;2;3;1448
;1;2;3;85;10
;1;2;3;1449
;1;2;3;47;96
;1;2;3;315;31;1450
;1;2;3;1451
;1;2;3;54;144
;1;2;3;1452
;1;2;3;187;23
;1;2;3;1453
;1;2;3;1454
;1455
;1;2;3;131;546
;1;2;3;11;8
;1;2;3;1456
;1;2;3;1457
;1;2;3;1458
;1;2;3;1459
;1;2;3;1460
;1;2;3;57;31;61
;1;2;3;1461
;1;2;3;647;15
;1;2;3;1462
;1;2;3;1463
;1;2;3;193;27
;1;2;3;1464
;1;2;3;1465
;1;2;3;1466
;1;2;3;30;31;881
;1;2;3;1467
;1;2;3;1468
;1;2;3;1469
;1;2;3;357;96
;1;2;3;30;31;310
;1;2;3;357;68
;1;2;3;1470
;1;2;3;1471
;1;2;3;167;27
;1;2;3;1472
;1;2;3;1473
;1;2;3;1474
;1;2;3;1475
;1;2;3;133;8
;1;2;3;647;23
;1;2;3;1476
;1;2;3;1477
;1;2;3;1478
;1;2;3;1479
;1;2;3;1480
;1;2;3;647;215
;1;2;3;1481
;1;2;3;680;27
;1;2;3;357;215
;1;2;3;1482
;1;2;3;476;96
;1;2;3;1483
;1;2;3;57;31;238
;1;2;3;131;553
;1;2;3;1484
;1;2;3;1485
;1;2;3;1486
;1;2;3;1487
;1;2;3;1488
;1;2;3;35;29
;1;2;3;240;68
;1;2;3;357;23
;1;2;3;1489
;1;2;3;1490
;1;2;3;1491
;1;2;3;1492
;1;2;3;1493
;1;2;3;476;53
;1;2;3;490;10
;1;2;3;1494
;1;2;3;166;96
;1;2;3;277;12
;1;2;3;1495
;1;2;3;1496
;1;2;3;1497
;1;2;3;357;10
;1;2;3;1498
;1;2;3;1499
;1;2;3;1500
;1;2;3;165;15
;1;2;3;1501
;1;2;3;123;23
;1;2;3;1502
;1;2;3;26;23
;1;2;3;1503
;1;2;55;1504
;1;2;3;1505
;1;2;3;28;15
;1;2;3;133;96
;1;2;3;60;31;74
;1;2;3;193;109
;1;2;3;1506
;1;2;3;242;27
;1;2;3;1507
;1;2;3;1508
;1;2;3;680;12
;1;2;3;304;215
;1;2;3;137;652
;1;2;3;95;23
;1;2;3;254;29
;1;2;3;1509
;1;2;3;211;10
;1;2;3;436;215
;1;2;3;1510
;1;2;3;1511
;1;2;3;1512
;1;2;3;1513
;1;2;3;1514
;1;2;3;1515
;1;2;3;966;27
;1;2;3;1516
;1;2;3;1517
;1;2;3;101;8
;1;2;3;1518
;1;2;3;966;10
;1;2;3;85;144
;1;2;3;1519
;1;2;3;1520
;1;2;3;1521
;1;2;3;211;215
;1;2;3;1522
;1;2;3;1523
;1;2;3;218;8
;1;2;3;1524
;1;2;3;117;31;706
;1;2;3;1525
;1;2;3;1526
;1;2;3;1527
;1;2;3;1528
;1;2;3;1529
;1;2;3;1530
;1;2;3;218;96
;1;2;3;1531
;1;2;3;1532
;1;2;3;1533
;1;2;3;1534
;1;2;3;1535
;1;2;3;1536
;1537
;1;2;3;1538
;1;2;3;837;144
;1;2;3;277;124
;1;2;3;1539
;1;2;3;1540
;1;2;3;1541
;1;2;3;476;10
;1;2;3;358;96
;1;2;3;1542
;1;2;3;28;109
;1;2;3;1543
;1;2;3;47;553
;1;2;3;1544
;1;2;3;1545
;1;2;3;1546
;1;2;3;1547
;1;2;3;1548
;1;2;3;1549
;1;2;3;1550
;1;2;3;47;68
;1;2;3;26;109
;1;2;3;647;53
;1;2;3;1551
;1;2;3;1552
;1;2;3;1553
;1;2;55;1554
;1;2;3;480;27
;1;2;3;1555
;1;2;3;357;53
;1;2;3;1556
;1;2;3;1557
;1;2;3;1558
;1;2;3;1559
;1;2;3;131;23
;1;2;3;1560
;1;2;3;1561
;1;2;3;342;27
;1;2;3;1562
;1;2;3;1563
;1;2;3;1564
;1;2;3;50;134
;1;2;3;1565
;1;2;3;647;124
;1566
;1;2;3;131;10
;1;2;3;73;31;280
;1;2;3;1567
;1;2;55;1568
;1;2;3;1569
;1;2;3;358;27
;1;2;3;1570
;1;2;3;67;29
;1;2;3;1571
;1;2;3;279;31;118
;1;2;3;1572
;1;2;3;358;15
;1;2;3;117;31;163
;1;2;3;1573
;1;2;3;131;892
;1;2;55;1574
;1;2;3;1575
;1;2;3;1576
;1;2;3;1577
;1;2;3;1578
;1;2;3;429;29
;1;2;3;1579
;1;2;55;1580
;1;2;3;47;144
;1;2;3;156;23
;1;2;3;117;31;236
;1;2;3;1581
;1;2;3;1582
;1;2;3;302;53
;1;2;3;1583
;1;2;3;328;68
;1;2;3;72;68
;1;2;3;304;68
;1;2;3;1584
;1;2;3;1585
;1;2;3;1586
;1;2;3;1587
;1;2;3;1588
;1;2;3;148;144
;1;2;3;1589
;1;2;3;1590
;1;2;3;1591
;1;2;3;132;10
;1;2;3;680;29
;1;2;3;1592
;1;2;3;47;23
;1;2;3;1593
;1;2;3;1594
;1;2;3;1595
;1;2;3;1596
;1;2;3;1597
;1;2;3;436;53
;1;2;3;143;12
;1;2;3;1598
;1;2;3;42;53
;1;2;3;1599
;1;2;3;1600
;1;2;3;1601
;1;2;3;73;31;801
;1;2;3;1602
;1;2;3;7;68
;1;2;3;1603
;1;2;3;1604
;1;2;3;1605
;1;2;3;315;31;226
;1;2;3;112;10
;1;2;3;1606
;1;2;3;1607
;1;2;3;1608
;1;2;3;1609
;1;2;3;1610
;1;2;3;1611
;1;2;3;140;10
;1;2;3;1612
;1;2;3;11;144
;1;2;3;1613
;1;2;3;1614
;1;2;3;254;144
;1;2;3;1615
;1;2;3;54;10
;1616
;1;2;3;1617
;1;2;3;1618
;1;2;3;1619
;1;2;3;1620
;1;2;3;1621
;1;2;3;28;53
;1;2;3;1622
;1;2;3;1623
;1;2;3;1624
;1;2;3;1625
;1;2;3;1626
;1;2;3;1627
;1;2;3;1628
;1;2;3;1629
;1;2;3;1630
;1;2;3;9;109
;1;2;3;1631
;1;2;3;1632
;1;2;3;1633
;1;2;3;123;81
;1;2;3;1634
;1;2;3;1635
;1;2;3;1636
;1;2;3;647;29
;1;2;3;1637
;1;2;3;1638
;1;2;3;1639
;1;2;3;1640
;1;2;3;1641
;1;2;3;429;10
;1;2;3;1642
;1;2;3;1643
;1;2;3;1644
;1;2;3;1645
;1;2;3;132;124
;1;2;3;165;215
;1;2;3;1646
;1;2;55;1647
;1;2;3;1648
;1;2;3;1649
;1;2;3;1650
;1;2;3;1651
;1;2;3;1652
;1;2;3;133;12
;1;2;3;328;15
;1;2;3;1653
;1;2;3;1654
;1;2;3;1655
;1;2;3;1656
;1;2;3;315;31;310
;1;2;3;1657
;1;2;3;1658
;1;2;3;1659
;1;2;55;1660
;1;2;3;1661
;1;2;3;1662
;1;2;3;966;134
;1;2;3;1663
;1;2;3;1664
;1;2;3;1665
;1;2;3;140;8
;1;2;3;1666
;1;2;3;137;10
;1;2;3;279;31;61
;1;2;3;1667
;1;2;3;137;748
;1;2;3;133;81
;1;2;3;47;652
;1;2;3;42;8
;1;2;3;1668
;1;2;3;1669
;1;2;3;1670
;1;2;3;72;134
;1;2;3;1671
;1;2;3;1672
;1;2;3;1673
;1;2;3;148;81
;1;2;3;279;31;226
;1;2;3;126;109
;1;2;3;26;68
;1;2;3;966;109
;1;2;3;1674
;1;2;3;1675
;1;2;3;1676
;1;2;3;1677
;1;2;3;1678
;1;2;3;1679
;1;2;3;1680
;1;2;3;1681
;1;2;3;1682
;1;2;3;1683
;1;2;3;1684
;1;2;3;131;928
;1;2;3;1685
;1;2;3;57;31;706
;1;2;3;1686
;1;2;3;1687
;1;2;3;1688
;1;2;3;1689
;1;2;3;137;64
;1;2;3;1690
;1;2;3;1691
;1;2;3;1692
;1;2;3;1693
;1;2;3;1694
;1;2;3;72;53
;1;2;3;85;29
;1;2;3;38;10
;1;2;3;1695
;1;2;3;302;10
;1;2;3;137;542
;1;2;3;1696
;1;2;3;1697
;1;2;3;14;53
;1;2;3;1698
;1;2;3;1699
;1;2;3;166;12
;1;2;3;140;23
;1;2;3;166;27
;1;2;3;1700
;1;2;3;1701
;1;2;3;143;27
;1;2;3;1702
;1;2;3;1703
;1;2;3;1704
;1;2;3;1705
;1;2;3;14;8
;1;2;3;1706
;1;2;3;1707
;1;2;3;1708
;1;2;3;140;27
;1;2;3;328;53
;1;2;3;1709
;1;2;3;480;10
;1;2;3;132;96
;1;2;3;1710
;1;2;3;1711
;1;2;3;9;53
;1;2;3;315;31;801
;1;2;3;1712
;1;2;3;1713
;1;2;3;1714
;1;2;3;1715
;1;2;3;1716
;1;2;3;137;146
;1;2;3;1717
;1;2;3;131;81
;1;2;3;1718
;1;2;3;1719
;1;2;3;1720
;1;2;3;1721
;1;2;3;67;53
;1;2;3;1722
;1;2;3;1723
;1;2;3;73;31;706
;1;2;3;1724
;1;2;3;211;144
;1;2;3;7;29
;1;2;3;1725
;1;2;3;1726
;1;2;3;1727
;1;2;3;357;134
;1;2;3;54;134
;1;2;3;1728
;1;2;3;1729
;1;2;3;1730
;1;2;3;1731
;1;2;3;72;144
;1;2;3;1732
;1;2;3;1733
;1;2;3;60;31;118
;1;2;3;1734
;1;2;3;1735
;1;2;3;357;81
;1;2;3;1736;27
;1;2;3;1737
;1;2;3;1738
;1;2;3;1739
;1;2;3;1740
;1;2;3;1741
;1;2;3;1742
;1;2;3;1743
;1;2;3;1744
;1;2;3;1745
;1;2;3;1746
;1;2;3;166;53
;1;2;3;1747
;1;2;3;1748
;1;2;3;251;68
;1;2;3;1749
;1;2;3;680;23
;1;2;3;304;15
;1750
;1;2;3;1751
;1;2;3;1752
;1;2;3;1753
;1;2;3;1754
;1;2;3;1755
;1;2;3;357;12
;1;2;3;1756
;1;2;3;1757
;1;2;3;26;10
;1;2;3;1758
;1;2;3;342;124
;1;2;3;211;81
;1;2;3;85;96
;1;2;3;1759
;1;2;3;35;15
;1;2;3;1760
;1;2;3;1761
;1;2;3;1762
;1;2;3;1763
;1;2;3;1764
;1;2;3;117;31;881
;1;2;3;1765
;1;2;3;254;27
;1;2;3;1766
;1;2;3;279;31;801
;1;2;3;1767
;1;2;3;1768
;1;2;3;476;68
;1;2;3;1769
;1;2;3;54;96
;1;2;3;35;27
;1;2;3;1770
;1;2;3;1771
;1;2;3;137;892
;1;2;3;187;215
;1;2;3;1772
;1;2;3;1773
;1;2;3;112;8
;1;2;3;1774
;1;2;3;1775
;1;2;3;22;134
;1;2;3;1776
;1;2;3;1777
;1;2;3;476;27
;1778
;1;2;3;1779
;1;2;3;429;81
;1;2;3;357;15
;1;2;3;60;31;229
;1;2;3;117;31;74
;1;2;3;1780
;1;2;3;1781
;1;2;3;132;109
;1;2;3;1782
;1;2;3;1783
;1;2;3;1784
;1;2;3;966;53
;1;2;3;1785
;1;2;3;1786
;1;2;3;1787
;1;2;3;1788
;1;2;3;480;68
;1;2;3;1789
;1;2;3;1790
;1;2;3;1791
;1;2;3;476;8
;1;2;3;302;23
;1;2;3;1792
;1;2;3;1793
;1;2;3;279;31;881
;1;2;3;277;10
;1;2;3;1794
;1;2;3;1795
;1;2;3;42;12
;1;2;3;1796
;1;2;3;1797
;1;2;3;1798
;1;2;3;1799
;1;2;3;95;15
;1;2;3;187;29
;1;2;3;476;109
;1;2;3;193;29
;1;2;3;95;53
;1;2;3;1800
;1;2;3;1801
;1;2;3;1802
;1;2;3;302;8
;1;2;3;357;8
;1;2;3;132;81
;1;2;3;1803
;1;2;55;1804
;1;2;3;167;8
;1;2;3;1736;144
;1;2;3;1805
;1;2;3;490;29
;1;2;3;1806
;1;2;3;101;27
;1;2;3;1807
;1;2;3;38;124
;1;2;3;1808
;1;2;3;304;124
;1;2;3;1809
;1;2;3;1810
;1;2;3;1811
;1;2;3;1812
;1;2;3;1813
;1;2;3;1814
;1;2;3;1815
;1;2;3;1816
;1;2;3;1817
;1;2;3;1818
;1;2;3;1819
;1;2;3;254;23
;1;2;3;11;124
;1;2;3;480;144
;1;2;3;132;12
;1;2;3;1820
;1;2;3;1821
;1;2;3;181;68
;1;2;3;187;124
;1;2;3;1822
;1;2;3;42;134
;1;2;3;1823
;1;2;3;42;23
;1;2;3;60;31;316
;1;2;3;1824
;1;2;3;1825
;1;2;3;1826
;1;2;3;1827
;1;2;3;137;308
;1828
;1;2;3;28;27
;1;2;3;1829
;1;2;3;1830
;1;2;3;1831
;1;2;3;240;10
;1;2;3;1832
;1;2;3;1833
;1;2;3;167;12
;1;2;3;1834
;1;2;3;242;81
;1;2;3;1835
;1;2;3;67;109
;1;2;3;1836
;1;2;3;1837
;1;2;3;1838
;1;2;3;218;68
;1;2;3;966;81
;1;2;3;131;53
;1;2;3;480;124
;1;2;3;1839
;1;2;3;255;23
;1;2;3;1840
;1;2;3;1841
;1;2;3;1842
;1;2;3;1843
;1844
;1;2;3;47;671
;1;2;3;1845
;1;2;3;30;31;280
;1;2;3;42;68
;1;2;3;1846
;1;2;3;1847
;1;2;3;1848
;1;2;3;1849
;1;2;3;30;31;706
;1;2;3;1850
;1;2;3;1851
;1;2;3;156;8
;1;2;3;1852
;1;2;3;1853
;1;2;3;1854
;1;2;3;1855
;1;2;3;277;29
;1;2;3;1856
;1;2;3;480;53
;1;2;3;143;124
;1;2;3;255;215
;1;2;3;1857
;1;2;3;1858
;1859
;1;2;3;9;27
;1;2;3;1860
;1;2;3;1861
;1;2;3;1862
;1;2;3;1863
;1;2;3;1864
;1;2;3;1865
;1;2;3;117;31;32
;1;2;3;1866
;1;2;3;1867
;1;2;3;1868
;1;2;3;680;15
;1;2;3;1869
;1;2;3;35;215
;1;2;3;1870
;1;2;3;680;10
;1;2;3;1871
;1;2;3;1872
;1;2;3;1873
;1;2;3;35;180
;1;2;3;1874
;1875
;1;2;3;1876
;1;2;3;1877
;1;2;3;30;31;229
;1;2;3;117;31;280
;1;2;3;1878
;1;2;3;1879
;1;2;3;1880
;1;2;3;123;144
;1;2;3;95;29
;1;2;3;1881
;1;2;3;1882
;1;2;3;1883
;1884
;1;2;3;1885
;1;2;3;1886
;1;2;3;1887
;1;2;3;1888
;1;2;3;1889
;1;2;3;1890
;1;2;3;1891
;1;2;3;35;308
;1;2;3;165;81
;1892
;1893
;1894
;1895
;1896
;1897
;1898
;1899
;1900
;1901
;1902
;1903
;1904
;1905
;1906
;1907
;1908
;1909
;1910
;1911
