;1;2;3
;1;4;5
;1;6;7
;1;2;8
;1;9;10;11;12;13
;1;6;14
;1;15;16
;1;9;17;18;11;12;19
;1;2;20
;1;2;21
;1;22;23
;1;9;24;11;12;25
;1;26
;1;22;27
;1;9;28
;1;6;29
;1;2;30
;1;31;32
;1;31;33
;1;9;34;35
;1;6;36
;1;31;37
;1;2;38
;1;9;39
;1;2;40
;1;2;41
;1;6;42
;1;22;43
;1;44
;1;45;46
;1;31;47
;1;9;48
;1;49;50
;1;51
;1;6;52
;1;9;34;53;54
;1;9;17;55
;1;22;56
;1;22;57
;1;22;58
;1;59
;1;9;60
;1;31;61
;1;62
;1;9;63
;1;2;64
;1;9;65;66
;1;67;68
;1;15;69
;1;70;71
;1;2;72
;1;2;73
;1;6;74
;1;9;65;75
;1;2;76
;1;9;34;53;77
;1;9;78;79
;1;2;80
;1;81
;1;15;82
;1;9;17;83;84
;1;15;85
;1;4;86
;1;2;87
;1;88;89
;1;15;90;11;12;91
;1;15;92;11;12;93
;1;31;94
;1;95
;1;2;96
;1;2;97
;1;9;98
;1;9;99
;1;22;100
;1;49;101
;1;15;102
;1;103;104
;1;31;29
;1;105
;1;9;106;107
;1;2;108
;1;49;109
;1;70;110
;1;9;34;111;11;12;112
;1;22;113
;1;15;114
;1;115
;1;9;116;11;12;117
;1;118
;1;119
;1;9;34;83;120
;1;9;65;121
;1;70;29
;1;2;122
;1;9;123
;1;9;124
;1;31;125
;1;9;34;18;11;12;126
;1;2;127
;1;128
;1;2;129
;1;2;130
;1;22;131
;1;132
;1;2;133
;1;9;34;83;134
;1;9;135
;1;70;136
;1;2;137
;1;9;65;138
;1;6;139
;1;140;141
;1;9;142;11;12;143
;1;9;144
;1;2;145
;1;49;146
;1;9;17;147
;1;9;148
;1;149
;1;2;150
;1;9;65;151
;1;152
;1;9;34;153
;1;154
;1;9;34;155
;1;9;156
;1;49;157
;1;9;65;158
;1;9;17;111;11;12;159
;1;15;160
;1;2;161
;1;49;162
;1;9;163
;1;9;164
;1;165
;1;9;166;11;12;167
;1;9;65;168
;1;9;106;169
;1;67;170
;1;9;17;53;171
;1;6;172
;1;9;173
;1;15;174
;1;9;17;175
;1;176
;1;177
;1;22;178
;1;9;34;53;179
;1;70;180
;1;9;78;181
;1;49;182
;1;9;183
;1;2;184
;1;185;186
;1;45;187
;1;49;188
;1;22;189
;1;22;190
;1;15;191
;1;9;192
;1;9;65;193
;1;9;65;194
;1;9;195
;1;9;196
;1;9;34;197
;1;2;198
;1;22;199
;1;2;200
;1;201
;202
;1;9;203
;1;22;204
;1;9;205
;1;9;17;18;11;12;206
;1;15;207
;1;9;34;83;208
;1;209
;1;31;210
;1;211
;1;2;212
;1;213
;1;2;214
;1;49;215
;1;9;216
;1;2;217
;1;9;218
;1;22;219
;1;6;220
;1;9;34;221
;1;31;222
;1;15;223
;1;224
;1;225
;1;226
;1;9;227
;1;2;228
;1;15;229
;1;9;230
;1;9;231
;1;15;232
;1;2;233
;1;9;106;234
;1;15;235
;1;15;236
;1;237
;1;2;238
;1;31;239
;1;9;78;240;241
;1;2;242
;1;243
;1;15;244
;1;15;245
;1;2;246
;1;9;78;247
;1;31;248
;1;2;249
;1;9;34;53;250
;1;15;251
;1;185;252
;1;9;253;11;12;254
;1;9;65;255
;1;9;10;11;12;256
;1;257
;1;22;258
;1;49;259
;1;260
;1;15;261
;1;9;34;111;11;12;262
;1;9;142;11;12;263
;1;264
;1;15;265
;1;49;266
;1;2;267
;1;9;268
;1;2;269
;1;9;270
;1;9;34;18;11;12;271
;1;15;272
;1;15;273
;1;103;274
;1;49;275
;1;49;276
;1;9;65;277
;1;2;278
;1;9;279
;1;22;280
;1;2;281
;1;2;282
;1;283
;1;49;284
;1;49;285
;1;2;286
;1;9;10;11;12;167
;1;103;287
;1;9;34;288
;1;289
;1;9;65;290
;1;49;291
;1;292
;1;293
;1;9;294
;1;22;295
;1;67;296
;1;15;297
;1;2;298
;1;9;34;83;299
;1;300
;1;9;34;301
;1;2;302
;1;2;303
;1;2;304
;1;185;305
;1;9;34;111;11;12;306
;1;9;10;11;12;25
;1;9;34;307
;1;70;308
;1;2;309
;1;9;78;310
;1;15;92;11;12;25
;1;15;311
;1;2;312
;1;9;34;18;11;12;313
;1;2;314
;1;315
;1;70;316
;1;4;317
;1;70;318
;1;9;17;319
;1;9;320
;1;9;17;53;321
;1;2;322
;1;9;34;83;323
;1;15;324
;1;6;325
;1;2;326
;1;31;327
;1;328
;1;329
;1;185;330
;1;70;331
;1;6;332
;1;31;333
;1;2;334
;1;49;335
;1;9;106;53;336
;1;9;65;337
;1;9;106;111;11;12;338
;1;31;339
;1;340
;1;15;341
;1;9;342
;1;67;343
;1;185;344
;1;9;17;83;54
;1;49;345
;1;185;346
;1;347
;1;9;348
;1;2;349
;1;9;350
;1;185;351
;1;9;106;83;352
;1;9;34;53;353
;1;9;354
;1;355;356
;1;9;357
;1;9;65;358
;1;9;166;11;12;359
;1;45;360
;1;9;17;197
;1;361
;1;15;362
;1;2;363
;1;9;364
;1;9;365
;1;15;366
;1;9;367
;1;9;368
;1;369
;1;9;17;111;11;12;370
;1;31;371
;1;2;372
;1;9;373
;1;9;374
;1;9;34;175
;1;31;375
;1;9;106;18;11;12;376
;1;9;244
;1;15;377
;1;15;378
;1;9;166;11;12;379
;1;15;380
;1;2;381
;1;49;382
;1;2;383
;1;2;384
;1;2;385
;1;386
;1;31;387
;1;9;17;388
;1;45;389
;1;9;317
;1;15;390
;1;49;391
;1;9;106;53;392
;1;9;393
;1;31;394
;1;395
;1;49;396
;1;70;397
;1;398
;1;49;399
;1;9;400
;1;22;401
;1;9;34;111;11;12;402
;1;70;403
;1;9;404
;1;2;405
;1;406
;1;9;407
;1;9;408
;1;140;409;410
;1;70;411
;1;9;412
;1;22;413
;1;15;414
;1;9;415
;1;9;416
;1;67;417
;1;418
;1;15;419
;1;45;420
;1;9;34;421
;1;9;34;422
;1;2;423
;1;9;24;11;12;424
;1;9;425
;1;6;426
;1;31;427
;1;22;428
;1;2;429
;1;31;430
;1;9;106;18;11;12;431
;1;6;432
;1;9;65;433
;1;2;434
;1;9;34;18;11;12;376
;1;9;435
;1;2;436
;1;437;438
;1;70;439
;1;9;106;111;11;12;440
;1;185;441
;1;185;442
;1;443
;1;9;65;444
;1;2;445
;1;22;446
;1;2;447
;1;70;448
;1;70;449
;1;6;450
;1;451;452;453;12;454
;1;2;455
;1;9;34;456;457;12;458
;1;459
;1;9;106;53;134
;1;9;460
;1;185;461
;1;462
;1;45;463
;1;15;464
;1;9;465
;1;70;466
;1;9;106;467
;1;9;106;18;11;12;468
;1;15;469
;1;9;470
;471
;1;15;92;11;12;112
;1;49;472
;1;2;473
;1;31;474
;1;2;475
;1;9;476
;1;9;253;11;12;477
;1;31;478
;1;6;479
;1;355;480
;1;2;481
;1;15;482
;1;67;483
;1;484
;1;9;106;111;11;12;485
;1;9;34;388
;1;486
;1;6;487
;1;15;488
;1;31;489
;1;2;490
;1;2;491
;1;2;492
;1;493
;1;2;494
;1;495
;1;2;496
;1;15;497
;1;70;498
;1;15;499
;1;9;500
;1;501
;1;31;502
;1;9;503
;1;9;272
;1;31;504
;1;355;241
;1;9;34;83;505
;1;49;413
;1;9;65;506
;1;22;291
;1;2;507
;1;2;508
;1;70;509
;1;9;106;111;11;12;510
;1;9;511
;1;45;512
;1;15;513
;1;514
;1;9;515
;1;9;78;516
;1;9;517
;1;9;518
;1;355;519
;1;6;520
;1;2;521
;1;2;522
;1;9;523
;1;524
;1;9;525
;1;15;526
;1;9;34;83;179
;1;70;527
;1;9;116;11;12;167
;1;528
;1;9;34;529
;1;530;531
;1;45;532
;1;9;116;11;12;533
;1;31;534
;1;9;166;11;12;25
;1;45;535
;1;536
;1;9;537
;1;9;538
;1;15;539
;1;9;540
;1;15;541
;1;9;542
;1;2;543
;1;22;544
;1;2;545
;1;9;106;111;11;12;546
;1;9;106;111;11;12;376
;1;22;547
;1;548
;1;9;17;111;11;12;549
;1;49;550
;1;551
;1;552
;1;9;553
;1;4;554;555
;1;6;556
;1;2;557
;1;9;17;83;558
;1;2;559
;1;6;560
;1;561
;1;2;562
;1;45;563
;1;564
;1;565
;1;9;17;301
;1;9;106;83;566
;1;49;567
;1;9;17;18;11;12;568
;1;569
;1;2;570
;1;31;571
;1;70;572
;1;2;573
;1;22;574
;1;2;575
;1;45;576
;1;2;577
;1;9;34;111;11;12;578
;1;2;579
;1;580
;1;581;582
;1;2;583
;1;45;584
;1;9;34;585
;1;2;586
;1;9;587
;1;6;588
;1;9;106;53;589
;1;31;590
;1;2;591
;1;9;592
;1;22;593
;1;9;166;11;12;594
;1;9;595
;1;140;596
;1;9;106;597
;1;598;599
;1;530;600
;1;15;601
;1;9;602
;1;15;603
;1;6;604
;1;605
;1;9;606
;1;607
;1;608
;1;49;609
;1;9;610
;1;9;611
;1;9;34;53;612
;1;45;613
;1;49;614
;1;615
;1;22;333
;1;22;616
;1;15;617
;1;9;253;11;12;25
;1;9;106;53;77
;1;15;618
;1;140;619
;1;9;17;18;11;12;620
;1;9;621
;1;49;622
;1;2;623
;1;9;10;11;12;624
;1;9;34;53;352
;1;9;625
;1;185;626
;1;22;627
;1;2;628
;1;629
;1;630
;1;2;631
;1;9;166;11;12;632
;1;9;633
;1;9;116;11;12;634
;1;67;635
;1;15;636
;1;530;637
;1;9;78;638
;1;639
;640
;1;641
;1;15;642
;1;49;643
;1;22;644
;1;9;645
;1;22;646
;1;6;647
;1;9;17;83;648
;1;9;78;649
;1;2;650
;1;9;651
;1;9;17;652
;1;2;653
;1;9;654
;1;9;655
;1;15;92;11;12;117
;1;45;656
;1;9;24;11;12;256
;1;49;657
;1;15;658
;1;659
;1;45;660
;1;9;65;661
;1;662
;1;9;34;18;11;12;663
;1;664
;1;9;65;665
;1;666
;1;6;667
;1;9;668;11;12;256
;1;45;669
;1;6;670
;1;2;671
;1;9;106;672
;1;67;673
;1;9;17;18;11;12;674
;1;675
;1;530;676
;1;22;677
;1;9;65;678
;1;679
;1;9;680
;1;45;681;12;682;683;684
;1;2;685
;1;9;686
;1;22;687
;1;2;688
;1;9;106;689
;1;9;690
;1;691
;1;2;692
;1;9;693
;694
;1;2;695
;1;9;17;83;696
;1;9;65;697
;1;9;34;18;11;12;698
;1;9;699
;1;140;409;352
;1;700
;1;6;701
;1;9;17;111;11;12;485
;1;581;702
;1;703
;704
;1;705
;1;9;106;18;11;12;706
;1;49;707
;1;9;10;11;12;359
;1;9;708
;1;22;709
;1;31;710
;1;31;711
;1;31;712
;1;31;713
;1;15;714
;1;103;715
;1;9;716
;1;15;717
;1;31;718
;1;719
;1;9;106;720
;1;31;721
;1;15;602
;1;9;17;53;722
;1;9;723
;1;9;116;11;12;724
;1;725
;1;31;726
;1;31;727
;1;22;728
;1;9;34;729
;1;9;106;83;730
;1;49;731
;1;6;732
;1;9;65;733
;1;31;734
;1;2;735
;1;45;736
;1;9;737
;1;31;738
;1;15;739
;1;70;740
;1;741
;1;9;34;742
;1;743
;1;9;744
;1;22;745
;1;9;166;11;12;746
;1;9;24;11;12;143
;1;581;747
;1;9;748
;1;15;749
;750
;1;751
;1;9;752
;1;9;65;753
;754
;1;9;755
;1;22;756
;1;9;757
;1;15;758
;1;2;759
;1;530;760
;1;185;761
;1;9;762;11;12;13
;1;15;763
;1;9;116;11;12;764
;1;2;765
;1;22;47
;1;185;766
;1;767
;1;22;768
;1;49;769
;1;70;770
;1;2;771
;1;31;772
;1;9;773
;1;22;774
;1;775
;1;22;776
;1;9;777
;1;581;778
;1;779
;1;2;780
;1;9;781
;1;9;106;83;134
;1;22;782
;1;15;783
;1;88;784
;1;45;785
;1;786
;1;2;787
;1;9;788
;1;9;789
;1;9;17;111;11;12;790
;1;15;686
;1;791
;1;22;792
;1;6;793
;1;794
;1;795
;1;9;65;796
;1;49;797
;1;9;798
;1;9;799
;1;9;17;83;323
;1;581;800
;1;9;801
;1;9;24;11;12;13
;1;802
;1;2;803
;1;6;804
;1;15;805
;1;806
;1;6;807
;1;31;808
;1;9;809
;1;9;810
;1;355;811
;1;70;812
;1;813
;1;814
;1;9;65;815
;1;2;816
;1;817
;1;15;818
;1;9;819
;1;22;820
;1;9;106;821
;1;9;24;11;12;822
;1;31;823
;1;15;824
;1;67;825
;1;826;827
;1;828
;1;829
;1;9;17;830
;1;49;831
;1;2;832
;1;31;833
;1;9;834
;1;15;835
;1;9;836
;1;9;34;837
;1;9;17;111;11;12;724
;1;9;34;53;838
;1;9;762;11;12;25
;1;839
;1;9;840
;1;15;841
;1;9;842
;1;15;843
;1;9;106;35
;1;9;17;111;11;12;440
;1;22;844
;1;9;845
;1;2;846
;1;530;847
;1;9;65;848
;1;9;849
;1;2;850
;1;9;851
;1;852
;1;45;853
;1;854
;1;2;855
;1;103;856
;1;31;857
;1;9;858
;1;859
;1;826;860
;1;9;65;861
;1;22;862
;1;15;863
;1;45;681;12;682;864;865
;1;9;34;866
;1;15;90;11;12;533
;1;185;867
;1;49;868
;1;4;869
;1;870
;1;871
;1;31;259
;1;9;34;83;872
;1;9;873
;1;874
;1;9;17;875
;1;15;876
;1;9;877
;1;9;65;878
;1;9;142;11;12;167
;1;9;879
;1;9;166;11;12;263
;1;880
;1;15;881
;1;9;882
;1;6;883
;1;884
;1;9;885
;1;581;886
;1;9;82
;1;9;78;887
;1;9;17;53;888
;1;2;889
;1;9;34;18;11;12;263
;1;9;890
;1;15;891
;1;892
;1;9;893
;1;2;894
;1;9;65;895
;1;185;896
;1;897
;1;9;106;898
;1;49;327
;1;2;899
;1;9;106;456;457;12;900
;1;185;901
;1;902
;1;903
;1;15;904
;1;49;905
;1;906
;1;9;907
;1;22;908
;1;2;909
;1;2;910
;1;9;106;111;11;12;911
;1;912
;913
;1;9;253;11;12;914
;1;2;915
;916
;1;2;917
;1;15;918
;1;919
;1;6;920
;1;6;921
;922
;1;9;78;923
;1;2;924
;1;530;925
;1;9;926
;1;9;17;18;11;12;431
;1;927
;1;9;928
;1;15;90;11;12;929
;1;9;65;930
;1;9;17;83;931
;1;2;932
;1;9;933
;1;9;265
;1;9;17;821
;1;15;934
;1;22;935
;1;45;936
;1;9;937
;1;6;938
;1;22;939
;1;6;940
;1;31;941
;1;9;942
;1;49;943
;1;9;17;944
;1;2;945
;1;9;946
;1;9;947
;1;140;409;948
;1;9;106;83;949
;1;6;950
;1;9;142;11;12;951
;1;9;952
;1;9;106;111;11;12;953
;1;9;78;954
;955
;1;9;956
;1;2;957
;1;2;958
;1;9;17;83;959
;1;2;960
;1;49;961
;1;9;34;83;962
;1;9;142;11;12;724
;1;9;17;53;299
;1;9;963
;1;964
;1;2;965
;1;4;966
;1;2;967
;1;9;968
;1;9;969
;1;9;142;11;12;970
;1;9;106;18;11;12;546
;1;971
;1;9;972
;973
;1;9;78;974
;975
;1;49;976
;1;9;65;977
;1;978
;1;9;65;979
;1;22;980
;1;9;981
;1;22;982
;1;22;983
;1;9;65;984
;1;9;34;53;985
;1;9;106;18;11;12;986
;1;4;554;784
;1;31;987
;1;45;988
;1;6;989
;1;31;990
;1;9;17;991
;1;2;992
;1;22;993
;1;9;17;994
;1;2;995
;1;45;996
;1;997
;1;9;998
;1;9;34;83;999
;1;6;1000
;1;31;1001
;1;2;1002
;1;9;17;18;11;12;263
;1;9;1003
;1;581;1004
;1;9;65;1005
;1;9;1006
;1;70;1007
;1;9;65;1008
;1;9;1009
;1;15;90;11;12;1010
;1;22;976
;1;1011
;1;1012
;1;1013
;1;15;1014
;1;9;1015
;1;2;1016
;1;1017
;1;9;34;18;11;12;953
;1;1018
;1;9;34;111;11;12;338
;1;70;1019
;1;581;1020
;1;1021
;1;49;1022
;1;2;1023
;1;49;1024
;1;45;1025
;1;15;1026
;1;2;1027
;1;9;1028
;1;1029
;1;9;1030
;1;6;1031
;1;9;1032
;1;9;1033
;1;9;1034
;1;9;34;1035
;1;9;24;11;12;632
;1;2;1036
;1;9;116;11;12;1037
;1;2;1038
;1;31;1039
;1;6;1040
;1;9;34;875
;1;9;116;11;12;929
;1;1041
;1;31;58
;1;6;1042
;1;2;1043
;1;1044
;1;2;1045
;1;22;1046
;1;6;1047
;1;1048
;1;2;1049
;1;1050
;1;1051
;1;9;34;53;959
;1;581;1052
;1;9;106;830
;1;2;1053
;1;22;1054
;1;1055
;1;9;17;18;11;12;1056
;1;2;1057
;1;140;409;1058
;1;9;1059
;1;9;1060
;1;9;106;111;11;12;706
;1;9;1061
;1062
;1;22;335
;1;70;1063
;1;9;1064
;1;2;1065
;1;9;1066
;1;9;17;83;1067
;1;22;1068
;1;1069
;1;1070
;1;9;1071
;1;9;1072
;1073
;1;70;1074
;1;1075
;1;1076
;1;9;116;11;12;477
;1;9;1077
;1;9;65;1078
;1;530;1079
;1;2;1080
;1;31;1081
;1;185;1082
;1;9;166;11;12;1037
;1;15;1083
;1;2;1084
;1;15;1085
;1;31;1086
;1;9;1087
;1;9;106;1088
;1;9;1089
;1;9;1090
;1;9;116;11;12;254
;1;49;1091
;1;1092
;1;9;106;1093
;1;15;1094
;1;9;65;1095
;1;9;34;83;1096
;1;9;65;1097
;1;1098
;1;15;92;11;12;263
;1;70;1099
;1;15;1100
;1;9;668;11;12;929
;1;9;1101
;1;9;1102
;1;2;1103
;1;9;65;1104
;1;49;1105
;1;1106
;1;9;1107
;1;9;1108
;1;6;1109
;1;9;65;1110
;1;9;1111
;1;49;1112
;1;9;17;18;11;12;1113
;1;1114
;1;9;1115
;1;4;1116
;1;49;857
;1;9;65;1117
;1;67;1118
;1;6;1119
;1;6;1120
;1;49;1121
;1;9;1122
;1;9;17;18;11;12;402
;1;9;34;111;11;12;1123
;1;9;34;53;1124
;1;9;1125
;1;2;1126
;1;15;1127
;1;9;1128
;1;1129
;1;9;34;83;1130
;1;45;1131
;1;9;65;1132
;1;9;142;11;12;379
;1;70;1133
;1;1134
;1;9;1135
;1;9;1136
;1;49;1137
;1;2;1138
;1;49;1139
;1140
;1;1141
;1;15;1142
;1;6;1143
;1;9;1144
;1;9;106;53;1145
;1;9;10;11;12;594
;1;15;1146
;1;2;1147
;1;31;1148
;1;15;1149
;1;355;1150
;1;15;1151
;1;1152
;1;1153
;1;6;1154
;1;9;10;11;12;477
;1;15;1155
;1;2;1156
;1;185;1157
;1;2;1158
;1;6;1159
;1;1160
;1;9;78;240;1161
;1;2;1162
;1;9;65;1163
;1;9;17;111;11;12;271
;1;9;1164
;1;9;34;53;1165
;1;6;1166
;1;1167
;1;9;24;11;12;594
;1;1168
;1;581;1169
;1;9;1170
;1;9;17;53;392
;1;9;10;11;12;1171
;1;49;1172
;1;1173
;1;15;1174
;1;9;1175
;1;9;34;821
;1;2;1176
;1;22;1177
;1;15;1178
;1;9;17;111;11;12;468
;1;49;1179
;1;1180
;1;9;1181
;1;1182
;1;9;17;53;1183
;1;9;17;18;11;12;1184
;1;9;668;11;12;254
;1;9;166;11;12;1185
;1;9;1186
;1;6;1187
;1;22;707
;1;1188;1189
;1;22;1190
;1;49;908
;1;31;1191
;1;2;1192
;1;15;1193
;1;15;1194
;1;2;1195
;1;185;141
;1;1196
;1;9;1197
;1;9;1198
;1;1199
;1;70;1200
;1;9;65;1201
;1;2;1202
;1;49;125
;1;15;92;11;12;143
;1;15;1203
;1;2;1204
;1;1205
;1;2;1206
;1;2;1207
;1;1208
;1;49;1209
;1;67;1210
;1;1211
;1;2;1212
;1;1213
;1;31;1214
;1;9;17;1215
;1;1216
;1;2;1217
;1;1218
;1;1219
;1;9;142;11;12;1220
;1;9;24;11;12;1185
;1;2;1221
;1;9;1222
;1;15;1223
;1;9;34;1215
;1;9;17;18;11;12;911
;1;1224
;1;15;1225
;1;9;1226
;1;15;1227
;1;15;1228
;1;1229
;1;15;1230
;1;49;776
;1;9;762;11;12;143
;1;2;1231
;1;6;1232
;1;49;1233
;1;15;1234
;1;22;1235
;1;1236
;1;1237
;1238
;1;4;554;811
;1;2;1239
;1;1240
;1;31;1241
;1;9;106;1242
;1;1243
;1;9;1244
;1;49;1245
;1;1246;339
;1;2;1247
;1;9;1248
;1;9;34;1249;457;12;458
;1;9;106;147
;1;9;78;240;356
;1;2;1250
;1;9;78;1251
;1;15;90;11;12;424
;1;1252
;1;15;90;11;12;263
;1;9;34;53;1253
;1;67;1254
;1;67;1255
;1;15;1256
;1;45;681;12;682;1257
;1;2;1258
;1;140;1259
;1;2;1260
;1;67;1261
;1;15;1262
;1;9;34;111;11;12;549
;1;49;990
;1;9;160
;1;1263
;1;9;1264
;1;1265
;1;45;681;12;682;1266;1267
;1;1268
;1;9;65;1269
;1;15;1270
;1;70;1271
;1;31;1272
;1;2;1273
;1;1274
;1;1275
;1;45;681;12;682;1266;865
;1;9;1276
;1;15;92;11;12;254
;1;9;1277
;1;1278
;1;9;106;53;888
;1;49;1279
;1;70;1280
;1;9;65;1281
;1;9;1282
;1;9;1283
;1;1284;193
;1;9;10;11;12;143
;1;530;1285
;1;1286
;1;9;1287
;1;9;106;1288
;1;1289
;1;1290
;1;70;1291
;1;45;1292
;1;22;1024
;1;22;1293
;1;9;762;11;12;1294
;1;22;1295
;1;6;1296
;1;6;1297
;1;9;1298
;1;15;1299
;1;9;34;83;566
;1;9;106;111;11;12;1184
;1;15;1300
;1;1301
;1;9;78;1302
;1;9;116;11;12;424
;1;9;1303
;1;15;1304
;1;9;1305
;1;70;1306
;1;9;1307
;1;6;1160
;1;581;1308
;1;15;1309
;1;9;106;875
;1;9;1310
;1;9;65;1311
;1;9;1312
;1;1313
;1314
;1;9;1315
;1;9;34;456;457;12;900
;1;9;17;1316
;1;9;668;11;12;143
;1;67;1317
;1;1318
;1;9;17;18;11;12;1319
;1;2;1320
;1;9;1321
;1;1322
;1;22;472
;1;2;1323
;1;9;17;18;11;12;1324
;1;9;1325
;1;9;166;11;12;1294
;1;9;1326
;1;9;34;53;872
;1;9;668;11;12;1327
;1;6;1328
;1;15;1329
;1;1330
;1;15;1331
;1;9;1332
;1;9;17;53;179
;1;49;1333
;1;9;1334
;1;1335
;1;15;92;11;12;1319
;1;2;1336
;1;49;1337
;1;9;1338
;1;1339
;1;31;1340
;1;31;1341
;1;9;65;1001
;1;185;1342
;1;581;1343
;1;22;61
;1;9;34;991
;1;22;1344
;1;15;1345
;1;9;1346
;1;15;1347
;1;31;1348
;1;6;1349
;1;31;1350
;1;6;1351
;1;15;1352
;1;530;1353
;1;1354
;1;9;1355
;1;9;17;1356
;1;2;1357
;1;6;1358
;1;9;106;111;11;12;764
;1;9;668;11;12;359
;1;22;1112
;1;70;1359
;1;15;90;11;12;1360
;1;9;1361
;1;2;1362
;1;9;17;18;11;12;1363
;1;1364
;1;9;1365
;1;1366
;1;15;1367
;1;49;1368
;1;530;1369
;1;6;1370
;1;1371
;1;9;1372
;1;9;1373
;1;1374
;1;1375
;1;4;1376
;1;1377
;1;9;1378
;1;9;65;1379
;1;9;1380
;1;2;1381
;1;9;106;18;11;12;306
;1;15;92;11;12;1010
;1;185;1382
;1;15;1383
;1;530;1384
;1;2;1385
;1;1386
;1;22;1387
;1;15;90;11;12;477
;1;9;106;18;11;12;663
;1;9;106;421
;1;15;1388
;1;9;142;11;12;822
;1;9;762;11;12;1220
;1;31;1389
;1;9;1390
;1;9;17;83;1391
;1;9;1392
;1;2;1393
;1;31;1394
;1;2;1395
;1;31;1396
;1;1397
;1;1398
;1;9;1399
;1;9;106;53;1183
;1;9;34;111;11;12;19
;1;1400
;1;6;1401
;1;9;1402
;1;185;1403
;1;9;1404
;1;2;1405
;1;1406
;1;49;983
;1;6;1407
;1;9;17;53;353
;1;9;1408
;1;22;1409
;1;9;1410
;1;49;1411
;1;9;1412
;1;581;1413
;1;22;1414
;1;9;207
;1;2;1415
;1;31;113
;1;22;1416
;1;1417
;1;2;1418
;1;9;78;1419
;1;31;1420
;1;1421
;1;22;1422
;1;70;1423
;1;9;1424
;1;2;1425
;1;9;17;422
;1;9;1426
;1;2;1427
;1;15;90;11;12;256
;1;22;1428
;1;15;92;11;12;1294
;1;31;1429
;1;9;1430
;1;15;1431
;1;9;668;11;12;25
;1;15;1432
;1;22;1433
;1;2;1434
;1;9;1435
;1;22;1436
;1;9;1437
;1;22;1438
;1;2;1439
;1;1440
;1441
;1;185;1442
;1;9;1443
;1;1444
;1;9;762;11;12;594
;1;22;1445
;1;2;1446
;1;185;1447
;1;2;1448
;1;9;762;11;12;1360
;1;530;1449
;1;9;1450
;1;9;65;1451
;1;9;762;11;12;822
;1;31;1452
;1;31;939
;1;6;1453
;1;70;1454
;1;9;65;1455
;1;9;142;11;12;929
;1;2;1456
;1;185;1457
;1;22;1458
;1;9;17;53;999
;1;9;1459
;1;45;1460
;1;49;1461
;1;9;106;83;888
;1;31;1462
;1;9;1463
;1;2;1464
;1;9;17;83;566
;1;31;1465
;1;581;1466
;1;1467
;1;49;1468
;1;9;106;18;11;12;1056
;1;15;1469
;1;31;1470
;1;9;65;1471
;1;15;1472
;1;1473
;1;185;1474
;1;9;17;1475
;1;22;1476
;1;31;1477
;1;31;1478
;1;1479
;1;437;1480
;1;2;1481
;1;9;106;111;11;12;112
;1;9;668;11;12;533
;1;9;106;53;722
;1;31;1482
;1;70;1483
;1;22;1484
;1;1485
;1486
;1;9;1487
;1;9;1488
;1;9;34;18;11;12;338
;1;185;1489
;1;1490
;1;9;1491
;1;1492
;1;9;1493
;1;1494;1495;453;12;454
;1;9;65;1496
;1;1497
;1;22;1498
;1;9;65;1499
;1;185;1500
;1;2;1501
;1;9;1502
;1;1503
;1;185;1504
;1;2;1505
;1;2;1506
;1;9;34;18;11;12;911
;1;9;166;11;12;256
;1;9;106;53;1507
;1;9;106;53;612
;1;1508
;1;15;90;11;12;1037
;1;9;106;111;11;12;620
;1;49;1509
;1;15;92;11;12;1510
;1;49;808
;1;9;1511
;1;67;1512
;1;9;65;1513
;1;2;1514
;1;22;371
;1;9;1515
;1;9;1516
;1;9;10;11;12;1010
;1;22;1517
;1;1518
;1;22;1519
;1;22;275
;1;9;106;388
;1;2;1520
;1;15;1521
;1;9;1522
;1;103;1523
;1;9;1524
;1;1525
;1;9;1526
;1;1527
;1;9;1528
;1;103;784
;1;15;1529
;1;9;106;456;457;12;458
;1;4;554;1161
;1;9;17;837
;1;49;1530
;1;9;1531
;1;45;1532
;1;1533
;1;185;1376
;1;22;726
;1;22;1534
;1;9;1535
;1;581;1536
;1;70;1537
;1;1538
;1;9;65;1539
;1;581;1540
;1;1541
;1;9;17;1542
;1;2;1543
;1;1544
;1;45;1545
;1;1546
;1;2;1547
;1;1548
;1;530;1549
;1;1550
;1;9;17;18;11;12;262
;1;2;1551
;1;9;17;83;353
;1;2;1552
;1;45;681;12;682;683;1553
;1;15;1554
;1;1555
;1;9;34;18;11;12;431
;1;2;1556
;1557
;1;6;1558
;1;9;17;18;11;12;376
;1;9;17;111;11;12;1559
;1;1188;1396
;1;31;1458
;1;185;1560
;1;15;1561
;1;9;17;18;11;12;1562
;1;9;10;11;12;1220
;1;9;65;1563
;1;9;17;83;1564
;1;9;236
;1;2;1565
;1;31;1566
;1;22;1567
;1;9;1568
;1;2;1569
;1;2;1570
;1;9;106;1571
;1;6;1572
;1;9;1573
;1;6;1574
;1;67;1575
;1;9;34;18;11;12;1123
;1;15;1576
;1;49;593
;1;2;1577
;1;9;1578
;1;9;1579
;1;70;1580
;1581
;1582
;1;6;1583
;1;15;1584
;1;2;1585
;1;1586
;1;9;1587
;1;22;1588
;1;9;106;83;558
;1;9;34;1589
;1;49;1590
;1;15;1591
;1;49;1592
;1;31;1588
;1;22;857
;1;15;1593
;1;9;1594
;1;9;1595
;1;15;1596
;1;9;668;11;12;91
;1;9;106;83;250
;1;9;668;11;12;93
;1;15;1597
;1;1598
;1;31;1599
;1;49;1600
;1;9;762;11;12;632
;1601
;1;1602
;1;9;1603
;1;103;1604
;1;1605
;1;49;1606
;1;9;34;1607
;1;22;1608
;1;9;17;1609
;1;140;1610
;1;31;728
;1;2;1611
;1;31;101
;1;9;1612
;1;31;792
;1;15;1613
;1;49;1614
;1;1615
;1;15;1616
;1;15;1617
;1;1618
;1;1619
;1;140;1620
;1;9;1621
;1;15;1622
;1;31;1623
;1;15;1624
;1;2;1625
;1;9;34;1626
;1;2;1627
;1;140;409;1628
;1;9;65;1629
;1;2;1630
;1;49;1631
;1;2;1632
;1;15;156
;1;22;1245
;1;67;1633
;1;70;1634
;1;2;1635
;1;9;78;240;89
;1;49;1636
;1;45;1637
;1;1638
;1;15;1639
;1;15;90;11;12;1510
;1;15;777
;1;49;1640
;1;1641
;1;9;1642
;1;31;1643
;1;22;1644
;1;1645;1646;1647;12;454
;1;9;17;83;1648
;1;1649
;1;9;34;83;1650
;1;9;17;1651
;1;9;1652
;1;1653
;1;2;1654
;1;31;1484
;1;9;1655
;1;15;1656
;1;9;1657
;1;31;1658
;1;9;65;1659
;1;185;1660
;1;70;1661
;1;22;239
;1;581;1662
;1;9;106;18;11;12;1663
;1;49;1664
;1;1665
;1;4;1666
;1;2;1667
;1;9;17;35
;1668
;1;9;142;11;12;1510
;1;9;106;18;11;12;206
;1;1669
;1;9;106;1475
;1;9;1670
;1;1671
;1;9;1672
;1;15;1673
;1;9;166;11;12;1510
;1;9;191
;1;530;1674
;1;1675
;1;31;1676
;1;22;1677
;1;9;166;11;12;1360
;1;9;1678
;1;9;78;1679
;1;67;1680
;1;9;1681
;1;31;56
;1;2;1682
;1;9;1683
;1;15;1684
;1;140;1278
;1;22;1685
;1;15;1686
;1;1687
;1;1688
;1;9;1689
;1;1284;1690
;1;1691
;1;2;1692
;1;9;1693
;1;9;34;234
;1;9;65;1690
;1;1694
;1;9;78;1695
;1;9;106;55
;1;2;1696
;1;9;1697
;1;31;1698
;1699
;1;31;1700
;1;9;1701
;1;45;1702
;1;9;1703
;1;581;1704
;1;22;1705
;1;2;1706
;1;2;1707
;1;31;1708
;1;9;1709
;1;88;811
;1;45;681;12;682;683;1710
;1;49;1433
;1;185;1711
;1;2;1712
;1;9;1713
;1;1714
;1;6;887
;1;9;17;18;11;12;440
;1;15;1715
;1;185;1716
;1;2;1717
;1;9;1718
;1;9;1719
;1;9;166;11;12;970
;1;49;1720
;1;9;17;83;1721
;1;2;1722
;1;9;17;18;11;12;1723
;1;1724
;1725
;1;22;1726
;1;9;17;53;1165
;1;15;1727
;1;22;769
;1;2;1728
;1;9;65;1729
;1;2;1730
;1;6;1731
;1;9;78;1732
;1;15;1733
;1;9;34;18;11;12;764
;1;6;1734
;1;31;1295
;1;9;17;169
;1;9;78;1735
;1;2;1736
;1;22;1737
;1;2;1738
;1;1739
;1;9;253;11;12;13
;1;9;34;18;11;12;1363
;1;45;1740
;1;2;1741
;1;9;1742
;1;9;106;83;84
;1;9;1743
;1;9;65;1744
;1;2;1745
;1;6;1746
;1;2;1747
;1;70;1748
;1;15;1749
;1;9;1750
;1;185;1751
;1;49;1752
;1;9;17;53;208
;1;2;1753
;1;2;1754
;1;9;253;11;12;764
;1;45;1755
;1;22;94
;1;4;218
;1;22;1756
;1;2;1757
;1;9;106;83;1758
;1;9;1759
;1;9;106;53;1648
;1;9;1760
;1;6;193
;1;45;681;12;682;1761
;1;9;1762
;1;15;1763
;1;9;1764
;1;15;1765
;1;2;1766
;1;2;1767
;1;67;1768
;1;9;65;1769
;1;9;1770
;1;2;1771
;1;1772
;1;9;1773
;1;2;1774
;1;88;104
;1;9;1775
;1;2;1776
;1;185;1777
;1;2;1778
;1;6;1779
;1;2;1780
;1;22;1781
;1;15;1782
;1;49;1783
;1;9;34;83;888
;1;1784
;1;2;1785
;1;581;1786
;1;45;1787
;1;6;1788
;1;9;106;1789
;1;15;1790
;1;9;1791
;1;9;17;107
;1;2;1792
;1;31;1793
;1;22;1794
;1;6;1795
;1;22;1796
;1;581;1797
;1;9;1798
;1;70;1799
;1;49;1800
;1;9;24;11;12;624
;1;1801
;1;9;106;53;54
;1;49;1802
;1;9;1803
;1;1804
;1;31;1805
;1;70;1806
;1;9;65;1807
;1;9;1808
;1;1809
;1;2;1810
;1;70;1811
;1;2;1812
;1;70;1813
;1;22;1814
;1;2;1815
;1;9;106;111;11;12;468
;1;9;106;111;11;12;1816
;1817
;1;9;34;1818
;1;2;1819
;1;1820
;1;31;1821
;1;9;1822
;1;2;1823
;1;49;339
;1;6;310
;1;9;1824
;1;31;1825
;1;1188;728
;1;22;345
;1;45;1826
;1;88;519
;1;9;17;111;11;12;1827
;1;22;1828
;1;2;1829
;1;9;106;1830
;1;9;24;11;12;634
;1;1831
;1;1832
;1;49;37
;1;9;1833
;1;49;1644
;1;2;1834
;1;45;1835
;1;9;106;53;323
;1;9;1836
;1;9;17;53;1837
;1;1838
;1;6;1839
;1;2;1840
;1;2;1841
;1;9;1842
;1;2;1843
;1844
;1;9;34;111;11;12;568
;1;2;1845
;1;1846
;1;9;17;111;11;12;578
;1;9;1847
;1;9;1848
;1;9;1849
;1;9;1850
;1;70;1851
;1;49;1852
;1;9;106;83;1130
;1;1284;619
;1;15;1853
;1;22;1854
;1;9;116;11;12;1010
;1;9;1855
;1;581;1856
;1;9;17;83;1857
;1;9;65;1858
;1;2;1859
;1;9;17;111;11;12;402
;1;9;1860
;1;1861
;1;9;1862
;1;49;1863
;1;31;1864
;1;31;1865
;1;9;17;111;11;12;953
;1;9;34;83;959
;1;49;1866
;1;9;1867
;1;9;762;11;12;1868
;1;9;34;1093
;1;9;106;18;11;12;1816
;1;1645;1869;1647;12;454
;1;9;17;1870
;1;31;1871
;1;9;1872
;1;2;1873
;1;9;65;1874
;1;140;409;1875
;1;9;78;1876
;1;9;65;1877
;1;1878
;1;9;116;11;12;379
;1;9;1879
;1;2;1880
;1;22;1881
;1;9;1882
;1;2;1883
;1;31;1884
;1;1885
;1;15;92;11;12;13
;1;9;65;1886
;1;15;1887
;1;9;1888
;1;9;17;18;11;12;126
;1;9;1889
;1;22;1337
;1;4;554;1890
;1;49;1891
;1;9;10;11;12;1294
;1;9;1892
;1;70;1893
;1;1894
;1;6;1895
;1;9;1896
;1;15;1897
;1;9;34;83;1898
;1;9;1899
;1;15;1900
;1;70;1901
;1;15;1902
;1;1903
;1;581;1904
;1;4;554;241
;1;49;1905
;1;9;1906
;1;31;1054
;1;2;1907
;1;1908
;1;9;10;11;12;117
;1;185;1909
;1;9;17;1910
;1;1911
;1;49;58
;1;49;1588
;1;9;1912
;1;45;1913
;1;2;1914
;1;9;24;11;12;951
;1;826;1915
;1;9;1916
;1;22;1917
;1;9;762;11;12;634
;1;45;1918
;1;9;253;11;12;263
;1;2;1919
;1;15;1920
;1;9;65;1921
;1;9;65;1814
;1;70;1922
;1;1923
;1;2;1924
;1;22;1925
;1;22;1825
;1;9;1926
;1;1927
;1;1928
;1;9;116;11;12;91
;1;9;1929
;1;9;1930
;1;31;1931
;1;9;1932
;1;9;1933
;1;9;65;1934
;1;6;1935
;1;9;34;1936
;1;9;116;11;12;1294
;1;2;1937
;1;9;668;11;12;167
;1;9;78;1938;89
;1;2;1939
;1;1940
;1;22;1941
;1;9;106;111;11;12;1827
;1;9;65;1942
;1;9;34;111;11;12;1816
;1;9;65;1943
;1;9;1944
;1;9;65;1945
;1;9;106;53;208
;1;9;17;1946
;1;1947
;1;9;65;1948
;1;9;65;1949
;1;9;10;11;12;914
;1;581;1950
;1;9;65;1951
;1;9;253;11;12;112
;1;6;1952
;1;2;1953
;1;15;1954
;1;4;1955
;1;2;1956
;1;31;1957
;1;9;106;18;11;12;19
;1;2;1958
;1;9;17;53;1253
;1;9;17;1959
;1;9;106;18;11;12;724
;1;15;1005
;1;45;1960
;1;2;1961
;1;31;1962
;1;9;1963
;1;2;1964
;1;49;1965
;1;49;1966
;1;15;1967
;1;31;1968
;1969
;1;70;1970
;1;9;106;111;11;12;1319
;1;9;34;53;730
;1;49;428
;1;45;681;12;1971
;1;9;65;1972
;1973
;1;1974
;1;2;1975
;1;2;1976
;1;31;1977
;1;9;65;1978
;1;185;1979
;1;15;144
;1;49;1068
;1;9;65;1980
;1;9;1981
;1;88;241
;1;9;1982
;1;1983
;1;9;1984
;1;2;1985
;1;9;106;288
;1;22;1966
;1;2;1986
;1;9;1987
;1;9;106;83;323
;1;15;1988
;1;22;157
;1;9;65;1989
;1;9;1990
;1;9;34;18;11;12;1184
;1;15;1991
;1;31;290
;1;1992
;1;1993
;1;9;34;1994
;1;2;1995
;1;15;1996
;1;2;1997
;1;1998
;1;9;65;1999
;1;9;78;2000
;1;2001
;1;2002
;1;9;65;2003
;1;185;2004
;1;2005
;1;9;17;53;1650
;1;9;106;111;11;12;1363
;1;9;2006
;1;15;2007
;1;2008
;1;9;65;2009
;1;2010
;1;45;2011
;1;185;2012
;1;70;2013
;1;6;2014
;1;9;2015
;1;15;2016
;1;15;2017
;1;9;24;11;12;477
;1;6;2018
;1;49;820
;1;31;2019
;1;2;2020
;1;9;65;2021
;1;2;2022
;1;2023
;1;2;2024
;1;185;2025
;1;2;2026
;1;9;65;2027
;1;6;2028
;1;2;2029
;1;49;2030
;1;9;65;2031
;1;9;17;585
;1;2032
;1;2033
;1;2034
;1;9;78;2035
;2036
;1;9;34;18;11;12;262
;1;9;17;83;2037
;1;9;166;11;12;1319
;1;49;2038
;1;45;2039
;1;2;2040
;1;2041
;1;9;2042
;1;15;2043
;1;9;2044
;1;9;65;2045
;1;6;2046
;1;9;106;1870
;1;31;2047
;1;70;2048
;1;15;2049
;1;22;2050
;1;530;2051
;1;49;2052
;1;45;2053
;1;2;2054
;1;9;668;11;12;424
;1;140;656
;1;9;34;2055
;1;9;2056
;1;2057
;1;9;17;18;11;12;159
;1;355;1890
;1;67;2058
;1;9;2059
;1;9;2060
;1;15;2061
;1;9;65;2062
;1;9;166;11;12;477
;1;49;2063
;1;2064
;1;15;2065
;2066
;1;2067
;1;45;681;12;682;2068
;1;2;2069
;1;45;681;12;682;2070
;1;22;2071
;1;22;2038
;1;15;2042
;1;15;90;11;12;724
;1;9;34;1288
;1;15;2072
;1;70;2073
;1;2;2074
;1;2;2075
;1;2076
;1;15;2077
;1;2078
;1;9;2079
;1;22;2080
;1;9;34;53;2081
;1;2082
;1;31;593
;1;9;17;18;11;12;313
;1;2;2083
;2084
;1;9;106;111;11;12;663
;1;6;2085
;1;9;2086
;1;2087
;1;9;106;83;1648
;1;49;2088
;1;2089
;1;70;2090
;1;9;65;1977
;1;9;166;11;12;822
;1;2;2091
;1;15;2092
;1;9;106;83;1183
;1;9;34;2093
;1;2;2094
;1;22;1623
;1;2;2095
;1;15;2096
;1;9;2097
;1;31;391
;1;9;2098
;1;9;17;53;838
;1;9;34;18;11;12;468
;1;9;34;83;2037
;2099
;1;31;769
;1;15;2100
;1;581;2101
;1;9;17;83;1650
;1;9;2102
;1;31;1925
;1;15;2103
;1;31;2104
;1;2105
;1;9;106;83;2037
;1;2106
;1;2107
;1;9;17;53;2108
;1;9;34;53;1067
;1;9;2109
;1;9;17;1249;457;12;2110
;1;70;2111
;1;9;2112
;1;2;2113
;1;2114
;1;15;2115
;1;2;2116
;1;1284;2117
;1;49;1793
;1;31;2118
;1;70;2119
;1;9;166;11;12;533
;1;9;142;11;12;1294
;1;9;106;53;1253
;1;22;2120
;1;9;2121
;1;6;2122
;1;9;116;11;12;1220
;1;15;2123
;1;6;2124
;1;15;2125
;1;2126
;2127
;1;31;2128
;1;2129
;1;4;2130
;1;15;90;11;12;112
;1;9;34;2131
;1;185;2132
;1;2133
;1;2;2134
;1;9;2135
;1;9;2136
;1;2;2137
;1;9;17;2138
;1;9;2139
;1;581;2140
;1;15;2141
;1;9;106;83;1507
;1;9;2142
;1;2;2143
;1;9;34;597
;1;9;116;11;12;1868
;1;2144
;1;9;10;11;12;424
;2145
;1;9;17;53;2081
;1;9;34;111;11;12;2146
;1;2147
;1;2;2148
;1;22;2149
;1;9;668;11;12;117
;1;22;2150
;1;6;2151
;1;2152
;1;9;106;1959
;1;45;2153
;1;9;2154
;1;70;2155
;1;2156
;1;2;2157
;1;9;106;1946
;1;2158
;1;15;2159
;1;2;2160
;1;9;10;11;12;1037
;1;2;2161
;1;2162
;1;185;2163
;1;9;2164
;1;49;2165
;1;49;47
;1;2;2166
;1;9;142;11;12;424
;1;49;727
;1;9;106;2131
;1;1284;2167
;1;9;2168
;1;49;2169
;1;9;78;1637
;1;9;17;53;2170
;1;2171
;1;9;34;18;11;12;485
;1;2;2172
;1;2;2173
;1;6;2174
;1;9;65;2175
;1;9;106;111;11;12;790
;1;2;2176
;1;22;2177
;1;22;2178
;1;4;2179
;1;2180
;1;9;2181
;1;2;2182
;1;2183
;2184
;1;4;2185
;1;9;1388
;1;2;2186
;1;9;106;83;353
;1;70;2187
;1;6;2188
;1;2;2189
;1;9;65;2190
;1;9;2191
;1;70;2192
;1;22;2193
;1;70;2194
;1;9;106;111;11;12;1220
;1;15;1144
;1;49;1269
;1;9;78;2195
;1;2;2196
;1;9;65;2197
;1;22;2198
;1;9;2199
;1;9;34;18;11;12;724
;1;9;106;18;11;12;698
;1;2200
;1;2201
;1;9;2202
;1;9;2203
;1;9;2204
;1;6;2205
;1;9;2206
;1;9;142;11;12;91
;1;2;2207
;1;9;142;11;12;632
;1;49;2208
;1;144
;1;9;34;83;2209
;1;15;2210
;1;6;2211
;1;22;2009
;1;2212
;1;2;2213
;1;15;2214
;1;2;2215
;1;2216
;2217
;1;22;2218
;1;2;2219
;1;9;2220
;1;2;2221
;1;22;2222
;1;2;2223
;1;9;2224
;1;9;2225
;1;9;65;2226
;1;2227
;1;9;2228
;1;2229
;1;31;2230
;1;6;2231
;1;9;34;18;11;12;2232
;1;9;2233
;1;936
;1;9;2234
;1;140;2235;1890
;1;2;2236
;1;2;2237
;1;31;1600
;1;15;2238
;1;2;2239
;1;6;2240
;1;2241
;1;9;2242
;1;2;2243
;1;9;2244
;1;9;34;18;11;12;306
;1;9;17;18;11;12;112
;1;31;2245
;1;9;65;2169
;1;9;2246
;1;15;92;11;12;1220
;1;9;106;111;11;12;724
;1;15;2247
;1;49;2248
;1;581;2249
;1;6;1199
;1;1188;2218
;1;6;2250
;1;9;106;18;11;12;370
;1;9;2251
;1;2;2252
;1;15;92;11;12;951
;1;6;2253
;1;6;2254
;1;9;2255
;2256
;1;9;106;53;2257
;1;9;65;2258
;1;2259
;1;9;2260
;1;9;34;83;985
;1;2;2261
;1;49;1726
;1;2262
;1;9;65;2263
;1;185;656
;1;15;90;11;12;1327
;1;15;2264
;1;49;2265
;1;2266
;1;2267
;1;15;2268
;1;9;34;83;54
;1;9;2269
;1;31;2270
;1;2271
;1;9;17;53;566
;1;2272
;1;9;17;2273
;1;6;2274
;1;22;1389
;1;9;253;11;12;143
;1;9;2275
;1;2;2276
;1;9;106;53;352
;1;6;2277
;1;9;106;53;84
;1;45;2278
;1;15;2279
;1;2;2280
;1;9;116;11;12;746
;1;9;2281
;1;15;92;11;12;1327
;1;6;2282
;1;70;2283
;1;2;2284
;1;9;17;83;336
;1;581;2285
;1;9;65;2286
;1;15;2287
;1;2288
;1;9;2289
;1;9;34;1910
;1;22;2290
;1;9;106;18;11;12;2291
;1;2292
;1;9;106;111;11;12;306
;1;6;2293
;1;2294
;1;9;2295
;1;2;2296
;1;15;2297
;1;15;1410
;1;9;34;18;11;12;1319
;1;9;142;11;12;746
;1;6;2298
;1;2299
;1;9;2300
;1;15;2301
;1;70;2302
;1;15;92;11;12;477
;1;9;2303
;1;2304
;1;2;2305
;1;45;2306
;1;31;2307
;1;9;1902
;1;49;2270
;1;15;2308
;1;2309
;1;9;2310
;1;22;2311
;1;9;2312
;1;2313
;1;2314
;1;2315
;1;6;2316
;1;2317
;1;2;2318
;1;2319
;1;2320
;1;15;2321
;1;2322
;1;9;142;11;12;1868
;1;45;2323
;1;2;2324
;1;185;2325
;1;31;2326
;1;45;2327
;1;530;2328
;1;15;2329
;1;9;253;11;12;746
;1;15;2330
;1;9;2331
;1;1284;2332
;1;581;2333
;1;9;2334
;1;70;2335
;1;70;2336
;1;2;2337
;1;2;2338
;1;4;2339
;1;9;116;11;12;1319
;1;45;2340
;1;67;2341
;1;2342
;1;31;2258
;1;9;65;2343
;1;22;1429
;1;22;474
;1;49;2344
;1;70;2345
;1;9;2346
;1;9;106;2347
;1;9;17;83;2348
;1;6;2349
;1;9;65;2350
;1;2351
;1;9;2352
;1;2353
;1;6;2354
;1;2;2355
;1;49;2356
;1;2;2357
;1;2;2358
;1;581;2359
;1;15;2360
;1;2361
;1;49;2362
;1;581;2363
;1;9;2364
;1;22;2365
;2366
;1;2;2367
;1;49;2368
;1;2369
;1;22;2088
;1;2370
;1;9;762;11;12;724
;1;22;158
;1;9;78;2371
;1;70;2372
;1;2373
;1;9;2374
;1;6;2375
;1;2;2376
;1;15;2377
;1;67;2378
;1;70;1001
;1;15;2379
;1;6;2380
;1;2;2381
;1;9;2382
;1;9;2383
;1;9;2384
;1;9;34;53;2385
;1;9;2386
;1;31;2387
;1;49;2388
;1;185;2389
;1;22;2390
;1;22;2165
;1;9;78;2391
;1;9;106;2392
;1;15;2393
;1;6;2394
;1;2;2395
;1;2;2396
;1;2397
;1;49;2398
;1;49;2071
;1;9;2399
;1;49;2400
;1;9;65;2401
;1;31;2402
;1;103;2403
;1;45;2404
;1;530;2405
;1;15;90;11;12;359
;1;530;2406
;1;49;2407
;1;2408
;1;530;2409
;1;9;253;11;12;634
;1;9;2410
;1;70;2411
;1;2412
;1;581;2413
;1;9;2414
;1;9;2415
;1;9;2416
;1;22;2417
;1;2418
;1;9;65;2419
;1;2420
;1;2;2421
;1;9;106;83;392
;1;2;2422
;1;49;726
;1;2;2423
;1;31;2424
;1;2;2425
;1;2426
;1;9;2427
;1;45;2428
;1;9;34;83;2081
;1;2429
;1;6;2430
;1;49;1517
;1;2;2431
;1;70;2432
;1;6;2433
;1;9;65;2434
;1;15;2435
;1;9;2436
;1;9;34;111;11;12;485
;1;2;2437
;1;140;2438
;1;22;2439
;1;9;106;111;11;12;431
;1;2440
;1;2441
;1;9;2442
;1;9;65;2443
;1;2444
;1;2445
;1;22;1209
;1;6;2446
;1;9;2447
;1;9;2448
;1;31;2449
;1;2450
;1;49;2451
;1;6;2452
;1;9;2453
;1;15;2454
;1;31;2455
;1;15;2456
;1;2457
;1;2458
;1;9;17;111;11;12;376
;1;9;668;11;12;1360
;1;9;106;83;336
;1;9;34;83;2459
;1;9;65;2460
;1;49;2461
;1;2462
;2463
;1;2;2464
;1;9;17;83;179
;1;49;2465
;1;9;2466
;1;15;2467
;1;2468
;1;15;2469
;1;581;2470
;1;22;2471
;1;15;2472
;1;9;2473
;1;9;2474
;1;9;1967
;1;9;34;111;11;12;376
;1;49;2475
;1;2476
;1;2477
;1;9;2478
;1;2;2479
;1;581;2480
;1;9;2481
;1;9;2482
;1;31;1333
;1;70;2483
;1;2;2484
;2485
;1;581;2486
;1;9;2487
;1;2;2488
;1;70;2489
;1;22;2490
;1;530;2491
;1;1246;2492
;1;9;2493
;1;15;2494
;1;2;2495
;1;22;2496
;1;31;2497
;1;2;2498
;1;2;2499
;1;2500
;1;2;2501
;1;9;2502
;1;9;78;2503
;1;45;2504
;1;185;2505
;1;15;2506
;1;70;2507
;1;2;2508
;1;15;90;11;12;624
;1;2509
;1;31;1005
;1;9;106;18;11;12;1113
;1;9;34;111;11;12;510
;1;2510
;1;2;2511
;1;355;599
;1;15;2512
;1;2513
;1;22;1139
;1;2514
;1;2;2515
;1;9;65;2516
;1;185;2517
;1;2518
;1;9;65;2519
;1;9;2520
;1;9;17;2521
;1;2;2522
;1;2523
;1;9;2524
;2525
;1;140;409;2526
;1;9;2527
;1;9;2528
;1;15;2529
;1;2;2530
;1;2;2531
;1;9;65;2532
;1;49;2533
;1;9;65;2534
;1;9;65;2535
;1;2536
;1;15;2537
;1;2;2538
;1;9;2539
;1;49;1482
;1;6;2540
;1;9;34;18;11;12;159
;1;2;2541
;1;2;2542
;1;49;2543
;1;70;339
;1;15;2544
;1;2545
;1;2;2546
;1;15;2547
;1;2548
;1;22;2549
;1;9;2550
;1;2;2551
;1;9;1194
;1;2;2552
;1;9;65;2553
;1;185;2554
;1;9;2555
;1;49;2556
;1;9;2557
;1;15;2558
;1;22;990
;1;49;2559
;1;15;2560
;1;2;2561
;1;22;2407
;1;9;65;2562
;1;15;2563
;1;9;17;18;11;12;485
;1;15;2564
;1;9;34;55
;1;2;2565
;1;9;106;2055
;1;9;2566
;1;9;17;288
;1;9;2567
;1;2568
;1;9;116;11;12;263
;1;15;90;11;12;1319
;1;31;2569
;1;9;106;83;872
;1;9;17;83;1145
;1;9;106;111;11;12;13
;1;9;2570
;1;581;2571
;1;2572
;1;2;2573
;1;67;2574
;1;45;2575
;1;70;2576
;1;22;1793
;1;9;2577
;1;9;17;53;134
;2578
;1;9;17;1830
;1;6;2579
;1;9;17;83;392
;1;2580
;1;15;2581
;1;31;2582
;1;9;762;11;12;764
;1;15;2583
;1;9;1331
;1;2;2584
;1;2585
;1;9;2586
;1;22;2587
;1;2;2588
;1;9;2589
;1;49;2590
;1;31;1068
;1;22;2591
;1;9;2592
;1;2;2593
;1;9;24;11;12;117
;1;70;2594
;1;185;2595
;1;45;2596
;1;2;2597
;1;185;2598
;1;9;2599
;1;31;2600
;1;581;2601
;1;9;106;53;2602
;1;49;2582
;1;9;2603
;1;2604
;1;2605
;1;9;65;2606
;1;9;34;18;11;12;440
;1;9;17;111;11;12;206
;1;22;2607
;1;9;2608
;1;9;17;2609
;1;15;2610
;1;15;2611
;1;31;351
;1;2;2612
;1;15;2613
;1;9;65;1409
;1;15;2614
;1;2;2615
;1;2;2616
;1;9;34;111;11;12;271
;1;2;2617
;1;49;2618
;1;15;2619
;1;49;1340
;1;2;2620
;1;9;78;240;784
;1;15;2621
;1;9;2622
;1;9;34;2623
;1;70;2624
;1;31;2625
;1;22;643
;1;49;2626
;1;9;2627
;1;2;2628
;1;2629
;1;2630
;1;9;142;11;12;1360
;1;2631
;1;2632
;1;2;2633
;1;70;2634
;1;22;146
;1;6;2635
;1;15;2636
;1;49;935
;1;9;253;11;12;93
;1;9;34;2637
;1;2638
;1;2639;1495;453;12;454
;1;9;106;994
;1;22;1132
;1;9;34;2640
;1;4;2641
;1;31;2062
;1;9;2642
;1;9;2643
;1;9;2644
;1;9;17;1589
;1;103;2645
;1;451;1495;453;12;454
;1;9;2646
;1;2647
;1;49;2648
;1;2649
;1;70;2650
;1;15;92;11;12;632
;1;9;2651
;1;2652
;1;9;10;11;12;951
;1;9;65;2653
;1;70;2654
;1;2655
;1;9;253;11;12;624
;1;6;2656
;1;4;2657
;1;9;2658
;1;2659
;1;9;65;2194
;1;185;2660
;1;9;65;1636
;1;2;2661
;1;49;1519
;1;6;2662
;1;2663
;1;31;1201
;1;1494;2664;453;12;454
;1;2;2665
;1;15;2666
;1;2667
;1;9;17;18;11;12;663
;1;9;2668
;1;9;2669
;1;9;34;18;11;12;568
;1;9;2670
;1;140;867
;1;9;2671
;1;15;2550
;1;49;2401
;1;9;17;18;11;12;1827
;1;9;65;571
;1;9;762;11;12;1037
;1;31;2672
;1;2;2673
;1;9;65;2674
;1;9;106;18;11;12;674
;1;31;2675
;1;185;2676
;1;9;2677
;1;2;2678
;1;2679
;1;2;2680
;1;9;24;11;12;379
;1;6;2681
;1;9;2682
;1;9;24;11;12;914
;1;9;34;83;1648
;1;185;29
;1;22;2388
;1;49;2683
;1;31;868
;1;9;65;2684
;1;2685
;1;22;504
;1;9;1617
;1;9;65;2686
;1;9;2687
;1;9;762;11;12;533
;2688
;1;9;65;2689
;1;9;17;83;171
;1;9;2690
;1;2;2691
;1;9;2692
;1;9;10;11;12;970
;1;2;2693
;1;31;2694
;1;9;106;83;1253
;1;2;2695
;1;45;2696
;1;9;2697
;2698
;1;2;2699
;1;2;2700
;1;9;17;597
;1;2701
;1;9;2702
;1;15;2703
;1;9;2704
;1;9;65;2705
;1;2;2706
;1;15;92;11;12;746
;1;45;2707
;1;9;34;53;2708
;1;70;157
;1;70;2709
;1;9;2710
;1;9;65;2711
;1;826;2712
;1;2;2713
;1;9;668;11;12;764
;1;22;489
;1;2714
;1;49;2715
;2716
;1;6;2717
;1;9;106;2718
;1;9;106;53;838
;1;9;253;11;12;1868
;1;9;2719
;1;9;106;111;11;12;1056
;1;2720
;1;6;2721
;1;2722
;1;2723
;1;9;2724
;1;2;2725
;1;9;17;307
;1;70;2726
;1;9;17;1936
;1;2727
;1;185;2097
;1;1188;2285
;1;2;2728
;1;2729
;1;2730
;1;140;2731
;1;9;17;83;888
;1;9;34;18;11;12;1663
;1;185;2732
;1;9;2733
;1;70;2734
;1;2735
;1;9;17;111;11;12;663
;1;9;34;53;1898
;1;2;2736
;1;6;2737
;1;15;2738
;1;2;2739
;1;9;17;83;1165
;1;9;2740
;1;70;2741
;1;2;2742
;1;2;2743
;1;31;2744
;1;9;2745
;1;2746
;1;9;2747
;1;2748
;1;2749
;1;6;2750
;1;530;2751
;1;9;2752
;1;9;34;53;336
;1;9;65;2753
;1;6;2754
;1;2;2755
;1;15;2756
;1;2757
;1;9;2758
;1;581;2759
;1;9;65;2760
;1;2;2761
;1;2;2762
;1;2;2763
;1;2764
;1;2765
;1;9;17;83;589
;1;70;2766
;1;49;2767
;1;9;2768
;1;2769
;1;2770
;1;22;808
;1;67;2771
;1;1246;2772
;1;2;2773
;1;22;2774
;1;9;2775
;1;9;2776
;1;2777
;1;15;2778
;1;2779
;1;2;2780
;1;2;2781
;1;9;2782
;1;9;2783
;1;45;681;12;682;2784
;1;70;2785
;1;22;391
;1;49;2786
;1;9;106;1316
;1;9;65;2787
;1;2788
;1;15;2789
;1;9;142;11;12;1319
;1;9;34;689
;1;9;17;111;11;12;568
;1;9;65;2790
;1;9;668;11;12;1185
;1;15;1775
;1;9;2791
;1;2;2792
;1;9;2793
;1;2794
;1;2;2795
;1;2;2796
;1;15;2797
;1;9;34;18;11;12;1816
;1;9;106;18;11;12;1559
;1;2798
;1;9;2799
;1;2;2800
;1;9;65;1705
;1;9;17;2801
;1;1246;2672
;1;2802
;1;9;106;1994
;1;31;2803
;1;31;2804
;1;31;2805
;1;9;142;11;12;117
;1;6;2806
;1;4;2608
;1;2807
;1;6;2808
;1;9;24;11;12;91
;1;15;2246
;1;9;2809
;1;2;2810
;1;2;2811
;1;15;2812
;1;9;2813
;1;22;1566
;1;70;2814
;1;45;52
;1;2;2815
;1;2816
;1;2817
;1;9;34;83;2385
;1;6;2818
;1;22;2248
;1;22;2819
;1;140;409;2820
;1;49;2821
;1;4;2822
;1;70;2823
;1;2824
;1;2;2825
;1;15;2826
;1;9;2827
;1;2828
;1;2829
;1;6;2830
;1;1246;2831
;1;49;2832
;1;9;2833
;1;9;106;111;11;12;1723
;1;22;2834
;1;2;2835
;1;22;210
;1;22;2836
;1;9;17;53;1721
;1;2837
;1;2838
;1;2839
;1;9;34;18;11;12;706
;1;22;1708
;1;2;2840
;1;2;2841
;1;581;2842
;1;2843
;1;49;2844
;1;9;17;111;11;12;986
;1;9;34;18;11;12;2845
;1;31;2846
;1;15;367
;1;2847
;1;9;2848
;1;2849
;1;6;2850
;1;2;2851
;1;9;17;18;11;12;1559
;1;70;2852
;1;2;2853
;1;2;2854
;1;2855
;1;2856
;1;9;2857
;1;70;2858
;1;2;2859
;1;9;2860
;1;15;92;11;12;914
;1;70;2861
;1;15;2862
;1;9;2863
;1;9;2864
;1;2865
;1;15;2866
;1;31;2867
;1;9;34;83;77
;1;15;2868
;1;9;106;1356
;1;9;116;11;12;1171
;1;9;106;83;722
;1;2869
;1;15;2870
;1;9;116;11;12;359
;1;2871
;1;70;2872
;1;9;2873
;1;9;106;111;11;12;262
;1;9;65;2874
;1;2;2875
;1;45;2876
;1;2877
;1;22;2878
;1;9;2879
;1;2;2880
;1;1284;351
;1;15;90;11;12;914
;1;70;2881
;1;15;2882
;1;2883
;1;9;2884
;1;15;2885
;1;2;2886
;1;2887
;1;6;2888
;1;9;17;2889
;1;15;2890
;1;2;2891
;1;22;2892
;1;15;2893
;1;581;2894
;1;2895
;1;49;2896
;1;2;2897
;1;15;2898
;1;31;1121
;1;2899
;1;9;2900
;1;2901
;1;9;253;11;12;1360
;1;2902
;1;2903
;1;49;2904
;1;9;65;1337
;1;9;2905
;1;2;2906
;1;49;2907
;1;9;2908
;1;15;2909
;1;9;65;1438
;1;9;2910
;1;9;2911
;1;9;2912
;1;2913
;1;2;2914
;1;2;2915
;1;2;2916
;1;15;2917
;1;1284;29
;1;185;2918
;1;15;92;11;12;822
;1;52
;1;9;2919
;1;9;17;18;11;12;1123
;1;9;2920
;1;2921
;1;581;2922
;1;2923
;1;9;65;2924
;1;2925
;1;31;2926
;1;2927
;1;9;106;18;11;12;1220
;1;2928
;1;6;2929
;1;2;2930
;1;2931
;1;2932
;1;9;34;18;11;12;1113
;1;2933
;1;9;2934
;1;49;2390
;1;2;2935
;1;31;2936
;1;49;2937
;1;45;681;12;682;2938
;1;15;1034
;1;2;2939
;1;15;92;11;12;970
;1;15;2940
;1;49;1350
;1;22;2941
;1;9;106;18;11;12;578
;1;9;106;111;11;12;674
;1;2942
;1;9;762;11;12;91
;1;9;2943
;1;9;2944
;1;140;1913
;1;49;2945
;1;2946
;1;9;2947
;1;2;2948
;1;9;2949
;1;9;17;111;11;12;2232
;1;581;2950
;1;9;2951
;1;70;2952
;1;103;1890
;1;2;2953
;1;45;2954
;1;9;2955
;1;15;2956
;1;70;2957
;1;140;2132
;1;2;2958
;1;15;1862
;1;49;1917
;1;530;2959
;1;31;1794
;1;15;2960
;1;9;762;11;12;1327
;1;22;2961
;1;9;2962
;1;9;34;111;11;12;790
;1;2;2963
;1;103;2964
;1;581;2965
;1;9;2966
;1;581;2967
;1;9;2968
;1;2;2969
;1;31;2970
;1;9;2971
;1;31;2972
;1;9;65;1871
;1;9;106;111;11;12;1663
;1;9;34;18;11;12;674
;1;15;2973
;1;15;2974
;1;9;17;53;84
;1;9;78;2975
;1;31;1063
;1;49;371
;1;15;2976
;1;581;2977
;1;49;644
;1;581;2978
;1;9;34;53;1564
;1;2979
;1;70;2980
;1;22;2981
;1;49;2982
;1;2;2983
;1;355;89
;1;9;762;11;12;93
;1;15;2984
;1;9;65;2985
;1;2;2986
;1;9;34;83;352
;1;2;2987
;1;185;2988
;1;2989
;1;2990
;1;826;2991
;1;70;2992
;1;9;65;1752
;1;15;2993
;1;49;2994
;1;9;253;11;12;1037
;1;9;24;11;12;1171
;1;1188;1333
;1;9;78;2995
;1;70;2996
;1;4;2997
;1;15;2998
;1;581;2999
;1;22;182
;1;49;3000
;1;31;472
;1;581;3001
;1;31;413
;1;3002
;1;49;728
;1;9;3003
;1;9;65;2104
;1;31;3004
;1;3005
;1;70;3006
;1;49;3007
;1;6;3008
;1;9;3009
;1;49;3010
;1;9;668;11;12;746
;1;3011
;1;6;3012
;1;6;3013
;1;15;90;11;12;632
;1;22;1081
;1;3014
;1;9;3015
;1;9;78;3016
;1;9;378
;1;9;78;240;2403
;1;15;3017
;1;31;643
;1;9;142;11;12;93
;1;22;3018
;1;6;3019
;1;49;27
;1;185;3020
;1;9;3021
;1;70;2672
;1;49;3022
;1;9;106;53;179
;1;9;78;3023
;1;2;3024
;1;3025
;1;9;3026
;1;9;3027
;1;49;1416
;1;22;3028
;1;2;3029
;1;9;762;11;12;914
;1;9;34;111;11;12;674
;1;2;3030
;1;9;106;18;11;12;126
;1;185;3031
;1;9;17;111;11;12;698
;1;3032
;1;9;3033
;1;2;3034
;1;9;78;3035
;1;2;3036
;1;9;106;111;11;12;986
;1;22;3037
;1;2453
;1;15;3038
;1;45;681;12;682;683;1267
;1;185;3039
;1;9;34;18;11;12;986
;1;2;3040
;1;9;106;18;11;12;911
;1;9;3041
;1;9;65;3042
;1;67;3043
;1;15;3044
;1;9;34;111;11;12;724
;1;9;106;83;2348
;1;31;2844
;1;9;34;18;11;12;1220
;1;2;3045
;1;15;3046
;1;9;106;83;2385
;1;2;3047
;1;9;106;53;959
;1;49;1081
;1;9;24;11;12;263
;1;3048;452;453;12;454
;1;9;3049
;1;22;609
;1;2;3050
;1;9;3051
;1;67;3052
;1;70;3053
;1;6;3054
;1;9;78;3055
;1;31;193
;1;9;3056
;1;22;661
;1;2;3057
;1;2;3058
;1;9;17;2623
;1;9;3059
;1;9;3060
;1;15;3061
;1;22;3062
;1;70;3063
;1;6;3064
;1;3065
;1;9;17;111;11;12;263
;1;9;34;3066
;1;9;17;111;11;12;706
;1;15;3067
;1;49;3068
;3069
;1;9;17;18;11;12;271
;1;1188;1001
;1;3070
;1;9;3071
;1;9;65;3072
;1;49;3073
;1;88;555
;1;49;3074
;1;3075
;3076
;1;3077
;1;3078
;1;49;2150
;1;6;3079
;1;15;3080
;1;9;106;1249;457;12;2110
;1;9;78;3081
;1;70;3082
;1;3083
;1;9;3084
;1;31;2218
;1;9;3085
;1;3086
;1;3087
;1;67;3088
;1;15;3089
;1;9;762;11;12;970
;1;581;3090
;1;22;3091
;1;2;3092
;1;3093
;1;9;65;1411
;1;9;668;11;12;914
;1;9;3094
;1;2;3095
;1;9;106;18;11;12;1324
;1;9;34;83;2602
;1;9;3096
;1;2;3097
;1;9;3098
;1;3099
;1;22;3100
;1;9;17;18;11;12;953
;1;3101
;1;581;3102
;1;3103
;1;6;3104
;1;3105
;3106
;1;9;3107
;1;15;3108
;1;31;2591
;1;22;1121
;1;6;3109
;1;31;3110
;1;9;3111
;1;3112
;1;9;668;11;12;1868
;1;2;3113
;1;9;3114
;1;9;106;18;11;12;262
;1;15;3115
;1;9;34;83;2348
;1;3116
;1;2;3117
;1;49;204
;1;9;3118
;1;6;3119
;1;31;3120
;1;2;3121
;1;9;34;18;11;12;620
;1;9;17;3122
;1;3123
;1;2;3124
;1;9;17;3125
;1;9;166;11;12;112
;1;9;106;53;250
;1;185;3126
;1;31;3127
;1;3128
;1;9;3129
;1;49;3130
;1;31;3131
;1;6;3132
;1;15;3133
;1;2;3134
;1;9;17;18;11;12;2291
;1;70;3135
;1;45;1160
;1;31;157
;1;45;3136
;1;9;3137
;1;31;3138
;1;9;106;18;11;12;2146
;1;49;3139
;1;3140
;1;3141
;1;9;3142
;1;2;3143
;1;1188;2194
;1;2;3144
;1;9;3145
;1;9;17;2055
;1;15;3146
;1;31;3147
;1;9;3148
;1;3048;3149;453;12;454
;1;9;3150
;1;15;3151
;1;2;3152
;1;49;734
;1;2;3153
;1;9;106;1249;457;12;458
;1;9;65;427
;1;3154
;1;9;3155
;1;185;3156
;1;15;3157
;1;9;106;1249;457;12;900
;1;581;3158
;1;9;65;3159
;1;9;17;18;11;12;510
;1;22;1461
;1;9;762;11;12;254
;1;9;166;11;12;254
;1;9;3160
;1;9;34;18;11;12;402
;1;9;116;11;12;970
;1;67;3161
;3162
;1;31;3163
;1;15;3164
;1;70;3165
;1;31;2038
;1;6;3166
;1;49;3167
;1;2;3168
;1;9;116;11;12;914
;1;9;65;3169
;1;49;3170
;1;581;3171
;1;2;3172
;1;9;65;3173
;1;9;10;11;12;1327
;1;22;772
;1;15;969
;1;9;668;11;12;1220
;1;2;3174
;1;355;1523
;1;2;3175
;1;6;3176
;1;3177
;1;3178
;1;9;65;3179
;1;15;3180
;1;15;3181
;1;3182
;1;2;3183
;1;49;474
;1;49;1794
;1;49;3184
;1;6;3185
;1;9;65;3186
;1;67;3187
;1;2;3188
;1;49;2218
;3189
;1;2;3190
;1;45;867
;1;2;3191
;1;9;106;111;11;12;126
;1;2;3192
;1;140;2235;480
;1;2;3193
;1;9;34;53;3194
;1;3195
;1;9;106;18;11;12;313
;1;3196
;1;2;3197
;1;15;3155
;1;15;92;11;12;533
;1;2;3198
;1;9;3199
;1;9;3200
;1;15;3201
;1;3202
;1;2;3203
;1;9;65;3204
;3205
;1;22;3206
;1;49;687
;1;9;142;11;12;634
;1;9;106;3207
;1;9;3208
;1;49;1396
;1;15;3209
;1;9;34;83;1145
;1;9;3210
;1;2;3211
;1;1284;3212
;1;9;3213
;1;9;17;3066
;1;22;3214
;1;45;3215
;1;9;106;111;11;12;2146
;1;70;3216
;1;3217
;3218
;1;45;3219
;1;2;3220
;1;9;65;3221
;1;9;3222
;1;9;3223
;1;2;3224
;1;9;65;3225
;3226
;1;6;3227
;1;31;27
;1;3228
;1;9;65;3229
;1;103;1150
;1;70;3230
;1;9;65;3231
;1;2;3232
;3233
;1;9;3234
;1;9;253;11;12;359
;1;1188;29
;1;3235
;1;3236
;1;2;3237
;1;2;3238
;1;6;3239
;1;22;1350
;1;2;3240
;1;15;3241
;1;3242
;1;9;3243
;1;9;17;53;352
;1;9;3244
;1;22;3074
;1;15;2567
;1;15;3245
;1;2;3246
;1;581;193
;1;9;3247
;1;31;2475
;1;581;3248
;1;3249
;1;2;3250
;1;9;3251
;1;9;3252
;1;45;3253
;1;9;34;3254
;1;9;78;3255
;1;22;2803
;1;31;1614
;1;9;3256
;1;140;2235;89
;1;15;2112
;1;3257
;1;3258
;1;185;3259
;1;9;3260
;1;9;34;53;3261
;1;3262
;1;9;668;11;12;1037
;1;3263
;1;9;142;11;12;13
;1;15;2225
;1;9;34;111;11;12;431
;1;49;3264
;1;9;106;111;11;12;698
;1;2;3265
;1;3266
;1;9;3267
;1;530;3268
;1;9;106;53;2348
;1;9;106;742
;1;22;1863
;1;9;166;11;12;634
;1;9;24;11;12;1220
;1;9;17;83;1124
;1;15;3269
;1;9;106;3122
;1;2;3270
;1;2;3271
;1;15;90;11;12;764
;1;9;253;11;12;167
;1;9;3272
;1;9;3273
;1;1494;452;453;12;454
;1;15;2364
;1;15;3274
;1;49;3018
;1;581;3275
;1;2;3276
;1;49;1881
;1;2;3277
;1;6;3278
;1;9;3279
;1;9;17;111;11;12;1723
;1;9;65;3010
;1;15;744
;1;9;17;234
;1;3280
;1;3281
;1;2;3282
;1;9;3283
;1;49;3284
;1;1284;2258
;1;9;78;3285
;3286
;1;9;17;18;11;12;468
;1;88;3287
;1;9;3288
;1;2;3289
;1;1188;3290
;1;581;3291
;1;9;17;53;336
;1;9;3292
;1;1188;157
;1;2;3293
;1;15;3294
;1;9;65;3295
;1;140;409;3296
;1;9;17;53;1130
;1;9;17;2093
;1;15;3297
;1;45;3298
;1;9;3299
;1;15;3300
;1;9;106;53;949
;1;9;3301
;1;15;2943
;1;9;3302
;1;103;3303
;1;2;3304
;1;3305
;1;15;92;11;12;1185
;1;9;3306
;1;9;17;53;1124
;1;185;3307
;1;9;106;1215
;1;49;1477
;1;9;3308
;1;22;3309
;1;3310
;1;22;3311
;1;3312
;1;31;961
;1;9;3313
;1;2;3314
;1;2639;452;453;12;454
;1;15;90;11;12;822
;1;9;65;3315
;1;15;3316
;1;22;3317
;1;15;92;11;12;167
;1;9;3318
;1;581;3319
;1;2;3320
;1;9;106;153
;1;9;17;53;3321
;1;3322
;1;49;1925
;1;3323
;1;9;65;3214
;1;3324
;1;9;65;2326
;1;9;17;53;959
;1;3325
;1;15;3326
;1;15;3327
;1;31;3328
;1;3329
;1;2;3330
;1;6;3331
;1;9;65;3332
;1;49;178
;1;1246;327
;1;49;1825
;1;70;3333
;1;9;65;3334
;1;9;106;319
;1;2;3335
;1;6;3336
;1;185;3337
;1;3338
;1;9;34;111;11;12;1723
;1;9;3339
;3340
;1;581;3341
;1;6;3342
;1;9;3343
;1;9;106;53;872
;1;9;17;18;11;12;578
;1;185;3344
;1;9;78;240;1890
;1;15;3345
;1;9;34;53;134
;1;45;317
;1;9;34;83;3346
;1;2;3347
;1;9;65;3170
;1;3348
;1;31;3349
;1;9;65;3350
;1;9;3351
;1;45;681;12;682;3352
;1;6;3353
;1;9;3354
;1;3355
;1;9;34;111;11;12;1363
;1;15;3356
;1;3357
;1;2;3358
;1;15;3359
;1;9;65;3360
;1;9;762;11;12;1185
;1;9;34;83;336
;1;9;3361
;1;9;2973
;1;581;3362
;1;9;934
;1;31;3363
;1;3364
;1;2;3365
;1;45;3366
;1;22;3007
;1;9;34;672
;1;3367
;1;9;3368
;3369
;1;9;3370
;1;49;3371
;1;49;2286
;1;3372
;1;9;17;83;208
;3373
;1;3374
;1;45;681;12;682;3375;454
;1;31;3376
;1;1246;3377
;1;31;3378
;1;9;34;83;589
;1;49;3379
;1;9;3380
;1;2;3381
;1;9;106;111;11;12;206
;1;9;106;155
;1;9;65;2285
;1;9;65;2178
;1;15;3382
;1;3383
;1;15;1487
;1;9;65;3384
;1;22;162
;1;15;90;11;12;970
;1;2;3385
;1;3386
;1;70;3387
;1;9;34;111;11;12;370
;1;15;3388
;1;3389
;1;2;3390
;1;9;3391
;1;9;34;53;2037
;1;9;3392
;1;22;3393
;1;22;3394
;1;9;106;585
;1;15;92;11;12;91
;1;3395
;1;15;3396
;1;15;90;11;12;13
;1;15;1526
;1;3397
;1;49;2675
;1;9;65;3398
;1;3399
;1;9;17;83;134
;1;45;3400
;1;9;65;3401
;1;9;3402
;1;22;1452
;1;9;65;3403
;1;15;3404
;1;3405
;1;15;3406
;1;2;3407
;1;70;3408
;1;9;3409
;1;9;34;18;11;12;13
;1;15;3410
;1;49;295
;1;2;3411
;1;15;3412
;1;49;3413
;1;2;3414
;1;185;3415
;1;70;3416
;1;9;17;3417
;1;49;1422
;1;9;106;18;11;12;1723
;1;9;3418
;1;2;3419
;1;49;3309
;1;9;65;3420
;1;3421
;1;9;17;672
;1;9;3422
;1;9;17;1242
;1;49;980
;1;3423
;3424
;1;31;3425
;1;15;92;11;12;634
;1;9;3426
;1;15;3427
;1;9;106;111;11;12;1562
;1;3428
;1;22;2683
;1;67;3429
;1;9;3430
;1;2;3431
;1;49;2744
;1;2;3432
;1;22;3433
;1;31;3434
;1;2;3435
;1;581;3436
;1;9;106;18;11;12;2845
;1;9;2611
;1;2;3437
;1;15;3438
;1;9;78;3439
;1;9;10;11;12;254
;1;3440
;1;9;3441
;1;22;3442
;1;6;3443
;1;9;78;3444
;1;49;3445
;1;2;3446
;1;6;3447
;1;45;681;12;682;3448
;1;3449
;1;15;3450
;1;9;65;3451
;1;9;17;3452
;1;9;106;111;11;12;402
;1;3453
;1;3454
;1;3455
;1;3456
;1;9;106;3457
;1;9;3458
;1;31;131
;1;70;3459
;1;581;3460
;1;15;3461
;1;9;34;18;11;12;1324
;1;3462
;1;9;116;11;12;13
;1;3463
;1;2;3464
;1;45;3465
;1;9;3466
;1;2;3467
;1;2;3468
;1;22;3469
;1;9;24;11;12;359
;1;2;3470
;1;9;3471
;1;67;3472
;1;2;3473
;1;9;3474
;1;2;3475
;1;15;3476
;1;3477
;1;9;65;3478
;1;31;3479
;1;6;3480
;1;2;3481
;1;9;17;456;457;12;900
;1;49;504
;1;9;24;11;12;1319
;1;9;34;18;11;12;206
;1;9;106;83;171
;1;9;34;111;11;12;663
;1;9;3482
;1;3483
;1;9;65;3484
;1;3485
;1;2;3486
;1;9;3487
;1;9;3488
;1;2;3489
;1;9;464
;1;15;3490
;1;2;3491
;1;2;3492
;1;2;3493
;1;15;3494
;1;15;3495
;1;9;34;18;11;12;549
;1;1246;3496
;1;2;3497
;1;3498
;1;3499
;1;9;17;1994
;1;9;1376
;1;22;3500
;1;9;142;11;12;1185
;1;2;3501
;1;2;3502
;1;2;3503
;1;581;3504
;1;3505
;1;9;3506
;1;9;3507
;1;15;3508
;1;9;3509
;1;9;65;280
;1;9;65;3510
;1;9;253;11;12;970
;1;2;3511
;1;31;1498
;1;9;3512
;1;2;3513
;1;49;3514
;1;22;1396
;1;49;3515
;1;15;3516
;1;22;3517
;1;2;3518
;1;9;3519
;1;49;3520
;1;22;2994
;1;9;17;3521
;1;9;3522
;1;31;1519
;1;2;3523
;1;9;3524
;1;2;3525
;1;2;3526
;1;22;2030
;1;9;106;111;11;12;568
;1;6;3527
;1;31;1690
;1;3528
;1;2;3529
;1;9;106;83;77
;1;9;116;11;12;1510
;1;9;24;11;12;112
;1;3530
;1;2;3531
;1;6;3532
;1;2;3533
;1;9;3534
;1;9;3535
;1;6;3536
;1;15;3537
;1;3538
;1;9;34;1830
;1;15;3539
;1;9;65;3540
;1;31;3541
;1;2;3542
;1;9;17;18;11;12;706
;1;6;3543
;1;2;3544
;1;9;3545
;1;2;3546
;1;31;3547
;1;9;34;830
;1;9;3548
;1;3048;1495;453;12;454
;1;9;106;111;11;12;2232
;1;9;65;3549
;1;1284;1005
;1;15;3550
;1;9;106;53;566
;1;15;3402
;1;3551
;1;3552
;1;15;3553
;1;15;3554
;1;22;3264
;1;3555
;1;31;3515
;1;9;34;111;11;12;1113
;1;9;106;111;11;12;1559
;1;31;3556
;1;9;106;2093
;1;9;3557
;1;9;106;53;1130
;1;1246;413
;1;6;3558
;1;15;773
;1;6;3559
;1;70;1396
;1;31;3560
;1;2;3561
;1;9;34;18;11;12;578
;1;9;65;3562
;1;49;333
;1;22;3563
;1;6;3564
;1;826;3565
;1;22;1700
;1;45;3566
;1;45;3567
;1;9;3568
;1;9;3569
;1;2;3570
;1;49;131
;1;1246;3571
;1;2;3572
;1;31;3573
;1;3574
;1;6;3575
;1;3576
;1;185;3577
;1;9;34;83;1564
;1;15;90;11;12;379
;1;15;3578
;1;9;762;11;12;477
;1;6;3579
;1;15;3580
;1;6;3581
;1;2;3582
;1;9;106;53;1650
;1;3583
;1;9;253;11;12;1510
;1;2;3584
;1;9;3585
;1;2;3586
;1;2;3587
;1;15;3094
;1;9;3588
;1;49;3589
;1;45;3590
;1;45;3591
;1;9;3592
;1;9;253;11;12;929
;1;3593
;1;49;239
;1;9;3594
;1;6;3595
;1;530;3596
;1;15;3597
;1;9;65;3598
;1;9;78;3599
;1;9;17;2131
;1;49;1708
;1;2;3600
;1;9;65;3601
;1;49;1414
;1;9;3602
;1;140;409;2385
;1;2;3603
;1;9;3604
;1;598;3605
;1;2;3606
;3607
;1;9;3608
;1;2;3609
;1;2;3610
;1;9;3611
;1;9;34;53;2459
;1;451;2664;453;12;454
;1;3612
;1;9;106;18;11;12;620
;1;2;3613
;1;3614
;1;2;3615
;1;3616
;1;581;3617
;1;22;2744
;1;15;3618
;1;3619
;1;15;3620
;1;2;3621
;1;9;3622
;1;9;3623
;1;6;3624
;1;9;3625
;1;9;17;111;11;12;911
;1;9;3626
;1;9;3627
;1;9;106;111;11;12;19
;1;15;1426
;1;31;3628
;1;49;3629
;1;9;3630
;1;6;3631
;1;9;65;3632
;1;15;2863
;1;22;2455
;1;9;17;111;11;12;546
;1;185;2731
;1;9;3633
;1;22;3634
;1;2;3635
;1;9;668;11;12;822
;1;3636
;1;67;3637
;1;3638
;1;9;3639
;1;9;34;111;11;12;620
;1;9;106;83;838
;1;9;65;3640
;1;70;3641
;1;9;762;11;12;112
;1;9;762;11;12;256
;1;45;3642
;1;2;3643
;1;9;17;18;11;12;338
;1;49;2836
;1;49;3644
;1;9;3645
;1;9;34;53;505
;1;9;3646
;1;9;3647
;1;49;1886
;1;2;3648
;1;45;3649
;1;70;3650
;1;9;34;111;11;12;1184
;1;15;3651
;1;3652
;1;3653
;1;15;3654
;1;9;34;3452
;1;9;166;11;12;624
;1;9;166;11;12;1220
;1;3655
;1;2;3656
;1;15;3657
;1;3658
;1;2;3659
;1;9;3660
;1;9;253;11;12;117
;1;22;1957
;1;31;3571
;1;9;17;18;11;12;764
;1;31;2194
;1;3661
;1;49;3662
;1;31;401
;1;9;106;18;11;12;440
;1;9;106;83;3346
;1;31;3663
;1;15;3664
;1;9;65;3589
;1;49;1272
;1;9;65;3517
;1;15;3665
;1;3666
;1;185;2340
;1;15;3667
;1;2;3668
;1;185;3669
;1;9;3670
;1;3671
;1;2;3672
;1;9;3673
;1;3674
;1;31;3675
;1;3676
;1;2;3677
;1;67;3678
;1;31;797
;1;22;3679
;1;9;2529
;1;22;3680
;1;2;3681
;1;15;3682
;1;9;65;935
;1;3683
;1;9;3684
;1;9;17;3685
;1;9;34;1946
;1;9;65;3644
;1;9;34;83;1721
;1;22;3445
;1;31;3686
;1;3687
;1;9;253;11;12;1294
;1;2;3688
;1;49;3689
;1;9;34;53;949
;1;9;17;53;730
;1;9;3690
;1;3691
;1;15;3692
;1;9;34;111;11;12;3693
;1;3694
;1;3695
;1;9;3696
;1;9;3697
;1;9;668;11;12;634
;1;45;516
;1;9;17;83;250
;1;9;34;111;11;12;546
;1;31;3698
;1;3699
;1;2;3700
;1;9;3701
;1;9;17;111;11;12;306
;1;45;3702
;1;22;3515
;1;70;3703
;1;3704
;1;9;34;1088
;1;451;3149;453;12;454
;1;9;3705
;1;9;3706
;1;3707
;1;530;3708
;1;22;1606
;1;15;3709
;1;3710
;1;9;65;3711
;1;9;17;18;11;12;724
;1;9;65;3712
;1;2;3713
;1;9;17;111;11;12;1319
;1;22;3714
;1;9;3715
;1;9;3269
;1;9;824
;1;2;3716
;1;6;3717
;1;15;3718
;1;9;34;53;392
;1;9;3719
;1;22;727
;1;826;3720
;1;70;3721
;1;9;34;53;299
;1;6;3722
;1;2;3723
;1;3724
;1;9;3725
;1;6;3726
;1;3727
;1;22;2543
;1;9;78;3728
;1;581;3729
;1;22;2844
;1;9;65;3730
;1;9;106;111;11;12;2291
;1;22;3731
;1;9;668;11;12;951
;1;9;78;3732
;1;45;3733
;1;2;3734
;1;9;3735
;1;9;106;18;11;12;1184
;1;6;3736
;1;9;106;111;11;12;370
;1;9;106;111;11;12;1123
;1;6;3737
;1;2;3738
;1;31;3739
;1;530;3740
;1;15;3741
;1;15;3742
;1;9;3743
;1;3744
;1;9;65;3745
;1;9;843
;1;9;3746
;1;45;681;12;682;864;1267
;1;3747
;1;2;3748
;1;9;65;609
;1;49;3749
;1;9;3750
;1;9;17;111;11;12;764
;1;15;3751
;1;2;3752
;1;9;142;11;12;594
;1;2;3753
;1;9;17;18;11;12;698
;1;9;17;83;2257
;1;185;3754
;1;9;34;1959
;1;9;34;2347
;1;3755
;1;9;106;2640
;1;49;772
;1;9;34;111;11;12;764
;1;70;427
;1;9;3756
;1;49;2874
;1;9;668;11;12;477
;1;3757
;1;15;3758
;1;3759
;1;70;3760
;1;9;3761
;1;9;34;53;3762
;1;2;3763
;3764
;1;9;106;53;730
;1;140;409;3765
;1;15;3766
;1;22;3767
;1;15;3768
;1;6;3769
;1;49;2569
;1;9;106;18;11;12;2232
;1;9;65;3770
;1;3771
;1;70;3772
;1;9;34;111;11;12;440
;1;9;10;11;12;822
;1;9;78;2575
;1;9;34;1789
;1;9;3773
;1;9;3774
;1;9;3775
;1;1188;3163
;1;9;3776
;1;185;1278
;1;2;3777
;1;49;1931
;1;9;668;11;12;1294
;1;185;3778
;1;9;3779
;1;15;3780
;1;31;2390
;1;9;106;83;1564
;1;45;3781
;1;581;29
;1;49;3782
;1;3783
;1;3784
;1;9;106;2138
;1;9;3785
;1;15;3786
;1;22;2230
;1;15;3787
;1;9;3788
;1;3789
;1;70;3790
;1;45;3791
;1;70;3792
;3793
;1;4;3794
;1;3795
;1;9;65;3796
;1;9;34;53;2602
;1;9;142;11;12;1010
;1;9;10;11;12;634
;1;2;3797
;1;2;3798
;1;49;2080
;1;9;106;3799
;1;6;3800
;1;4;3801
;1;49;3802
;1;70;3803
;1;31;1866
;1;4;3804
;1;49;3805
;1;9;106;83;959
;1;49;3806
;1;9;3807
;1;22;3808
;1;2;3809
;1;9;65;3810
;1;3811
;1;2;3812
;1;67;3813
;1;2;3814
;1;3815
;1;9;116;11;12;1360
;1;9;17;53;648
;1;9;3816
;1;9;3817
;1;9;3818
;1;9;3819
;1;9;106;1607
;1;15;3820
;1;15;2758
;3821
;1;2;3822
;1;3823
;1;9;65;3824
;1;9;142;11;12;112
;1;49;3825
;1;9;65;614
;1;9;3826
;1;9;106;18;11;12;271
;1;598;1161
;1;9;34;1249;457;12;900
;1;3827
;1;31;3290
;1;9;34;83;558
;1;9;3828
;1;3829
;1;140;409;1145
;1;9;17;2347
;1;15;3830
;1;2;3831
;1;9;116;11;12;1327
;1;9;17;2718
;1;9;3115
;1;2;3832
;1;3833
;1;15;1164
;1;9;3834
;1;31;3835
;1;9;17;18;11;12;306
;1;9;3836
;1;581;3837
;1;9;116;11;12;112
;1;9;106;111;11;12;578
;1;2;3838
;1;2;3839
;1;9;106;111;11;12;1324
;1;15;3840
;1;9;3841
;1;9;3842
;1;3843
;1;9;3844
;1;9;3845
;1;9;34;2718
;1;3846
;1;15;92;11;12;359
;1;2;3847
;1;2;3848
;1;49;574
;1;3849
;1;103;89
;1;9;65;3850
;1;45;3851
;1;15;3852
;1;15;3853
;1;9;106;3854
;1;1645;3855;1647;12;454
;1;2;3856
;1;49;862
;1;2;3857
;1;9;3858
;1;9;2998
;1;6;3859
;1;3860
;1;9;3861
;1;70;3862
;1;31;993
;1;15;3863
;1;22;3782
;1;9;17;529
;1;15;3864
;1;2;3865
;1;9;106;111;11;12;3866
;1;826;3867
;1;9;3868
;1;9;3869
;1;9;17;1035
;1;45;3870
;1;9;3871
;1;31;295
;1;3872
;1;31;146
;1;3873
;1;31;3874
;1;1284;3875
;1;49;3517
;1;2;3876
;1;9;116;11;12;1185
;1;9;17;53;2348
;1;9;65;3877
;3878
;1;9;253;11;12;256
;1;2;3879
;1;9;3880
;1;9;3881
;1;9;253;11;12;424
;1;88;3882
;1;6;3883
;1;2;3884
;1;9;65;3885
;1;45;3886
;1;9;106;3254
;1;9;106;1818
;1;15;92;11;12;929
;1;9;3887
;1;4;3888
;1;9;17;18;11;12;370
;1;2;3889
;1;9;34;3799
;1;22;3890
;1;9;3891
;1;3892
;1;67;3893
;1;3894
;1;2;3895
;1;6;3896
;1;15;3897
;1;15;3898
;1;3899
;1;15;3900
;1;826;3901
;1;2;3902
;1;581;3903
;1;9;106;3904
;1;9;65;2307
;1;581;3905
;1;9;3906
;1;9;3907
;1;9;3908
;1;15;3909
;1;103;3910
;1;22;3802
;1;15;92;11;12;724
;1;15;3911
;1;9;3912
;1;15;3913
;1;49;1796
;1;22;3914
;1;9;3915
;1;2;3916
;1;530;3917
;1;9;65;3918
;1;9;65;3919
;1;4;554;480
;1;3920
;1;70;3921
;1;9;253;11;12;1327
;1;15;3922
;1;9;3923
;1;9;3924
;1;22;215
;1;9;106;837
;1;9;3461
;1;9;17;53;323
;1;6;3925
;1;9;17;53;589
;1;9;34;18;11;12;2146
;1;2;3926
;1;9;65;3927
;1;9;3928
;1;2;3929
;1;530;3930
;1;9;17;3931
;1;22;3662
;1;3932
;1;9;65;3933
;1;9;10;11;12;379
;1;2;3934
;1;2;3935
;1;45;3936
;1;2;3937
;1;31;1567
;1;9;3938
;1;45;681;12;682;3939
;1;9;3940
;1;2;3941
;1;581;3942
;1;2;3943
;1;2;3944
;1;185;3945
;1;2;3946
;1;15;3947
;1;9;3948
;1;15;3949
;1;530;3950
;1;9;65;3951
;1;9;253;11;12;822
;1;2;3952
;1;9;3953
;1;2;3954
;1;3955
;1;9;65;3956
;1;2;3957
;1;70;2285
;1;9;65;3958
;1;9;17;111;11;12;1663
;1;3959
;1;70;3960
;1;9;65;3961
;1;3962
;1;9;17;53;3963
;1;185;3964
;1;3965
;1;9;762;11;12;1171
;1;31;3966
;1;9;65;1592
;1;6;3967
;1;3968
;1;9;603
;1;9;3969
;1;3970
;1;31;3971
;1;9;3972
;1;31;1189
;1;9;3973
;1;3974
;1;140;2235;1161
;1;9;142;11;12;359
;1;9;17;3975
;1;3976
;1;2;3977
;1;49;3004
;1;22;3179
;1;2;3978
;1;31;3767
;1;3979
;1;2;3980
;1;9;17;3254
;1;9;668;11;12;1010
;1;45;3981
;1;9;34;111;11;12;953
;1;2;3982
;1;9;3983
;1;9;65;3984
;1;15;2109
;1;15;1307
;1;9;34;18;11;12;370
;1;22;1272
;1;3985
;1;49;2981
;1;9;3986
;1;9;78;3987
;1;49;1429
;1;70;3988
;1;67;3989
;1;9;17;83;1507
;1;15;3990
;1;15;3991
;1;9;65;1139
;1;103;3992
;1;9;3993
;1;2;3994
;1;3995
;1;9;65;941
;1;45;310
;1;9;106;83;54
;1;3996
;1;2;3997
;1;15;365
;1;9;106;83;179
;1;3998
;1;2;3999
;1;9;762;11;12;1319
;1;49;2230
;1;4000
;1;6;4001
;1;4002
;1;9;4003
;1;49;1214
;1;49;844
;1;4004
;1;4005
;1;49;4006
;1;22;1664
;1;22;738
;1;31;2543
;1;9;106;2637
;1;15;4007
;1;22;2461
;1;4008
;1;15;4009
;1;9;1853
;1;2;4010
;1;45;4011
;1;4012
;1;9;4013
;1;9;65;4014
;1;2;4015
;1;2;4016
;1;15;4017
;1;45;681;12;682;1266;1553
;1;49;4018
;1;31;862
;1;49;56
;1;45;4019
;1;22;734
;1;15;4020
;1;9;24;11;12;254
;1;9;17;3457
;1;9;106;4021
;1;826;4022
;1;2;4023
;1;598;241
;1;2;4024
;1;9;17;4025
;1;9;106;1589
;1;9;65;982
;1;9;17;1088
;1;4026
;1;45;4027
;1;49;4028
;1;4029
;1;2;4030
;1;4031
;1;31;4032
;1;45;4033
;1;9;17;83;299
;1;70;4034
;1;9;106;18;11;12;3693
;1;2;4035
;1;4036
;1;4037
;1;9;4038
;1;9;34;18;11;12;546
;1;49;57
;1;2;4039
;1;4040
;1;9;4041
;1;31;2398
;1;15;4042
;1;9;4043
;1;2;4044
;1;22;567
;1;15;4045
;1;22;3927
;1;2;4046
;1;2;4047
;1;9;4048
;1;9;78;1489
;1;6;4049
;1;2;4050
;1;15;4051
;1;9;17;111;11;12;1123
;1;6;4052
;1;22;3805
;1;9;24;11;12;1294
;1;31;4053
;4054
;1;4055
;1;2;4056
;1;9;4057
;1;31;4058
;1;22;2821
;1;9;34;53;323
;1;9;10;11;12;746
;1;70;4059
;1;15;2702
;1;9;106;4060
;1;9;17;18;11;12;1663
;1;9;34;18;11;12;1056
;4061
;1;9;65;4062
;1;9;65;4063
;1;15;4064
;1;9;4065
;1;15;4066
;1;4067
;1;15;4068
;1;355;3882
;1;49;1623
;1;6;4069
;1;9;4070
;1;4;554;89
;1;67;4071
;1;9;34;18;11;12;112
;1;31;4072
;1;4073
;1;4074
;1;4075
;1;9;65;4076
;1;9;65;4077
;1;31;4078
;1;70;4079
;1;4080
;1;9;4081
;1;103;811
;1;22;2786
;1;9;142;11;12;477
;1;9;4082
;1;22;2590
;1;2;4083
;1;70;4084
;1;2;4085
;1;45;681;12;682;864;1710
;1;49;4086
;1;2;4087
;1;2;4088
;1;9;4089
;1;4;554;3882
;1;1197
;1;9;142;11;12;1327
;1;2;4090
;1;2;4091
;1;9;4092
;1;9;4068
;1;15;4093
;1;9;4094
;1;2;4095
;1;22;4096
;1;70;4097
;1;9;17;18;11;12;3693
;1;9;106;18;11;12;338
;1;9;34;53;1183
;1;9;65;4098
;1;45;2132
;1;4099
;1;2;4100
;1;9;17;866
;1;9;106;18;11;12;568
;1;9;166;11;12;1010
;1;4101
;1;9;4102
;1;9;34;4103
;1;6;4104
;1;2;4105
;1;9;10;11;12;764
;1;9;17;111;11;12;510
;1;2;4106
;1;9;4107
;1;4108
;1;9;762;11;12;1010
;1;2;4109
;1;70;4110
;1;9;65;4111
;1;6;4112
;1;22;1509
;1;45;681;12;682;1266;4113
;1;31;1245
;1;6;4114
;1;49;1854
;1;15;2747
;1;9;4115
;1;31;2285
;1;2;4116
;1;31;1008
;1;49;3914
;1;9;34;319
;1;31;2836
;1;355;784
;1;2;4117
;1;355;3605
;1;15;90;11;12;254
;1;581;4118
;1;1284;2326
;1;9;4119
;1;9;4120
;1;15;1637
;1;45;4121
;1;2;4122
;1;9;4123
;1;31;4124
;1;49;3037
;1;45;4125
;1;581;4126
;1;581;4127
;1;9;4128
;1;4129
;1;9;17;83;838
;1;15;4130
;1;15;1136
;1;15;4131
;1;70;4132
;1;15;4133
;1;9;65;4134
;1;70;4135
;1;15;4136
;1;9;4137
;1;355;274
;1;4138
;1;9;24;11;12;1360
;1;581;4139
;1;9;4140
;1;4141
;4142
;1;9;17;18;11;12;546
;1;2;4143
;1;49;3767
;1;9;17;111;11;12;262
;1;2;4144
;1;9;65;4145
;1;15;4146
;1;2;4147
;1;4148
;1;9;1765
;1;581;4149
;1;6;4150
;1;22;4151
;1;4152
;1;67;4153
;1;9;4154
;1;4155
;1;15;92;11;12;1037
;1;88;1150
;1;4156
;1;15;4157
;1;15;4158
;1;31;4159
;1;4160
;1;9;34;1242
;1;9;106;53;321
;1;49;1567
;1;103;4161
;1;15;4162
;1;103;241
;1;2;4163
;1;2;4164
;1;31;2618
;1;2;4165
;1;9;65;1631
;1;9;65;4166
;1;15;4167
;1;581;4168
;1;9;4169
;1;4170
;1;9;4171
;1;9;106;2889
;1;2;4172
;1;49;4173
;1;4174
;1;9;4175
;1;9;65;823
;1;15;4176
;1;2;4177
;1;6;4178
;1;6;4179
;1;2;4180
;1;15;4181
;1;9;106;301
;1;9;24;11;12;1037
;1;9;34;53;171
;1;31;4182
;1;9;78;4183
;1;49;219
;1;15;4184
;1;9;65;4185
;1;31;3309
;1;2;4186
;1;9;4187
;1;31;3264
;1;9;106;221
;1;15;4188
;1;2;4189
;1;9;4190
;1;9;106;456;457;12;2110
;1;4191
;1;9;34;3904
;1;2;4192
;1;49;3434
;1;70;4193
;1;4194
;1;9;17;111;11;12;1113
;1;4195
;1;9;65;4196
;1;49;23
;1;9;17;3904
;1;2;4197
;1;9;4198
;1;15;92;11;12;624
;1;45;681;12;682;1266;1710
;1;9;863
;1;2;4199
;1;31;3028
;1;15;4200
;1;4201
;1;9;4202
;1;9;17;18;11;12;1816
;1;9;4203
;1;1545
;1;70;4204
;1;2;4205
;1;9;17;53;949
;1;31;4206
;1;9;106;83;505
;1;15;4207
;1;15;4208
;1;22;1600
;1;9;34;111;11;12;986
;1;9;4209
;1;22;4210
;1;9;34;4211
;1;9;4212
;1;9;4213
;1;9;34;111;11;12;698
;1;9;106;53;2385
;1;15;4214
;1;6;4215
;1;185;4216
;1;22;2533
;1;6;4217
;1;9;17;1571
;1;9;4218
;1;15;4219
;1;2;4220
;1;9;4221
;1;6;4222
;1;49;3120
;1;4223
;1;437;4224
;1;9;65;4225
;1;9;106;529
;1;103;356
;1;4226
;1;31;1781
;1;15;4227
;1;4228
;1;45;4229
;1;9;17;83;3346
;1;9;4230
;1;2;4231
;1;355;1161
;1;4232
;1;9;4233
;1;2;4234
;1;2;4235
;1;2;4236
;1;2;4237
;1;15;4238
;1;49;4239
;1;9;4240
;1;9;4241
;1;9;668;11;12;632
;1;15;90;11;12;1220
;1;2;4242
;1;15;4243
;1;49;4244
;1;4245
;1;9;17;83;505
;1;185;4246
;1;4247
;1;9;4248
;1;2;4249
;1;70;4250
;1;49;4251
;1;2;4252
;1;31;4253
;1;185;3875
;1;140;2235;3882
;1;2;4254
;1;9;17;153
;1;70;4255
;1;4256
;1;4257
;1;9;34;111;11;12;1319
;1;9;106;4103
;1;9;24;11;12;1327
;1;2;4258
;1;9;78;4259
;1;2;4260
;1;45;4261
;1;15;4262
;1;2;4263
;1;15;4264
;1;4265
;1;6;4266
;1;31;43
;1;88;1161
;4267
;1;4268
;1;45;681;12;682;4269
;1;4;4270;89
;1;6;4271
;1;9;253;11;12;379
;1;4272
;1;9;116;11;12;25
;1;6;4273
;1;9;65;4274
;1;4275
;1;2;4276
;1;15;4277
;1;2;4278
;1;15;4279
;1;9;10;11;12;93
;1;9;65;4280
;1;9;106;3685
;1;2;4281
;1;9;106;53;299
;1;70;4282
;1;2639;3149;453;12;454
;1;49;646
;1;9;4283
;1;22;2907
;1;9;4284
;1;4285
;1;581;4286
;1;70;4287
;1;9;4288
;1;9;4289
;1;9;253;11;12;533
;1;6;1005
;1;9;4290
;1;9;65;3563
;1;4;4291
;1;530;4292
;1;9;34;111;11;12;1663
;1;2;4293
;1;4294
;1;15;4295
;1;2;4296
;1;4297
;1;9;4298
;1;4299
;1;4300
;1;15;4301
;1;22;4302
;1;9;65;4303
;1;31;4304
;1;9;65;550
;1;9;4305
;4306
;1;31;1726
;1;9;4307
;1;4308
;1;4309
;1;310
;1;2;4310
;1;45;681;12;682;4311
;1;67;4312
;1;185;4313
;1;49;993
;1;9;4314
;1;15;4315
;1;15;4316
;1;9;65;4317
;1;15;4318
;1;9;17;83;1758
;1;22;1333
;1;4319
;1;2;4320
;1;2;4321
;1;9;17;111;11;12;674
;1;9;4322
;1;15;4323
;1;9;34;2889
;1;49;738
;1;9;106;83;2459
;1;15;4324
;1;15;4325
;1;9;65;1737
;1;49;2245
;1;70;4326
;1;9;4327
;1;4328
;1;9;142;11;12;624
;1;2;4329
;1;15;4330
;1;4331
;1;9;65;4332
;1;31;2774
;1;9;34;18;11;12;3693
;1;70;4333
;1;49;1484
;1;31;2388
;1;9;24;11;12;93
;1;9;65;4334
;1;31;1644
;1;15;4335
;1;9;4336
;1;2;4337
;1;31;2994
;1;9;17;18;11;12;13
;1;9;4338
;1;2;4339
;1;2;4340
;1;31;57
;1;9;17;83;949
;1;9;17;1818
;1;9;65;4341
;1;9;4342
;1;9;17;111;11;12;2291
;1;2;4343
;1;9;17;111;11;12;313
;1;49;43
;1;49;4344
;1;31;276
;1;581;4345
;1;9;106;83;1165
;1;4346
;1;4347
;1;9;4348
;1;9;10;11;12;533
;1;9;17;53;1391
;1;67;4349
;1;49;1608
;1;581;4350
;1;15;4351
;1;9;4352
;1;4353
;1;4354
;1;9;106;18;11;12;549
;1;9;106;18;11;12;510
;1;4355
;1;49;94
;1;9;65;4356
;1;9;4357
;1;49;4358
;1;2;4359
;1;15;4360
;1;15;4361
;1;45;4362
;1;6;2285
;1;581;4363
;1;31;4364
;1;15;4365
;1;2;4366
;1;9;34;83;4367
;1;9;4368
;1;70;4369
;1;9;4370
;1;15;4371
;1;2;4372
;1;15;4373
;1;2;4374
;1;15;1229
;1;4375
;1;15;4376
;1;2;4377
;1;15;4378
;1;2;4379
;1;70;4380
;1;9;4381
;1;4125
;1;2;4382
;1;9;17;1288
;1;15;4383
;1;2;4384
;1;22;2362
;1;45;4385
;1;2;4386
;1;185;4387
;1;31;4388
;1;9;34;456;457;12;2110
;1;6;4389
;1;4390
;1;45;681;12;682;1266;684
;1;9;106;866
;1;4391
;1;9;4392
;1;9;1229
;1;581;4393
;1;4394
;1;9;10;11;12;112
;1;70;1333
;1;4395
;1;9;4396
;1;45;4397
;1;9;106;18;11;12;1562
;1;9;668;11;12;379
;1;9;4398
;1;9;4399
;1;2;4400
;1;9;3692
;1;9;4401
;1;9;4402
;1;9;34;18;11;12;2291
;1;9;34;53;1145
;1;9;4403
;1;45;4404
;1;15;90;11;12;594
;1;4405
;1;9;4406
;1;9;4407
;1;9;106;83;120
;1;9;4408
;1;4409
;1;9;78;4410
;1;9;4411
;1;9;17;111;11;12;1816
;1;9;17;111;11;12;1184
;1;9;4412
;1;9;3758
;1;15;3908
;1;4413
;1;31;4414
;1;2;4415
;1;9;34;111;11;12;2232
;1;9;17;1249;457;12;458
;1;6;4416
;1;31;1293
;1;103;4417
;1;9;4418
;1;4419
;1;31;4420
;1;22;4421
;1;49;3442
;1;9;34;83;321
;1;9;106;53;171
;1;9;762;11;12;359
;1;31;4422
;1;9;17;111;11;12;3693
;1;2;4423
;1;6;4424
;1;31;3875
;1;9;4425
;1;9;34;83;353
;1;581;4426
;1;9;10;11;12;632
;1;70;4427
;1;15;92;11;12;594
;1;2;4428
;1;9;4429
;1;9;34;83;722
;1;49;733
;1;9;4430
;1;22;4431
;1;4432
;1;49;2455
;1;15;4433
;1;9;4434
;1;9;4435
;1;15;1060
;1;185;4436
;1;4437
;1;67;4438
;1;9;4439
;1;22;4440
;1;9;4441
;1;49;4442
;1;9;4443
;1;4;554;1523
;1;4444
;1;9;10;11;12;263
;1;70;4445
;1;4446
;1;9;892
;1;140;2306
;1;9;4447
;1;4448
;1;22;4449
;1;15;525
;1;9;10;11;12;1319
;1;22;2169
;1;9;34;53;589
;1;4450
;1;9;17;83;77
;1;9;4451
;1;15;4452
;1;22;339
;1;4453
;1;9;17;53;505
;1;49;3393
;1;2;4454
;1;4455
;1;2;4456
;1;2;4457
;1;67;4458
;1;31;4459
;1;2;4460
;1;70;4461
;1;9;78;4462
;1;4463
;1;4464
;1;15;4465
;1;4466
;1;22;444
;1;22;3010
;1;6;4467
;1;9;34;53;1648
;1;22;1614
;1;15;4468
;1;4469
;1;9;78;3791
;1;9;4470
;1;9;4471
;1;4472
;1;4473
;1;3048;2664;453;12;454
;1;9;762;11;12;624
;1;15;4474
;1;6;4475
;1;67;4476
;1;9;34;111;11;12;706
;1;9;106;175
;1;4477
;1;9;253;11;12;724
;1;4478
;1;15;4479
;1;15;92;11;12;764
;1;2;4480
;1;9;24;11;12;1868
;1;9;142;11;12;533
;1;9;4481
;1;22;1340
;1;2;4482
;1;9;166;11;12;1868
;1;4483
;1;2;4484
;1;9;17;3207
;1;15;4485
;1;6;4486
;1;4;4487
;1;9;65;4488
;1;1284;2285
;1;2;4489
;1;49;3469
;1;1494;3149;453;12;454
;1;15;4490
;1;15;4491
;1;2;4492
;4493
;1;9;17;221
;1;9;841
;1;45;3383
;1;9;65;4494
;1;4495
;1;1284;4496
;1;9;4497
;1;9;4498
;1;4499
;1;15;2791
;1;4;4500
;1;70;4501
;1;2;4502
;1;31;1606
;1;9;4503
;1;9;4504
;1;49;4505
;1;530;4506
;1;2;4507
;1;9;4508
;1;9;106;53;1165
;1;2;4509
;1;49;4510
;1;9;4511
;1;4512
;1;9;253;11;12;1319
;1;9;4513
;1;4514
;1;22;2286
;1;22;327
;1;9;4515
;1;437;4516
;1;598;2403
;1;9;65;4517
;1;2;4518
;1;2;4519
;1;9;4520
;1;2;4521
;1;2;4522
;1;9;4523
;1;9;4524
;1;6;4525
;1;70;4526
;1;9;4527
;1;22;2648
;1;2;4528
;1;2;4529
;1;4530
;1;4;4531
;1;9;65;4532
;1;2;4533
;1;31;2590
;1;2;4534
;1;9;17;83;2708
;1;4535
;1;9;116;11;12;632
;1;4536
;1;2;4537
;1;9;4538
;1;9;4539
;1;2;4540
;1;15;4541
;1;140;409;4542
;1;2;4543
;1;4544
;1;2;4545
;1;9;17;83;3321
;1;4546
;1;15;4547
;1;22;4548
;1;9;4549
;1;9;65;3689
;1;4550
;1;9;78;4551
;1;2;4552
;1;2;4553
;1;6;4554
;1;9;34;111;11;12;263
;1;581;4555
;1;9;4556
;1;9;4557
;1;4558
;1;9;78;4559
;1;67;4560
;1;9;65;4561
;1;9;106;111;11;12;313
;1;4;554;274
;1;6;4562
;1;22;1091
;1;9;34;18;11;12;1559
;1;2;4563
;1;22;4564
;1;9;65;4565
;1;6;4566
;1;2;4567
;1;9;142;11;12;1171
;1;9;106;2521
;1;4568
;1;9;4569
;1;9;4570
;1;4571
;1;49;4572
;1;15;2300
;1;15;4573
;1;530;4574
;1;9;65;4575
;1;9;34;53;888
;1;9;34;53;2348
;1;9;34;83;1507
;1;31;2465
;1;2;4576
;1;49;4577
;1;2;4578
;1;9;65;4579
;1;9;4580
;1;2;4581
;1;49;2774
;1;2;4582
;1;9;78;4583
;1;15;4584
;1;9;65;4585
;1;2;4586
;1;9;65;4587
;1;4588
;1;4589
;1;4590
;1;9;34;1475
;1;9;106;18;11;12;263
;1;9;4591
;1;9;4592
;1;15;4593
;1;9;3382
;1;6;4594
;1;9;1576
;1;9;65;4595
;1;9;106;53;353
;1;31;848
;1;9;762;11;12;263
;1;6;4596
;1;15;4597
;1;49;1436
;1;2;4598
;1;2;4599
;1;2;4600
;1;9;65;4078
;1;4601
;4602
;1;2;4603
;1;581;4604
;1;22;3806
;1;31;4605
;1;2;4606
;1;2;4607
;1;45;4608
;1;15;4609
;1;70;4610
;1;49;1700
;1;2;4611
;1;581;4612
;1;2;4613
;1;4614
;1;6;4615
;1;4616
;1;9;65;4617
;1;15;4618
;1;6;4619
;1;9;106;2801
;1;9;4620
;1;15;4621
;1;4622
;1;4623
;1;9;17;111;11;12;2146
;1;9;668;11;12;1510
;1;9;4624
;1;6;3791
;1;9;4625
;1;4626
;1;4627
;1;22;2772
;1;49;258
;1;49;3679
;1;2;4628
;1;49;2177
;1;4629
;1;9;65;4630
;1;4631
;1;9;4301
;1;9;34;111;11;12;1220
;1;4632
;1;9;34;53;558
;1;49;1054
;1;15;4633
;1;9;34;83;1391
;1;45;2660
;1;2;4634
;1;9;106;83;299
;1;70;4635
;1;581;4636
;1;2;4637
;1;4638
;1;9;24;11;12;533
;1;45;4639
;1;2;4640
;1;9;4641
;1;9;17;83;352
;1;9;65;627
;1;1284;2731
;1;49;1445
;1;9;65;4642
;1;9;17;83;1253
;1;581;4643
;4644
;4645
;1;15;4646
;1;15;4647
;1;31;4648
;1;2;4649
;1;6;4650
;1;9;106;1609
;1;2;4651
;1;15;4652
;1;15;4653
;1;4654
;1;4655
;1;2;4656
;1;15;4657
;1;9;4658
;1;15;4659
;1;4660
;1;4661
;1;49;1293
;1;45;4662
;1;4663
;1;2;4664
;1;2;4665
;1;9;65;3675
;1;9;4666
;1;581;4667
;1;4668
;1;9;166;11;12;117
;1;9;17;456;457;12;2110
;1;9;65;4669
;1;2;4670
;1;49;2672
;1;6;4671
;1;9;4672
;1;9;65;4673
;1;4674
;1;6;4675
;1;9;4676
;1;2;4677
;1;9;65;4678
;1;49;4679
;1;4680
;1;15;90;11;12;143
;1;9;4681
;1;2;4682
;1;2;4683
;1;70;4684
;1;6;4685
;1;2;4686
;1;4687
;1;22;961
;4688
;1;22;2208
;1;22;2344
;1;15;4689
;1;9;762;11;12;951
;1;9;34;18;11;12;1827
;1;2;4690
;1;9;762;11;12;929
;1;6;4691
;1;9;4692
;1;9;34;53;2108
;1;2;4693
;1;9;762;11;12;167
;1;9;65;2063
;1;2;4694
;1;9;4695
;1;9;17;111;11;12;338
;1;2;4696
;1;9;65;4697
;1;31;4698
;1;9;106;18;11;12;402
;1;15;4699
;1;9;78;240;3882
;1;45;4700
;1;9;10;11;12;1868
;1;581;4701
;1;9;34;3521
;1;2;4702
;1;9;65;4703
;1;4704
;1;49;1389
;1;31;266
;1;4705
;1;22;4706
;1;67;4707
;1;4708
;1;4709
;1;9;166;11;12;13
;1;4710
;1;9;106;3521
;1;9;17;2392
;1;15;4711
;1;4712
;1;2;4713
;1;4714
;1;49;544
;1;2;4715
;1;9;106;3452
;1;2;4716
;1;70;4717
;1;31;4718
;1;9;65;4719
;1;4720
;1;22;1269
;1;9;4721
;1;22;4722
;1;22;101
;1;9;106;83;696
;1;6;4723
;1;15;90;11;12;746
;1;9;17;111;11;12;19
;1;2;4724
;1;49;4725
;1;9;17;2640
;1;9;4726
;1;2;4727
;1;22;4728
;1;49;158
;1;6;4729
;1;15;4730
;1;9;4731
;1;88;1523
;1;15;407
;1;4732
;1;4733
;1;9;166;11;12;1171
;1;31;2832
;1;4734
;1;9;17;111;11;12;13
;1;4735
;1;6;4736
;1;9;106;83;321
;1;9;4737
;1;15;4738
;1;4739
;1;4740
;1;49;2772
;1;15;4741
;1;4742
;1;15;4743
;1;4744
;1;22;4745
;4746
;1;9;3156
;1;2;4747
;1;9;4748
;1;9;65;4749
;1;9;4750
;1;4751
;1;4752
;1;9;4753
;1;9;4754
;1;581;4755
;1;2;4756
;1;9;17;83;2081
;1;9;34;83;730
;1;15;4757
;1;4758
;1;4759
;1;4760
;1;15;90;11;12;1294
;1;140;4761
;1;9;17;1789
;1;22;4762
;1;31;4763
;1;9;4764
;1;9;17;2637
;1;9;17;155
;1;2;4765
;1;9;4766
;1;9;17;83;2108
;1;598;555
;1;9;65;4767
;1;45;681;12;682;683;4113
;1;15;4768
;1;9;34;111;11;12;1324
;1;49;4698
;1;22;3589
;1;9;116;11;12;624
;1;31;4769
;1;70;4770
;1;9;106;1910
;1;140;4771
;1;2;4772
;1;9;3201
;1;9;4773
;1;9;34;111;11;12;911
;1;4774
;1;22;4775
;1;9;17;1607
;1;9;4776
;1;9;4777
;1;9;34;4778
;1;2;4779
;1;4;554;356
;1;9;24;11;12;1010
;1;9;34;53;84
;1;9;17;18;11;12;2232
;1;9;106;83;2209
;1;4780
;1;9;34;3685
;1;9;4781
;1;2;4782
;1;4783
;1;4784
;1;9;2100
;1;9;17;53;872
;1;9;17;111;11;12;431
;1;15;4785
;1;9;65;4786
;1;15;4787
;1;22;4788
;1;4789
;1;2;4790
;1;15;92;11;12;256
;1;2;4791
;1;2;4792
;1;9;65;4793
;1;2;4794
;1;31;1433
;1;9;4795
;1;2;4796
;1;9;65;4797
;1;22;3541
;1;70;4798
;1;2;4799
;1;45;1199
;1;103;4800
;1;9;65;4801
;1;581;4802
;1;22;4239
;1;581;4803
;1;9;4804
;1;49;2892
;1;9;4805
;1;2;4806
;1;9;668;11;12;624
;1;9;106;18;11;12;485
;1;2;4807
;1;6;4808
;1;9;34;2521
;1;9;668;11;12;970
;1;2;4809
;4810
;1;9;4811
;1;9;10;11;12;1185
;1;9;24;11;12;1510
;1;2;4812
;1;9;65;4813
;1;45;4814
;1;9;4815
;1;2;4816
;1;9;34;53;648
;1;2;4817
;4818
;1;49;4819
;1;2;4820
;1;4821
;1;9;65;4822
;1;15;2203
;1;49;3541
;1;9;106;4778
;1;4823
;1;9;4824
;1;9;34;83;648
;1;2;4825
;1;598;1890
;1;9;65;4826
;1;2;4827
;1;9;4828
;1;2;4829
;1;9;762;11;12;117
;1;2;4830
;1;9;4831
;1;22;125
;1;31;844
;1;4832
;1;9;4833
;1;4834
;1;4835
;1;15;4836
;1;9;4837
;1;2;4838
;1;31;4839
;1;4840
;1;9;106;4841
;1;49;1452
;1;4842
;1;49;4843
;1;9;65;4844
;1;2;4845
;1;6;3290
;1;70;4846
;1;2;4847
;1;9;4848
;1;2;4849
;1;31;4850
;1;4851
;1;9;17;111;11;12;126
;1;45;4852
;1;9;34;83;84
;1;22;2569
;1;185;4853
;1;15;4854
;1;15;90;11;12;25
;1;9;78;4855
;1;15;4856
;1;15;4857
;1;6;4858
;1;9;106;111;11;12;271
;1;15;4859
;4860
;1;4861
;1;9;4862
;1;9;4863
;1;2;4864
;1;6;4865
;1;4;4866
;1;9;4867
;1;9;4868
;1;15;4869
;1;1188;339
;1;6;4870
;1;15;4871
;1;9;142;11;12;764
;1;22;4872
;1;4873
;1;6;4874
;1;9;106;3125
;1;9;166;11;12;764
;1;4875
;1;9;4876
;4877
;1;15;4878
;4879
;1;9;4880
;1;15;1849
;1;9;4881
;1;6;4882
;1;9;4883
;1;9;17;111;11;12;1220
;1;9;106;83;2108
;1;185;4884
;1;31;2981
;1;9;4885
;1;9;17;111;11;12;620
;1;2;4886
;1;9;34;18;11;12;1723
;1;9;4887
;1;4888
;1;2;4889
;1;4890
;1;9;4891
;1;15;4892
;1;185;218
;1;2;4893
;1;4;4894
;1;31;4895
;1;45;4896
;1;45;4897
;1;22;3163
;1;2;4898
;1;22;2398
;1;15;1697
;1;9;78;4899
;1;2;4900
;1;4901
;1;2;4902
;1;9;17;83;3762
;1;9;34;83;392
;1;70;4903
;1;103;1161
;1;9;65;4904
;1;9;4905
;1;70;4906
;1;15;4907
;1;31;4908
;1;9;116;11;12;256
;4909
;1;9;4910
;1;49;2961
;1;9;65;1599
;1;49;939
;1;22;4698
;1;49;4151
;1;2;4911
;1;45;4912
;1;49;3131
;1;9;4913
;1;31;182
;1;70;4914
;1;15;4915
;1;49;3163
;1;9;78;4916
;1;9;4917
;1;2;4918
;1;15;4919
;1;15;4920
;1;581;4921
;1;581;4922
;1;4923
;1;9;4924
;1;45;681;12;682;683;865
;1;9;34;111;11;12;3866
;1;2;4925
;1;4926
;1;581;4927
;1;2;4928
;1;15;4929
;1;9;65;4930
;1;49;4096
;1;1284;2438
;1;2;4931
;1;9;17;742
;1;185;4932
;1;2;4933
;1;15;4934
;1;6;4935
;1;31;162
;1;9;4936
;1;9;106;111;11;12;1113
;1;9;17;53;250
;1;2;4937
;1;22;4938
;1;9;4939
;1;15;4940
;1;9;4941
;1;22;3434
;1;9;4942
;1;4943
;1;9;17;83;985
;1;581;4944
;1;31;1590
;1;15;4945
;1;9;4946
;1;9;34;53;4947
;1;4948
;1;4949
;1;9;4950
;1;9;668;11;12;594
;1;9;17;53;1507
;1;9;34;169
;1;6;1633
;1;6;4951
;1;9;65;3074
;1;9;4952
;1;9;34;53;1096
;1;9;17;1093
;1;9;106;4025
;1;2;4953
;1;9;78;3383
;1;9;4954
;1;6;4955
;1;4956
;1;9;17;18;11;12;549
;1;9;24;11;12;970
;1;2;4957
;1;4958
;1;4959
;1;9;17;83;2602
;1;31;4960
;1;530;4961
;1;4962
;1;9;65;4963
;1;9;4964
;1;15;90;11;12;167
;1;9;17;53;4947
;1;4965
;1;31;782
;1;9;4966
;1;49;987
;1;4967
;1;22;4968
;1;9;17;18;11;12;790
;1;2;4969
;1;4970
;1;15;4971
;1;9;34;2138
;1;15;4972
;1;45;4973
;1;15;3861
;1;15;4974
;1;9;166;11;12;1327
;1;9;106;53;2108
;1;6;4975
;1;15;4910
;1;9;17;53;1648
;1;4976
;1;2;4977
;1;4978
;1;9;4979
;1;4980
;1;22;266
;1;2;4981
;1;9;4982
;1;581;4983
;1;45;681;12;4984
;1;49;4985
;1;88;4986
;1;22;3131
;1;2;4987
;1;70;3163
;1;4988
;1;9;34;111;11;12;1559
;1;49;502
;4989
;1;15;4990
;1;2;4991
;1;6;4992
;1;9;4993
;1;9;106;111;11;12;263
;1;140;892
;1;9;1897
;1;9;17;689
;1;4994
;1;185;4995
;1;2;4996
;1;4997
;1;22;4998
;1;9;17;18;11;12;986
;1;2;4999
;1;6;5000
;1;5001
;1;9;253;11;12;594
;1;15;5002
;1;103;3882
;1;5003
;1;9;34;83;1253
;1;185;1826
;1;2;5004
;1;5005
;1;2;5006
;1;9;5007
;1;9;253;11;12;1171
;1;4;5008
;1;9;24;11;12;746
;1;5009
;1;15;5010
;1;5011
;1;9;65;5012
;1;9;2454
;5013
;1;9;5014
;1;22;259
;1;31;2772
;1;581;5015
;1;9;5016
;1;6;5017
;1;5018
;1;45;5019
;1;5020
;1;9;78;5021
;1;9;17;4841
;1;5022
;1;9;106;18;11;12;13
;1;9;65;1420
;1;9;34;1571
;1;9;762;11;12;746
;1;15;3032
;1;31;4938
;1;22;1592
;1;15;5023
;1;9;5024
;1;31;5025
;1;49;792
;1;9;5026
;1;2;5027
;1;5028
;1;15;92;11;12;1171
;1;2;5029
;1;15;5030
;1;5031
;1;15;1015
;1;103;5032
;1;9;5033
;1;9;3820
;1;2;5034
;1;49;1949
;1;2;5035
;1;9;17;83;2385
;1;15;3906
;1;49;3927
;1;2;5036
;1;2;5037
;1;9;5038
;1;2;5039
;1;9;106;18;11;12;112
;1;9;34;53;1391
;1;2;5040
;1;45;4416
;1;9;166;11;12;951
;1;2;5041
;1;6;5042
;1;6;5043
;1;5044
;1;9;24;11;12;764
;1;9;78;5045
;1;9;5046
;1;70;5047
;1;31;2365
;1;9;78;240;3303
;1;4;3156
;1;2;5048
;1;5049
;1;9;34;53;208
;1;2;5050
;1;2;5051
;1;31;5052
;1;5053
;1;5054
;1;5055
;1;9;17;18;11;12;2146
;1;6;5056
;1;49;3890
;1;2;5057
;1;31;335
;1;5058
;1;185;892
;1;15;5059
;1;9;762;11;12;1510
;1;2;5060
;1;2;5061
;1;9;78;5062
;1;5063
;1;140;409;888
;1;22;5064
;1;185;5065
;1;15;5066
;1;15;1197
;1;5067
;1;22;1214
;1;9;5068
;1;31;2896
;1;45;5069
;1;9;5070
;1;2;5071
;1;5072
;1;31;1640
;1;5073
;1;9;5074
;1;9;65;5075
;1;581;5076
;1;9;5077
;1;9;166;11;12;143
;1;70;5078
;1;2;5079
;1;9;5080
;1;581;5081
;1;9;5082
;1;5083
;1;5084
;1;15;5085
;1;6;5086
;1;2;5087
;1;49;2497
;1;9;5088
;1;15;92;11;12;1868
;1;5089
;1;9;668;11;12;13
;1;2;5090
;1;5091
;1;49;61
;1;9;17;53;2037
;1;9;106;18;11;12;790
;1;9;668;11;12;263
;1;5092
;1;2;5093
;1;530;5094
;1;103;5095
;1;31;4239
;1;22;5096
;1;9;65;5097
;1;31;3679
;1;9;106;83;1067
;1;9;65;5098
;1;15;5099
;1;2;5100
;1;9;4045
;1;22;5101
;1;9;65;5102
;1;9;34;83;1165
;1;22;4420
;1;9;4711
;1;9;5103
;1;9;5104
;1;2;5105
;1;45;1017
;1;9;5106
;1;9;253;11;12;1220
;1;9;5107
;1;9;65;5108
;1;22;2675
;1;598;3882
;1;5109
;1;9;65;4895
;1;530;5110
;1;70;5111
;1;185;2608
;1;9;34;111;11;12;313
;1;15;5112
;1;9;5113
;1;15;5114
;1;45;5115
;1;22;905
;1;2;5116
;1;9;5117
;1;70;5118
;1;9;4066
;1;5119
;1;9;65;5120
;1;2;5121
;1;67;5122
;1;6;5123
;1;31;1858
;1;9;5124
;1;9;5125
;1;22;2582
;1;22;1948
;1;9;65;5126
;1;6;1189
;1;67;5127
;1;15;5128
;1;2;5129
;1;15;5130
;1;15;5131
;1;9;65;5132
;1;2;5133
;1;9;5134
;1;185;5135
;1;9;34;3125
;1;9;65;5136
;1;9;5137
;1;15;2427
;1;9;17;18;11;12;3866
;1;70;5138
;1;9;106;111;11;12;549
;1;9;166;11;12;93
;1;9;5139
;1;2;5140
;1;9;34;83;949
;1;5141
;1;49;1132
;1;9;4295
;1;2;5142
;1;5143
;1;9;166;11;12;424
;1;9;65;5144
;1;2;5145
;1;185;5146
;1;9;65;5147
;1;9;253;11;12;91
;1;2;5148
;1;530;5149
;1;49;5150
;1;9;5151
;1;9;5152
;1;9;5153
;1;49;1957
;1;9;5154
;1;22;4358
;1;31;1179
;1;5155
;1;9;106;53;1837
;1;9;668;11;12;1171
;1;9;5156
;1;9;17;111;11;12;1562
;1;581;5157
;1;4;2097
;1;70;5158
;1;9;5159
;1;6;5160
;1;9;5161
;1;2;5162
;1;22;2497
;1;9;5163
;1;2;5164
;1;31;5165
;1;45;5166
;1;31;5167
;1;49;5168
;1;5169
;1;9;34;994
;1;70;5170
;1;6;5171
;1;2;5172
;1;581;5173
;1;49;2803
;1;9;5174
;1;9;17;5175
;1;22;4086
;1;9;34;107
;1;9;65;2600
;1;9;5176
;1;2;5177
;1;9;106;18;11;12;1319
;1;2;5178
;1;140;2340
;1;5179
;1;9;5180
;1;185;317
;1;31;3007
;1;45;681;12;682;5181
;1;9;5182
;1;2;5183
;1;9;65;5184
;1;2639;2664;453;12;454
;1;31;23
;1;15;2233
;1;22;868
;1;5185
;1;4;5186
;1;9;5187
;1;5188
;1;9;2610
;1;9;166;11;12;914
;1;9;34;18;11;12;1562
;1;70;5189
;1;49;5190
;1;6;5191
;1;5192
;1;2;5193
;1;9;5194
;1;45;5195
;5196
;1;9;10;11;12;1510
;1;9;65;5197
;1;6;5198
;1;9;5199
;1;9;5200
;1;31;5201
;1;45;681;12;682;5202
;1;9;17;83;872
;1;9;17;83;120
;1;9;106;991
;1;31;3451
;1;9;106;18;11;12;159
;1;5203
;1;9;34;83;171
;1;2;5204
;1;530;5205
;1;2;5206
;1;9;142;11;12;914
;1;9;65;3571
;1;31;544
;1;70;5207
;1;5208
;1;6;5209
;1;9;5210
;1;45;681;12;682;864;684
;1;15;3630
;1;22;2063
;1;9;5211
;1;9;17;18;11;12;1220
;1;9;17;83;730
;1;70;5212
;1;5213
;1;5214
;1;9;106;83;1898
;1;2;5215
;1;9;668;11;12;112
;1;31;2648
;1;22;502
;1;9;5216
;1;70;5217
;1;2;5218
;1;5219
;1;5220
;1;9;65;5221
;1;9;5222
;1;2;5223
;1;9;34;83;3762
;1;378
;1;9;106;53;558
;1;5224
;1;9;65;5225
;1;2;5226
;1;5227
;1;9;17;456;457;12;458
;1;9;2017
;1;9;5228
;1;5229
;1;2;5230
;1;22;5231
;1;15;90;11;12;1171
;1;6;5232
;1;2;5233
;1;9;65;5234
;1;9;5235
;1;9;5236
;1;9;106;1035
;1;15;5237
;1;9;5238
;1;9;17;53;2385
;1;5239
;1;9;142;11;12;25
;1;6;5240
;1;9;17;53;558
;1;5241
;1;9;5242
;1;9;78;240;480
;1;9;78;52
;1;9;5243
;1;70;5244
;1;9;106;1936
;1;9;17;83;1130
;1;15;5245
;1;9;65;5246
;1;9;10;11;12;91
;1;70;5247
;1;22;2475
;1;5248
;1;70;5249
;1;5250
;1;2;5251
;1;5252
;1;2;5253
;1;9;5254
;1;5255
;1;31;3469
;1;31;1664
;1;5256
;1;9;5257
;1;9;106;83;589
;1;22;5258
;1;5259
;1;9;5260
;1;70;5261
;1;31;1445
;1;31;1091
;1;9;5262
;1;6;5263
;1;49;756
;1;2;5264
;1;9;166;11;12;91
;1;2;5265
;1;9;65;5266
;1;22;1720
;1;9;17;18;11;12;2845
;1;5267
;1;9;5268
;1;9;65;5269
;1;6;5270
;1;22;2465
;1;5271
;1;9;5272
;1;2;5273
;1;5274
;1;5275
;1;15;5276
;1;9;5277
;1;9;34;111;11;12;1056
;1;5278
;1;5279
;1;9;668;11;12;1319
;1;2;5280
;1;9;78;5281
;1;9;5282
;1;49;4159
;1;9;17;720
;1;70;5283
;1;22;5284
;1;9;34;111;11;12;468
;1;5285
;1;5286
;1;9;5287
;1;45;5288
;1;9;106;111;11;12;3693
;1;31;5289
;1;9;5290
;1;9;253;11;12;632
;1;6;5291
;1;2;5292
;1;9;65;5293
;1;9;17;1249;457;12;900
;1;9;106;4211
;1;6;5294
;1;5295
;1;9;34;4841
;1;9;5296
;1;31;2177
;1;2;5297
;1;9;10;11;12;1360
;1;2;5298
;1;70;5299
;1;15;3409
;1;5300
;1;185;5301
;1;6;5302
;1;9;78;317
;1;5303
;1;9;5304
;1;5305
;1;9;106;18;11;12;953
;1;9;142;11;12;254
;1;2;5306
;1;22;1477
;1;15;5307
;1;103;4986
;1;70;5308
;1;5309
;1;2;5310
;1;15;5311
;1;9;5312
;1;9;17;111;11;12;3866
;1;9;106;83;2081
;1;49;5313
;1;9;65;5314
;1;2;5315
;1;9;5316
;1;6;5317
;1;22;5318
;1;9;17;421
;1;2;5319
;1;9;5320
;1;9;5321
;1;9;17;3799
;1;9;5322
;1;22;37
;1;140;5323
;1;88;5324
;1;185;5325
;1;5326
;1;2;5327
;1;9;762;11;12;379
;1;70;5328
;1;9;24;11;12;724
;1;9;5329
;1;88;356
;1;67;1199
;1;2;5330
;1;22;5331
;1;15;5332
;1;9;106;83;1145
;1;6;5333
;1;9;65;5334
;1;22;5335
;1;9;253;11;12;951
;1;15;90;11;12;117
;1;9;5336
;1;22;5337
;1;9;34;18;11;12;3866
;1;9;4162
;1;15;5338
;1;49;2985
;1;9;65;5339
;1;5340
;1;2;5341
;1;15;5342
;1;45;5343
;1;9;17;4103
;1;2;5344
;1;15;5345
;1;70;5346
;1;9;34;53;566
;1;2;5347
;1;9;65;1828
;1;2;5348
;1;9;5349
;1;70;5350
;1;5351
;1;15;92;11;12;424
;1;5352
;1;9;5353
;1;22;5354
;1;6;5355
;1;9;65;5356
;1;5357
;1;45;5358
;1;9;65;5359
;1;9;17;53;2602
;1;49;5096
;1;581;5360
;1;9;34;111;11;12;2845
;1;581;5361
;1;9;717
;1;22;5362
;1;5363
;1;9;5364
;1;5365
;1;2;5366
;1;49;489
;1;2;5367
;1;1284;141
;1;70;728
;1;2;5368
;1;9;65;5369
;1;5370
;1;22;943
;1;22;3110
;1;9;65;5371
;1;31;5372
;1;49;5184
;1;5373
;1;45;5374
;1;581;5375
;1;9;34;53;1507
;1;6;5376
;1;9;5377
;1;2;5378
;1;31;5379
;1;15;90;11;12;634
;1;9;5380
;1;6;5381
;1;49;5382
;1;9;34;111;11;12;1562
;1;9;5383
;1;5384
;1;31;5385
;1;9;106;83;1650
;1;9;65;3022
;1;9;106;197
;1;9;5386
;1;103;5387
;1;9;34;53;1650
;1;140;2235;784
;1;5388
;1;6;5389
;1;9;5390
;1;9;5391
;1;9;5392
;1;70;5393
;1;9;17;53;612
;1;9;5394
;5395
;1;2;5396
;1;9;34;83;250
;1;9;5397
;1;5398
;1;9;34;83;838
;1;9;5399
;1;9;5400
;1;9;34;3207
;1;9;65;5401
;1;5402
;1;9;17;53;696
;1;9;17;53;1145
;1;31;644
;1;9;5403
;1;9;65;5404
;1;22;5405
;1;5406
;5407
;1;2;5408
;1;9;106;83;208
;1;9;5409
;1;9;34;18;11;12;19
;1;9;65;5410
;1;598;89
;1;6;5411
;1;15;5412
;1;49;1428
;1;49;5413
;5414
;1;9;17;4211
;1;9;106;18;11;12;764
;1;9;17;53;120
;1;2;5415
;1;9;65;5416
;1;5417
;1;70;5418
;1;15;90;11;12;1185
;1;22;276
;1;70;5419
;1;45;4761
;1;9;166;11;12;929
;1;31;5420
;1;581;5421
;1;9;65;2625
;1;15;92;11;12;1360
;1;5422
;1;15;90;11;12;93
;1;9;34;18;11;12;510
;1;9;5423
;1;31;5424
;1;6;5425
;1;9;5426
;1;9;116;11;12;143
;1;5427
;5428
;1;9;106;53;505
;1;9;5429
;1;2;5430
;1;9;5431
;1;5432
;1;49;210
;5433
;1;31;5434
;1;5435
;1;9;5436
;1;5437
;1;9;5438
;1;5439
;1;5440
;1;15;92;11;12;379
;1;2;5441
;1;5442
;1;15;5443
;1;9;116;11;12;822
;1;9;5444
;1;2;5445
;1;15;5446
;1;9;17;4778
;1;15;5447
;1;9;34;111;11;12;206
;1;9;5448
;1;9;34;111;11;12;159
;1;15;5449
;1;530;5450
;1;5451
;1;22;5452
;1;9;142;11;12;1037
;1;5453
;1;5454
;1;15;5455
;1;31;1517
;1;5456
;1;9;166;11;12;724
;1;49;2128
;1;45;5457
;1;9;5458
;1;5459
;1;31;3782
;1;5460
;1;5461
;1;185;5462
;1;70;5463
;1;2;5464
;1;9;5465
;1;9;10;11;12;724
;1;9;17;111;11;12;1363
;1;9;5466
;1;9;5467
;1;15;5468
;1;2;5469
;1;9;668;11;12;724
;1;22;4159
;1;31;5470
;1;6;5471
;1;70;5472
;1;9;5473
;1;2;5474
;1;5475
;1;185;5476
;1;9;78;5477
;1;9;17;5478
;1;185;5479
;1;22;2896
;1;9;5480
;1;2;5481
;1;2;5482
;1;9;116;11;12;951
;1;5483
;1;15;90;11;12;951
;1;49;113
;1;45;5484
;1;9;34;83;2108
;1;31;1608
;1;9;34;111;11;12;1827
;1;9;34;111;11;12;13
;1;49;2365
;1;15;5485
;1;2;5486
;1;9;5487
;1;31;5488
;1;9;65;5489
;1;2;5490
;1;9;34;53;120
;1;70;5491
;1;9;5492
;1;5493
;1;2;5494
;1;5495
;1;9;34;1249;457;12;2110
;1;9;34;1356
;1;9;65;5496
;1;9;65;5497
;1;5498
;1;2;5499
;1;9;17;83;321
;1;9;106;53;1391
;1;5500
;1;49;401
;1;9;5501
;1;9;65;5502
;1;2;5503
;1;5504
;1;15;1334
;1;45;5505
;1;9;24;11;12;929
;1;9;106;83;1391
;5506
;1;9;5507
;1;9;34;1870
;1;9;17;111;11;12;1324
;1;9;5508
;1;5509
;1;1284;1420
;1;4;5510
;1;5511
;1;9;78;5512
;1;5513
;1;5514
;1;9;106;18;11;12;1123
;1;2;5515
;1;2;5516
;1;9;106;18;11;12;3866
;1;31;574
;1;9;34;53;321
;1;9;10;11;12;929
;1;598;784
;1;15;1135
;1;2;5517
;1;9;34;18;11;12;790
;1;15;90;11;12;1868
;1;22;3139
;1;5518
;1;5519
;1;49;4763
;1;15;5520
;1;5521
;1;9;106;18;11;12;1363
;1;15;5522
;1;9;5523
;1;9;5524
;1;49;1498
;1;9;34;111;11;12;126
;1;9;34;2392
;1;9;5525
;1;9;5526
;1;5527
;1;2;5528
;1;9;5529
;1;22;1279
;1;49;1814
;1;9;106;111;11;12;159
;1;9;78;5530
;1;9;65;5531
;1;9;17;111;11;12;2845
;1;9;5532
;1;5533
;1;2;5534
;1;581;1005
;1;9;65;5535
;1;5536
;1;5537
;1;9;5538
;1;49;3680
;1;31;2400
;1;2;5539
;1;9;106;83;2602
;1;2;5540
;1;49;1458
;1;9;253;11;12;1185
;1;15;5541
;1;22;2672
;1;70;2218
;1;9;106;3066
;1;2;5542
;1;70;5543
;1;2;5544
;1;9;116;11;12;93
;1;70;5545
;1;9;65;1962
;1;31;4096
;1;15;3756
;1;2;5546
;1;9;5547
;1;2;5548
;1;9;65;5549
;1;45;681;12;682;5550
;1;9;65;5551
;1;9;65;29
;1;6;5552
;1;49;1534
;1;6;785
;1;9;5553
;1;2;5554
;1;2;5555
;1;15;5556
;1;9;5557
;1;5558
;5559
;1;70;5560
;1;9;106;83;2170
;1;22;2128
;1;2;5561
;1;2;5562
;1;185;5563
;1;15;5564
;1;1188;2672
;1;22;4572
;1;9;762;11;12;424
;1;2;5565
;1;9;5566
;1;9;17;53;54
;1;5567
;1;9;106;2623
;1;22;1931
;1;5568
;1;185;5569
;1;2;5570
;1;9;5571
;1;6;5572
;1;5573
;1;22;5574
;1;9;106;83;2257
;1;1246;5575
;1;9;5576
;1;15;5577
;1;2;5578
;1;3791
;1;31;5579
;1;6;5580
;1;9;34;111;11;12;2291
;1;22;5581
;1;9;17;111;11;12;1056
;1;5582
;1;9;65;5583
;1;9;34;2801
;1;2;5584
;1;22;3712
;1;9;5585
;1;9;34;53;722
;1;6;5586
;1;9;5587
;1;9;5588
;1;2;5589
;1;736
;1;9;78;5590
;1;9;5591
;1;9;17;111;11;12;112
;1;5592
;1;9;116;11;12;594
;1;22;1891
;1;70;5593
;1;9;106;18;11;12;1827
;1;9;106;111;11;12;2845
;1;22;4763
;1;9;5594
;1;9;5595
;1;2;5596
;1;530;5597
;1;581;5598
;1;9;5599
;1;5600
;1;49;3091
;1;9;78;5601
;1;67;5602
;1;22;1866
;1;22;5603
;1;15;5604
;5605
;1;5606
;1;9;24;11;12;167
;1;265
;1;5607
;1;49;2417
;1;2;5608
;1;4;554;3303
;1;9;65;5609
;1;9;106;53;2037
;1;31;5610
;1;5611
;1;22;1179
;1;6;5612
;1;581;5613
;1;31;2419
;1;88;1890
;1;581;5614
;1;9;65;5615
;1;2;5616
;1;15;5617
;1;2;5618
;1;2;5619
;1;9;5620
;1;5621
;1;15;415
;1;9;78;5622
;1;9;253;11;12;1010
;1;31;2683
;1;5623
;1;185;5624
;1;9;5625
;5626
;1;15;5627
;1;581;5628
;1;9;142;11;12;256
;1;9;5629
;1;9;5630
;1;2;5631
;1;49;5632
;1;185;193
;1;5633
;5634
;5635
;5636
;5637
;5638
;5639
;5640
;5641
;5642
;5643
;5644
;5645
;5646
;5647
;5648
;5649
;5650
;5651
;5652
;5653
;5654
;5655
;5656
;5657
;5658
;5659
;5660
;5661
;5662
;5663
;5664
;5665
;5666
;5667
;5668
;5669
;5670
;5671
;5672
;5673
;5674
;5675
;5676
;5677
;5678
;5679
;5680
;5681
