;1;2;3;4;5
;1;2;3;6
;1;2;3;7;8
;1;2;3;9;10
;1;2;3;11;12
;1;2;3;13
;14
;1;2;3;15;16;17
;1;2;3;18
;1;2;3;19
;1;2;3;20;21
;1;2;3;22;10
;1;2;3;7;23
;1;2;3;4;24
;1;2;3;25;26
;1;2;27;28
;1;2;3;29
;1;2;3;30;31
;1;2;3;32
;1;2;3;4;8
;1;2;33;34
;1;2;3;35;16;36
;1;2;3;30;37
;1;2;3;20;38
;1;2;3;39;40
;1;2;3;41;42
;1;2;3;43
;1;2;3;44;8
;1;2;3;45
;46
;1;2;27;47
;1;2;3;48;16;49
;1;2;3;50;51
;1;2;3;52
;1;2;3;53;26
;1;2;3;54;16;55
;1;2;3;56
;1;2;3;57;58
;1;2;3;59;26
;1;2;3;60;58
;1;2;3;61
;1;2;3;30;62
;1;2;3;4;63
;1;2;3;64
;1;2;3;25;63
;1;2;3;65
;1;2;3;66;26
;1;2;3;67
;1;2;3;68;69
;1;2;3;70;31
;1;2;3;71;58
;1;2;3;44;72
;1;2;3;73;74
;75
;1;2;3;76
;1;2;3;4;77
;1;2;3;78
;1;2;3;59;79
;1;2;3;68;31
;1;2;3;54;16;80
;1;2;3;30;81
;1;2;3;82
;1;2;3;59;83
;1;2;3;84
;1;2;3;85
;1;2;3;35;16;86
;1;2;3;87
;1;2;3;88
;1;2;3;89;38
;1;2;3;90
;1;2;3;70;91
;1;2;3;35;16;92
;1;2;3;57;79
;1;2;3;93
;1;2;3;94;8
;1;2;3;95
;1;2;3;96;97
;1;2;3;98
;1;2;3;99;83
;1;2;3;100
;1;2;27;101
;1;2;3;68;42
;1;2;3;102;83
;1;2;3;103;74
;1;2;3;68;26
;1;2;3;104
;1;2;3;105
;1;2;3;106
;1;2;3;11;83
;1;2;3;41;107
;1;2;3;108
;1;2;3;109
;1;2;3;110
;1;2;3;111
;1;2;3;103;23
;1;2;3;103;5
;1;2;3;112
;1;2;3;4;31
;1;2;3;113
;1;2;3;70;79
;1;2;3;114
;1;2;3;115;37
;1;2;3;30;10
;1;2;3;68;81
;1;2;3;116
;1;2;3;117
;118
;1;2;27;119
;1;2;3;120
;1;2;3;25;121
;1;2;3;122
;1;2;3;123
;1;2;3;9;63
;1;2;3;124;31
;1;2;3;125
;1;2;3;53;63
;1;2;3;126;127
;1;2;3;30;26
;1;2;3;35;16;128
;1;2;3;96;129
;1;2;3;59;130
;1;2;3;126;83
;1;2;3;131
;1;2;3;132
;1;2;3;133;134
;1;2;3;135;136
;1;2;3;137
;1;2;3;41;8
;1;2;3;50;42
;1;2;3;138;16;139
;1;2;3;99;24
;1;2;3;140
;1;2;3;141
;1;2;3;50;134
;1;2;3;142;143
;1;2;3;39;144
;1;2;3;145;10
;1;2;3;146
;1;2;3;147;143
;1;2;3;148
;1;2;3;57;83
;1;2;3;102;63
;1;2;3;89;31
;1;2;3;126;37
;1;2;3;7;10
;1;2;3;149
;150
;1;2;3;151
;1;2;3;152
;153
;1;2;3;59;58
;1;2;3;70;63
;1;2;3;11;38
;1;2;3;154
;1;2;3;155
;1;2;3;48;16;139
;1;2;3;145;72
;1;2;3;48;16;86
;1;2;3;20;121
;1;2;3;70;156
;1;2;3;157;83
;1;2;27;158
;1;2;3;159
;1;2;3;68;127
;1;2;3;54;16;36
;1;2;3;160
;1;2;3;161
;1;2;3;89;79
;1;2;3;94;21
;1;2;27;162
;1;2;3;48;16;92
;1;2;3;59;51
;1;2;3;44;63
;1;2;3;163
;1;2;3;164
;1;2;3;165;16;166
;1;2;3;167
;1;2;27;168
;1;2;3;169
;1;2;3;170
;1;2;3;59;42
;1;2;3;171
;1;2;3;99;107
;1;2;3;147;21
;1;2;3;157;74
;1;2;3;138;16;92
;1;2;3;172;16;49
;1;2;3;173;42
;1;2;3;54;16;174
;1;2;3;175
;1;2;3;176;129
;1;2;3;145;21
;1;2;3;177
;1;2;3;59;156
;1;2;3;135;143
;1;2;3;178
;1;2;3;22;8
;1;2;3;124;83
;1;2;3;179;16;180
;1;2;3;179;16;86
;1;2;3;66;181
;1;2;3;70;77
;182
;1;2;3;183
;1;2;3;35;16;49
;1;2;3;126;62
;1;2;3;176;107
;1;2;3;22;58
;1;2;3;184
;1;2;3;147;51
;1;2;3;25;181
;1;2;3;142;72
;1;2;3;147;97
;1;2;3;126;23
;1;2;27;185
;1;2;3;99;31
;1;2;3;186
;1;2;3;124;58
;1;2;3;187
;1;2;3;96;12
;1;2;3;115;69
;1;2;3;54;16;188
;1;2;3;147;107
;1;2;3;54;16;189
;1;2;3;102;42
;1;2;3;103;37
;1;2;3;30;143
;1;2;3;50;83
;1;2;3;176;58
;1;2;3;190
;1;2;3;191
;1;2;3;192
;1;2;3;60;81
;1;2;3;133;136
;1;2;3;22;42
;1;2;3;193
;1;2;3;9;42
;1;2;3;50;31
;1;2;3;9;24
;1;2;3;59;181
;1;2;3;194
;1;2;3;135;91
;1;2;3;173;83
;1;2;3;195
;1;2;3;11;37
;1;2;3;196
;1;2;3;50;37
;1;2;3;41;74
;1;2;27;197
;1;2;3;70;58
;1;2;3;198
;1;2;3;41;69
;1;2;3;68;156
;1;2;3;25;62
;1;2;3;135;77
;1;2;3;199
;1;2;3;142;81
;1;2;3;200
;1;2;3;39;201
;1;2;3;202
;1;2;3;203
;1;2;3;30;12
;1;2;3;204
;1;2;3;205
;1;2;3;102;51
;1;2;3;206
;1;2;3;135;83
;1;2;3;207
;1;2;3;66;156
;1;2;3;102;26
;1;2;3;208
;1;2;3;209
;1;2;3;210
;1;2;3;211
;1;2;3;11;212
;1;2;3;4;107
;1;2;3;213
;1;2;3;214
;1;2;3;102;8
;1;2;3;54;16;215
;1;2;3;216
;1;2;3;172;16;128
;1;2;3;11;107
;1;2;3;66;42
;1;2;3;217
;1;2;3;41;81
;1;2;3;66;107
;1;2;3;218
;1;2;3;219
;1;2;3;25;127
;1;2;3;48;16;189
;1;2;3;135;134
;1;2;3;15;16;128
;220
;1;2;3;221
;222
;1;2;3;223
;1;2;3;133;21
;224
;1;2;3;115;26
;1;2;3;59;24
;1;2;3;124;10
;1;2;3;225;16;226
;1;2;3;227
;1;2;3;228
;1;2;3;15;16;215
;1;2;3;71;77
;1;2;3;229
;1;2;3;230
;1;2;3;231
;1;2;3;11;5
;1;2;3;232
;1;2;3;173;121
;1;2;3;233
;1;2;3;41;12
;1;2;3;234
;1;2;3;44;42
;1;2;3;25;143
;1;2;3;235;5
;1;2;3;147;31
;1;2;3;30;121
;1;2;3;124;38
;1;2;3;173;21
;1;2;3;126;69
;1;2;3;236
;1;2;3;237
;1;2;3;68;63
;1;2;3;48;16;238
;1;2;3;239
;1;2;3;59;23
;1;2;3;240
;1;2;3;68;10
;1;2;3;57;143
;1;2;3;124;181
;1;2;3;30;134
;1;2;3;241;16;242
;1;2;3;41;97
;1;2;3;243
;1;2;3;48;16;244
;1;2;3;66;51
;1;2;3;245
;1;2;3;9;97
;1;2;3;73;79
;1;2;3;71;83
;1;2;3;53;58
;1;2;3;246
;1;2;3;247
;1;2;3;248
;1;2;3;53;136
;1;2;3;89;143
;1;2;3;102;38
;1;2;3;145;42
;1;2;3;249
;1;2;3;142;181
;1;2;3;133;83
;1;2;3;250
;1;2;3;251
;1;2;3;60;21
;1;2;3;252
;1;2;3;9;58
;1;2;3;253
;1;2;3;254
;1;2;3;255
;1;2;3;22;107
;1;2;3;135;97
;1;2;3;124;42
;1;2;3;256
;1;2;3;66;77
;1;2;3;115;21
;1;2;3;60;38
;1;2;3;257
;1;2;27;258
;1;2;3;126;181
;1;2;3;142;5
;1;2;3;179;16;259
;1;2;27;260
;1;2;3;15;16;189
;1;2;3;99;23
;1;2;3;261;16;166
;1;2;3;262;16;215
;1;2;27;263
;1;2;3;264
;1;2;3;7;121
;1;2;3;22;134
;1;2;3;265
;1;2;3;176;23
;1;2;3;9;38
;266
;1;2;3;165;16;267
;1;2;3;96;79
;1;2;3;60;127
;1;2;3;99;212
;268
;1;2;3;103;79
;1;2;3;269
;1;2;27;270
;1;2;3;73;12
;1;2;3;271
;1;2;3;272
;1;2;3;273
;1;2;3;274;23
;1;2;3;275
;1;2;3;261;16;276
;1;2;3;157;5
;1;2;3;277
;1;2;27;278
;1;2;3;279
;1;2;3;53;134
;1;2;3;147;63
;1;2;3;280;16;242
;1;2;3;73;58
;1;2;3;20;42
;1;2;3;73;38
;1;2;3;59;5
;1;2;3;66;24
;1;2;3;89;21
;1;2;3;44;91
;1;2;3;281
;1;2;3;282
;1;2;3;96;107
;1;2;3;147;38
;1;2;3;7;97
;1;2;3;22;5
;1;2;3;165;16;276
;1;2;3;283;16;242
;284
;1;2;3;285
;1;2;3;30;107
;1;2;3;274;63
;1;2;3;20;10
;1;2;3;102;58
;1;2;3;286
;1;2;3;57;37
;1;2;3;287
;1;2;3;133;212
;288
;1;2;3;289
;1;2;3;290
;1;2;3;291
;1;2;3;292
;1;2;3;293
;1;2;3;262;16;36
;1;2;3;48;16;294
;1;2;3;9;181
;1;2;3;41;58
;1;2;3;44;31
;1;2;3;274;97
;1;2;3;15;16;294
;1;2;3;41;181
;1;2;3;50;121
;1;2;3;295
;1;2;3;296
;1;2;3;173;143
;1;2;3;297
;1;2;3;298
;299
;1;2;3;68;107
;1;2;3;274;58
;1;2;3;11;21
;1;2;3;54;16;128
;1;2;3;126;107
;1;2;3;176;69
;1;2;3;300
;1;2;3;301
;1;2;3;66;31
;1;2;3;302
;1;2;3;303
;1;2;3;115;97
;304
;1;2;3;172;16;294
;1;2;3;305
;1;2;3;94;212
;1;2;3;41;5
;1;2;3;60;31
;1;2;3;172;16;215
;1;2;3;172;16;306
;1;2;3;142;83
;1;2;3;50;107
;1;2;3;68;91
;1;2;3;307
;1;2;3;103;91
;1;2;3;308
;1;2;3;11;26
;1;2;3;309
;1;2;3;89;37
;310
;1;2;3;165;16;226
;1;2;3;311
;1;2;3;312
;1;2;3;44;121
;1;2;3;313
;1;2;3;20;63
;1;2;27;314
;1;2;3;94;51
;1;2;3;315
;1;2;3;59;143
;1;2;3;9;79
;1;2;3;316
;1;2;3;274;5
;1;2;3;35;16;317
;1;2;3;318
;1;2;3;30;130
;1;2;3;179;16;319
;1;2;3;320
;1;2;3;321
;1;2;3;142;58
;1;2;3;322
;1;2;3;44;24
;1;2;3;323
;1;2;3;96;21
;1;2;3;103;121
;1;2;3;324
;1;2;3;30;21
;1;2;3;325
;1;2;3;326
;1;2;3;262;16;55
;1;2;3;4;37
;1;2;3;115;62
;1;2;3;115;42
;1;2;3;172;16;259
;1;2;3;30;83
;1;2;3;41;62
;1;2;3;126;24
;1;2;3;327
;1;2;3;328
;1;2;3;329
;1;2;3;25;38
;1;2;3;157;97
;1;2;3;330
;1;2;3;157;63
;1;2;3;331
;1;2;3;11;31
;1;2;3;11;121
;1;2;3;25;97
;1;2;3;22;38
;1;2;27;332
;1;2;3;4;156
;1;2;3;157;130
;333
;1;2;3;334
;1;2;3;7;143
;1;2;3;335
;1;2;3;30;97
;1;2;3;336
;1;2;3;337
;1;2;3;338
;1;2;3;339
;1;2;3;340
;1;2;3;71;26
;1;2;3;115;24
;1;2;3;341
;1;2;3;342
;1;2;3;145;107
;1;2;3;60;10
;1;2;3;15;16;92
;1;2;3;343
;1;2;3;133;24
;1;2;3;35;16;294
;1;2;3;89;51
;1;2;27;344
;1;2;3;7;5
;1;2;3;57;23
;1;2;3;25;212
;1;2;3;71;31
;1;2;3;345
;1;2;3;157;23
;1;2;3;173;156
;1;2;3;15;16;36
;1;2;3;346
;1;2;3;347
;1;2;27;348
;1;2;3;173;69
;1;2;3;349
;1;2;3;70;5
;1;2;3;350
;1;2;3;22;121
;1;2;3;96;42
;1;2;3;351
;1;2;3;352
;1;2;3;135;37
;1;2;3;353
;1;2;3;354
;1;2;3;35;16;355
;1;2;3;41;143
;1;2;3;50;143
;1;2;3;356
;1;2;3;357;16;166
;1;2;3;20;97
;1;2;3;30;74
;1;2;3;54;16;86
;1;2;3;54;16;244
;1;2;3;358
;1;2;3;94;69
;1;2;3;359
;1;2;3;48;16;360
;1;2;3;361
;1;2;3;89;12
;1;2;27;362
;1;2;3;60;77
;1;2;3;60;107
;1;2;3;363
;1;2;3;50;79
;1;2;3;179;16;189
;1;2;3;172;16;188
;1;2;3;44;21
;1;2;3;124;37
;1;2;3;179;16;139
;1;2;3;53;38
;1;2;3;4;58
;1;2;3;15;16;174
;1;2;3;364
;1;2;3;365
;1;2;3;59;38
;1;2;3;366
;1;2;3;53;143
;1;2;3;22;181
;1;2;3;22;83
;1;2;3;11;24
;1;2;3;145;37
;1;2;3;367
;1;2;3;368
;1;2;3;369
;1;2;3;60;134
;1;2;3;157;143
;1;2;3;370
;1;2;3;48;16;188
;1;2;3;371
;1;2;3;4;212
;1;2;3;372;16;276
;1;2;3;373
;1;2;3;262;16;259
;1;2;3;374
;1;2;3;375
;1;2;3;376
;1;2;3;44;26
;1;2;3;126;58
;1;2;3;173;31
;1;2;3;377
;1;2;3;378
;1;2;3;9;51
;1;2;3;379
;1;2;3;380
;1;2;3;381
;1;2;3;133;51
;1;2;3;60;130
;1;2;3;145;69
;1;2;3;147;12
;1;2;3;382
;1;2;3;89;81
;1;2;3;383
;1;2;3;384
;1;2;3;157;72
;1;2;3;145;143
;1;2;3;68;58
;1;2;3;172;16;317
;385
;1;2;3;103;31
;1;2;3;71;8
;1;2;3;386
;1;2;3;387
;1;2;3;54;16;317
;1;2;3;388
;1;2;3;59;69
;1;2;3;389
;1;2;3;390
;1;2;3;50;58
;1;2;3;391
;1;2;3;157;51
;1;2;3;99;42
;1;2;3;392
;1;2;3;22;51
;1;2;3;173;58
;1;2;3;135;58
;1;2;3;138;16;55
;393
;1;2;3;394
;395
;1;2;3;396
;1;2;3;7;12
;1;2;3;103;134
;1;2;3;397
;1;2;3;54;16;17
;1;2;3;398
;1;2;27;399
;1;2;3;96;143
;1;2;3;400
;1;2;3;73;21
;1;2;3;124;130
;401
;1;2;3;44;77
;1;2;3;402
;1;2;3;44;212
;1;2;3;66;72
;1;2;3;41;10
;403
;1;2;3;71;129
;1;2;3;30;181
;1;2;3;53;31
;1;2;3;126;38
;1;2;3;145;5
;1;2;3;404
;1;2;3;20;8
;1;2;3;405
;1;2;3;406
;1;2;3;53;121
;1;2;3;407
;408
;1;2;3;4;143
;1;2;3;39;409
;1;2;3;262;16;180
;1;2;3;70;121
;1;2;3;410
;1;2;3;142;12
;1;2;3;411
;1;2;3;176;97
;1;2;3;4;81
;1;2;3;412
;1;2;3;41;37
;1;2;3;413
;1;2;3;414;16;166
;1;2;3;176;81
;1;2;3;66;212
;1;2;3;133;42
;1;2;3;415
;1;2;3;22;127
;1;2;3;173;77
;1;2;3;416
;1;2;3;417
;418
;1;2;3;419
;1;2;3;48;16;174
;1;2;3;420
;1;2;3;145;24
;1;2;3;102;62
;1;2;3;4;74
;1;2;3;25;31
;1;2;3;138;16;306
;1;2;3;421
;1;2;3;422
;1;2;3;7;38
;1;2;3;70;37
;1;2;3;66;5
;1;2;3;54;16;306
;1;2;3;423
;424
;1;2;3;70;83
;1;2;3;133;107
;1;2;3;172;16;238
;1;2;3;68;38
;1;2;3;176;26
;1;2;3;425
;1;2;3;25;74
;1;2;3;426
;1;2;3;15;16;139
;1;2;3;102;91
;1;2;3;142;31
;1;2;3;103;26
;1;2;3;427
;1;2;3;179;16;36
;1;2;3;283;16;267
;1;2;3;30;212
;1;2;3;70;130
;1;2;3;20;134
;1;2;3;9;74
;1;2;3;7;83
;1;2;3;22;81
;1;2;3;428
;1;2;3;66;91
;1;2;3;138;16;36
;1;2;3;429
;1;2;3;15;16;430
;1;2;3;157;107
;1;2;27;431
;1;2;3;124;121
;1;2;3;133;81
;1;2;3;35;16;238
;1;2;3;68;37
;1;2;3;432
;1;2;3;433
;1;2;3;53;10
;1;2;3;434
;1;2;3;435
;1;2;3;436
;1;2;3;59;129
;1;2;3;30;79
;1;2;3;414;16;267
;1;2;3;437
;1;2;3;145;181
;1;2;3;53;212
;1;2;3;135;81
;1;2;3;438
;1;2;3;145;83
;1;2;3;138;16;174
;1;2;3;48;16;306
;1;2;3;103;63
;1;2;3;50;129
;1;2;3;439
;1;2;3;71;121
;1;2;3;145;63
;1;2;3;48;16;80
;440
;1;2;3;60;37
;1;2;3;66;23
;1;2;3;441
;1;2;3;442
;1;2;3;89;74
;1;2;3;11;143
;1;2;3;443
;1;2;3;57;38
;1;2;3;176;8
;1;2;3;60;62
;1;2;27;444
;1;2;27;445
;1;2;27;446
;1;2;3;447
;1;2;3;70;51
;1;2;3;448
;1;2;3;135;5
;1;2;3;11;58
;1;2;3;147;83
;1;2;3;68;121
;1;2;3;54;16;259
;1;2;3;449
;1;2;3;274;81
;1;2;3;15;16;188
;1;2;3;96;63
;1;2;3;39;5
;1;2;3;135;107
;1;2;3;274;77
;1;2;3;44;136
;1;2;3;450
;1;2;3;451
;1;2;3;274;38
;1;2;3;274;31
;1;2;3;452
;1;2;3;453
;1;2;3;48;16;259
;1;2;3;357;16;242
;1;2;3;454
;1;2;3;173;212
;1;2;3;455
;1;2;3;11;51
;1;2;3;456
;1;2;3;96;156
;1;2;3;94;42
;1;2;3;457
;1;2;3;22;26
;1;2;3;22;143
;1;2;3;94;5
;1;2;3;96;181
;1;2;3;11;42
;1;2;3;15;16;244
;1;2;3;458
;1;2;3;102;74
;1;2;3;145;129
;1;2;3;138;16;355
;1;2;3;11;23
;1;2;3;459
;1;2;3;460
;1;2;27;461
;1;2;3;35;16;215
;1;2;3;50;127
;1;2;3;462
;1;2;3;11;63
;1;2;3;126;97
;1;2;3;176;83
;1;2;3;115;107
;1;2;3;30;38
;1;2;3;48;16;180
;1;2;3;4;136
;1;2;3;274;42
;1;2;3;115;91
;1;2;3;463
;1;2;3;4;26
;1;2;3;44;5
;1;2;3;115;63
;1;2;3;71;37
;1;2;3;464
;1;2;27;465
;1;2;3;22;37
;1;2;3;73;97
;1;2;3;466
;1;2;3;274;107
;1;2;3;467
;1;2;3;96;134
;1;2;3;15;16;49
;1;2;3;468
;1;2;3;53;77
;1;2;3;53;83
;1;2;3;157;38
;1;2;3;469
;1;2;3;66;38
;1;2;3;73;51
;1;2;3;176;37
;1;2;3;124;143
;1;2;3;94;81
;1;2;3;470
;1;2;3;471
;1;2;3;179;16;306
;1;2;3;20;5
;1;2;3;71;42
;1;2;27;472
;1;2;3;35;16;319
;473
;1;2;3;57;5
;1;2;3;474
;1;2;3;475
;1;2;3;476
;1;2;3;261;16;242
;1;2;3;89;91
;1;2;3;477
;1;2;3;478
;1;2;3;372;16;226
;1;2;3;35;16;306
;1;2;3;20;181
;1;2;3;479
;1;2;3;41;24
;1;2;3;73;69
;1;2;3;480
;1;2;3;73;42
;1;2;3;481
;1;2;3;173;81
;482
;1;2;3;262;16;17
;1;2;3;483
;1;2;3;115;143
;1;2;3;103;72
;1;2;27;484
;1;2;3;485
;1;2;3;486
;1;2;3;487
;1;2;3;71;72
;1;2;3;115;212
;1;2;27;488
;1;2;3;102;134
;1;2;27;489
;1;2;3;44;156
;1;2;3;490
;1;2;3;491
;1;2;3;44;134
;1;2;3;492
;1;2;3;70;81
;1;2;3;493
;1;2;3;60;26
;1;2;3;494
;1;2;3;102;121
;1;2;3;495
;1;2;3;89;5
;1;2;3;496
;1;2;3;53;107
;1;2;3;262;16;92
;1;2;3;262;16;360
;1;2;3;44;51
;1;2;3;497
;1;2;3;30;127
;1;2;3;498
;1;2;3;44;143
;1;2;3;41;129
;1;2;3;73;26
;499
;1;2;3;4;130
;1;2;3;7;37
;1;2;3;500
;1;2;3;173;51
;1;2;3;25;83
;1;2;3;25;10
;1;2;3;9;21
;1;2;3;142;121
;1;2;3;501
;1;2;3;124;51
;1;2;3;44;10
;1;2;3;502
;1;2;3;503
;1;2;3;99;69
;1;2;3;7;51
;1;2;3;103;129
;1;2;3;504
;1;2;27;505
;1;2;3;506
;1;2;3;507
;1;2;27;508
;1;2;3;173;97
;1;2;3;66;136
;1;2;3;41;26
;1;2;3;509
;510
;1;2;3;103;130
;1;2;3;9;143
;1;2;27;511
;1;2;3;512
;1;2;3;513
;1;2;3;514
;1;2;3;515
;1;2;27;516
;1;2;3;517
;1;2;3;66;121
;1;2;3;66;79
;1;2;3;99;91
;1;2;3;176;72
;1;2;3;518
;1;2;3;519
;1;2;3;48;16;55
;1;2;3;520
;1;2;27;521
;1;2;3;522
;1;2;3;60;42
;1;2;3;4;12
;1;2;3;135;63
;1;2;3;523
;1;2;3;524
;1;2;3;525
;1;2;3;173;26
;1;2;3;157;8
;1;2;3;526
;1;2;3;527
;1;2;3;135;38
;1;2;3;528
;1;2;3;35;16;174
;1;2;3;529
;1;2;3;41;121
;1;2;3;126;42
;1;2;27;530
;1;2;3;531
;1;2;3;71;12
;1;2;3;274;143
;1;2;3;532
;1;2;3;50;5
;1;2;3;533
;1;2;3;124;5
;1;2;3;94;156
;1;2;3;414;16;242
;1;2;3;534
;1;2;3;262;16;238
;1;2;3;535
;1;2;3;536
;1;2;3;115;38
;1;2;3;537
;1;2;3;138;16;188
;1;2;3;50;181
;1;2;3;262;16;244
;1;2;3;172;16;360
;1;2;3;538
;1;2;3;59;134
;1;2;27;539
;1;2;3;540
;1;2;3;50;74
;1;2;3;124;134
;541
;542
;1;2;3;133;8
;1;2;27;543
;1;2;3;544
;1;2;3;545
;1;2;3;546
;1;2;3;53;81
;1;2;3;547
;1;2;3;133;121
;1;2;3;157;26
;1;2;3;7;136
;1;2;3;4;42
;1;2;3;548
;1;2;3;549
;1;2;3;550
;1;2;3;551
;1;2;3;552
;1;2;3;68;130
;1;2;3;553
;1;2;3;554
;1;2;3;555
;1;2;3;556
;1;2;3;15;16;55
;1;2;3;35;16;360
;1;2;3;22;97
;1;2;3;73;31
;1;2;3;262;16;317
;1;2;3;35;16;244
;1;2;3;557
;1;2;3;558
;1;2;3;559
;1;2;3;560
;1;2;3;102;77
;1;2;3;179;16;17
;1;2;3;561
;1;2;3;22;31
;1;2;3;11;81
;1;2;3;102;31
;1;2;3;50;97
;1;2;3;48;16;17
;1;2;3;562
;1;2;3;563
;1;2;3;99;129
;1;2;3;564
;1;2;3;133;63
;1;2;3;138;16;244
;1;2;3;565
;1;2;3;566
;1;2;3;50;21
;1;2;3;567
;1;2;3;568
;1;2;3;71;51
;569
;1;2;3;570
;1;2;3;133;5
;1;2;3;53;37
;1;2;3;571
;1;2;3;572
;1;2;3;70;143
;1;2;3;573
;1;2;3;70;69
;1;2;3;22;24
;1;2;3;574
;1;2;3;575
;1;2;3;94;63
;1;2;3;41;127
;1;2;3;41;212
;1;2;3;176;38
;1;2;3;70;21
;1;2;3;576
;1;2;3;9;37
;1;2;3;7;21
;1;2;3;96;81
;1;2;3;73;212
;1;2;27;577
;1;2;3;147;77
;1;2;3;57;12
;1;2;3;103;136
;1;2;3;9;121
;1;2;3;280;16;267
;1;2;3;94;83
;578
;1;2;3;579
;1;2;3;73;37
;1;2;3;262;16;189
;1;2;3;262;16;128
;1;2;3;580
;1;2;3;581
;1;2;3;44;81
;1;2;3;582
;1;2;3;94;37
;1;2;3;583
;1;2;3;584
;1;2;3;262;16;306
;1;2;3;274;156
;1;2;3;99;97
;1;2;3;585
;1;2;3;586
;1;2;3;587
;1;2;3;588
;1;2;3;589
;590
;1;2;3;44;107
;1;2;3;96;38
;1;2;3;172;16;180
;1;2;3;135;212
;1;2;3;4;21
;1;2;3;89;62
;1;2;3;280;16;276
;1;2;3;50;69
;591
;1;2;3;592
;593
;1;2;3;142;107
;1;2;3;594
;1;2;3;595
;1;2;3;20;72
;1;2;27;596
;1;2;3;66;129
;1;2;3;597
;1;2;3;9;5
;1;2;3;59;97
;1;2;3;9;130
;1;2;27;598
;1;2;3;599
;1;2;3;25;21
;1;2;3;280;16;166
;1;2;3;102;37
;1;2;3;60;143
;1;2;3;600
;1;2;3;601
;1;2;3;602
;1;2;3;48;16;36
;1;2;3;41;156
;1;2;3;99;58
;1;2;3;50;62
;1;2;3;44;38
;1;2;3;103;83
;1;2;3;603
;1;2;3;179;16;215
;1;2;3;133;97
;1;2;3;604
;1;2;3;605
;1;2;3;20;58
;1;2;3;606
;1;2;3;607
;1;2;3;71;5
;1;2;3;608
;1;2;3;99;63
;1;2;3;609
;1;2;3;135;31
;1;2;3;53;5
;1;2;3;9;26
;1;2;3;610
;1;2;3;611
;1;2;3;25;24
;1;2;3;147;81
;1;2;3;94;107
;1;2;3;612
;1;2;3;262;16;294
;1;2;3;613
;1;2;3;614
;1;2;3;41;51
;1;2;3;615
;1;2;3;138;16;360
;1;2;3;103;156
;1;2;3;73;77
;1;2;3;616
;1;2;3;89;26
;1;2;3;617
;1;2;3;25;79
;1;2;3;618
;1;2;3;619
;1;2;3;620
;1;2;3;621
;1;2;3;622
;1;2;3;147;37
;1;2;3;623
;1;2;3;624
;1;2;3;70;42
;1;2;3;157;58
;1;2;3;66;143
;1;2;3;625
;1;2;3;145;212
;1;2;3;626
;1;2;3;60;23
;1;2;3;25;107
;1;2;3;627
;1;2;3;628
;1;2;3;629
;1;2;3;372;16;267
;1;2;3;630
;1;2;3;115;10
;1;2;3;9;212
;1;2;3;241;16;226
;1;2;3;631
;1;2;3;48;16;319
;1;2;3;632
;1;2;3;633
;1;2;3;634
;1;2;3;57;212
;1;2;3;173;38
;1;2;3;115;23
;1;2;3;635
;1;2;3;636
;1;2;3;73;91
;1;2;3;637
;1;2;3;44;181
;1;2;3;96;121
;1;2;3;68;97
;1;2;3;60;51
;1;2;3;96;212
;1;2;3;638
;1;2;3;103;10
;1;2;3;639
;1;2;3;640
;1;2;3;157;42
;1;2;3;70;136
;1;2;3;60;8
;1;2;3;641
;1;2;3;642
;1;2;3;643
;1;2;3;11;97
;1;2;3;644
;1;2;3;157;134
;1;2;3;645
;1;2;3;646
;1;2;3;647
;1;2;3;157;24
;1;2;27;648
;1;2;3;126;21
;1;2;3;649
;1;2;3;89;156
;1;2;3;7;42
;1;2;3;650
;1;2;3;7;24
;1;2;3;274;37
;1;2;3;651
;1;2;3;652
;1;2;3;653
;1;2;3;654
;1;2;3;655
;1;2;3;68;21
;1;2;3;225;16;166
;656
;1;2;3;172;16;319
;1;2;3;157;10
;1;2;3;657
;1;2;3;70;107
;1;2;3;145;38
;1;2;3;658
;1;2;3;659
;1;2;3;176;51
;1;2;3;357;16;276
;1;2;3;660
;1;2;3;66;83
;1;2;3;661
;662
;1;2;3;663
;1;2;3;99;51
;1;2;3;179;16;128
;1;2;3;157;62
;1;2;3;135;72
;1;2;3;7;58
;1;2;3;68;212
;1;2;3;22;63
;1;2;3;664
;665
;1;2;3;666
;667
;1;2;3;57;77
;1;2;3;73;8
;1;2;3;73;63
;1;2;3;57;156
;1;2;3;668
;1;2;3;669
;1;2;3;94;58
;1;2;3;670
;1;2;3;671
;1;2;3;172;16;139
;1;2;3;142;38
;1;2;3;138;16;259
;1;2;3;124;127
;1;2;3;672
;1;2;3;173;12
;1;2;3;283;16;226
;1;2;3;73;129
;1;2;3;11;156
;1;2;3;673
;1;2;3;674
;1;2;3;145;26
;1;2;3;179;16;55
;1;2;3;172;16;86
;1;2;3;66;37
;1;2;3;53;91
;1;2;3;280;16;226
;1;2;3;71;21
;1;2;3;94;136
;1;2;3;675
;1;2;3;357;16;226
;1;2;3;30;5
;1;2;3;124;24
;1;2;3;676
;1;2;3;677
;1;2;3;126;5
;1;2;3;115;127
;1;2;3;70;38
;1;2;3;678
;1;2;3;679
;1;2;3;680
;1;2;3;115;8
;1;2;3;681
;1;2;3;147;5
;1;2;3;50;81
;1;2;3;682
;1;2;3;41;38
;1;2;3;59;37
;1;2;3;57;31
;1;2;3;683
;1;2;3;25;37
;1;2;3;684
;1;2;3;274;21
;1;2;3;262;16;319
;1;2;3;685
;1;2;3;686
;1;2;3;687
;1;2;3;688
;1;2;3;689
;1;2;3;690
;1;2;3;691
;1;2;3;176;31
;1;2;3;126;63
;1;2;3;692
;1;2;3;693
;1;2;3;94;31
;1;2;3;157;129
;1;2;3;694
;1;2;3;41;83
;1;2;3;695
;1;2;3;696
;1;2;3;68;134
;1;2;3;94;143
;1;2;3;103;97
;1;2;3;89;42
;1;2;3;697
;1;2;3;59;63
;1;2;3;15;16;86
;1;2;3;20;37
;1;2;3;179;16;317
;1;2;3;698
;1;2;3;699
;1;2;3;7;212
;1;2;3;53;181
;1;2;3;700
;1;2;3;7;63
;1;2;3;145;31
;1;2;3;138;16;317
;1;2;3;138;16;17
;1;2;3;15;16;259
;1;2;3;73;10
;1;2;3;54;16;355
;701
;1;2;3;89;121
;1;2;3;702
;1;2;3;133;38
;703
;1;2;3;176;5
;1;2;3;704
;1;2;3;705
;1;2;3;706
;1;2;3;20;51
;1;2;3;157;81
;1;2;3;707
;1;2;3;25;72
;1;2;3;70;26
;1;2;3;708
;709
;1;2;3;53;97
;1;2;3;30;69
;1;2;3;41;31
;1;2;3;35;16;17
;1;2;3;142;26
;1;2;3;179;16;80
;1;2;3;710
;711
;1;2;3;712
;1;2;3;73;134
;1;2;3;713
;1;2;3;99;26
;714
;1;2;3;124;63
;1;2;3;715
;716
;1;2;3;717
;1;2;3;718
;1;2;3;53;23
;1;2;3;53;62
;1;2;3;719
;1;2;3;135;51
;1;2;3;720
;1;2;3;135;8
;1;2;3;135;121
;1;2;3;73;130
;1;2;3;721
;1;2;3;4;97
;1;2;3;135;127
;1;2;3;30;42
;1;2;3;60;63
;1;2;3;7;31
;1;2;3;102;23
;1;2;3;54;16;92
;1;2;3;103;42
;1;2;3;722
;1;2;3;723
;1;2;3;724
;1;2;3;725
;1;2;27;726
;1;2;3;262;16;139
;1;2;3;7;81
;1;2;27;727
;1;2;3;4;134
;1;2;3;728
;1;2;3;53;127
;1;2;3;357;16;267
;1;2;3;133;31
;1;2;3;729
;1;2;3;730
;1;2;3;115;5
;1;2;3;60;121
;1;2;3;60;212
;1;2;3;54;16;139
;1;2;3;142;21
;1;2;3;731
;1;2;3;732
;1;2;3;733
;1;2;3;734
;1;2;3;68;12
;1;2;3;735
;1;2;3;70;212
;1;2;3;68;181
;1;2;3;736
;1;2;3;737
;1;2;3;274;26
;1;2;3;73;107
;1;2;3;738
;1;2;3;739
;1;2;3;94;38
;1;2;3;176;21
;1;2;3;70;97
;1;2;3;103;38
;1;2;3;283;16;166
;1;2;3;53;72
;1;2;3;94;62
;1;2;3;740
;1;2;3;741
;1;2;3;9;31
;1;2;3;742
;1;2;3;96;37
;1;2;3;30;63
;743
;1;2;3;744
;1;2;3;99;143
;1;2;3;225;16;242
;1;2;3;135;42
;1;2;3;145;58
;1;2;3;20;24
;1;2;3;11;136
;1;2;3;20;12
;1;2;3;745
;1;2;27;746
;1;2;3;54;16;180
;1;2;3;66;12
;1;2;3;747
;1;2;3;157;121
;1;2;3;748
;1;2;3;44;79
;1;2;3;157;21
;1;2;3;749
;1;2;3;142;23
;1;2;3;39;750
;1;2;3;274;24
;1;2;3;274;212
;1;2;3;68;5
;1;2;3;126;121
;1;2;3;179;16;92
;1;2;3;126;212
;1;2;3;751
;1;2;3;752
;1;2;3;753
;1;2;3;115;31
;1;2;3;60;97
;1;2;3;754
;1;2;3;755
;1;2;3;41;63
;1;2;3;756
;1;2;3;176;24
;1;2;3;102;69
;1;2;3;757
;1;2;3;71;24
;1;2;3;138;16;215
;1;2;3;147;24
;1;2;3;20;143
;1;2;3;758
;1;2;27;759
;1;2;3;35;16;188
;1;2;3;760
;1;2;27;761
;1;2;3;762
;1;2;3;763
;1;2;3;142;212
;1;2;3;764
;1;2;3;765
;1;2;3;241;16;267
;1;2;3;71;107
;1;2;3;176;74
;1;2;3;115;58
;1;2;3;124;21
;1;2;3;99;37
;1;2;3;135;130
;1;2;3;9;136
;1;2;3;766
;1;2;3;15;16;238
;1;2;3;20;91
;1;2;3;767
;1;2;3;172;16;17
;1;2;3;274;72
;1;2;3;94;24
;1;2;3;172;16;174
;1;2;3;73;83
;1;2;3;142;51
;1;2;3;179;16;360
;1;2;3;274;62
;1;2;3;96;51
;1;2;3;768
;1;2;3;9;83
;1;2;27;769
;1;2;3;30;51
;1;2;3;172;16;244
;1;2;3;770
;1;2;3;771
;1;2;3;772
;1;2;3;102;21
;1;2;3;773
;1;2;27;774
;1;2;3;126;31
;1;2;3;775
;1;2;3;776
;1;2;3;89;212
;1;2;3;35;16;259
;777
;1;2;3;778
;1;2;3;57;129
;1;2;3;779
;1;2;3;145;51
;1;2;3;138;16;189
;1;2;3;780
;1;2;3;147;156
;1;2;3;261;16;226
;1;2;3;781
;1;2;3;7;79
;1;2;3;782
;1;2;3;44;62
;1;2;3;15;16;317
;1;2;3;783
;1;2;3;784
;1;2;3;71;81
;1;2;3;785
;1;2;3;22;21
;1;2;3;786
;1;2;3;35;16;180
;1;2;3;787
;1;2;3;788
;1;2;3;25;23
;1;2;3;789
;1;2;3;790
;1;2;3;179;16;238
;1;2;3;179;16;174
;1;2;3;94;134
;1;2;3;89;8
;1;2;3;4;38
;1;2;3;173;91
;1;2;3;135;26
;1;2;3;57;121
;1;2;3;25;42
;1;2;3;791
;1;2;3;179;16;49
;1;2;3;165;16;242
;1;2;3;792
;1;2;3;176;121
;1;2;3;793
;1;2;3;794
;1;2;3;274;12
;1;2;3;124;79
;1;2;27;795
;1;2;27;796
;1;2;3;147;130
;1;2;3;797
;1;2;3;798
;1;2;27;799
;1;2;3;800
;1;2;3;801
;1;2;27;802
;1;2;3;103;51
;1;2;3;803
;1;2;3;94;97
;1;2;3;804
;1;2;3;805
;1;2;3;172;16;189
;1;2;3;806
;1;2;3;807
;1;2;3;142;69
;1;2;3;11;8
;1;2;3;59;107
;1;2;3;25;58
;808
;1;2;3;809
;810
;1;2;3;7;181
;1;2;3;71;91
;1;2;3;811
;1;2;3;135;62
;1;2;3;70;134
;1;2;3;812
;1;2;3;173;130
;1;2;3;4;79
;1;2;3;142;74
;1;2;3;813
;814
;1;2;3;815
;1;2;3;96;58
;1;2;3;54;16;238
;1;2;3;41;136
;1;2;3;816
;1;2;3;89;97
;1;2;3;39;72
;1;2;3;817
;1;2;3;54;16;294
;1;2;3;147;121
;1;2;3;274;83
;1;2;3;818
;1;2;3;35;16;189
;1;2;3;115;83
;1;2;3;819
;1;2;3;176;63
;1;2;3;820
;1;2;3;99;21
;1;2;3;59;121
;1;2;3;66;134
;1;2;3;821
;1;2;3;30;8
;1;2;3;822
;1;2;3;53;79
;1;2;3;147;136
;1;2;3;71;143
;1;2;3;176;143
;1;2;3;179;16;244
;1;2;3;225;16;267
;1;2;3;99;8
;1;2;3;102;212
;1;2;3;133;127
;1;2;3;102;81
;1;2;3;20;83
;1;2;3;823
;1;2;3;157;69
;1;2;3;145;97
;1;2;3;283;16;276
;1;2;3;73;24
;1;2;3;157;79
;1;2;3;824
;1;2;3;147;212
;1;2;3;825
;1;2;3;50;10
;1;2;3;22;156
;1;2;3;826
;1;2;3;102;143
;1;2;3;827
;1;2;3;828
;1;2;27;829
;1;2;3;830
;1;2;3;831
;1;2;3;53;42
;1;2;3;4;83
;1;2;3;126;136
;832
;1;2;3;173;5
;1;2;3;68;51
;1;2;3;4;10
;1;2;3;126;91
;1;2;3;103;58
;1;2;3;133;181
;1;2;3;53;21
;1;2;3;124;136
;1;2;3;50;24
;1;2;3;833
;1;2;3;71;10
;1;2;3;834
;1;2;3;835
;1;2;3;274;51
;1;2;3;138;16;238
;1;2;3;836
;1;2;3;372;16;166
;1;2;3;837
;1;2;3;838
;1;2;3;102;72
;1;2;3;41;130
;1;2;3;89;58
;1;2;27;839
;1;2;3;840
;1;2;3;103;127
;1;2;3;841
;1;2;3;842
;1;2;3;20;81
;1;2;3;843
;1;2;3;844
;1;2;3;9;8
;1;2;3;845
;1;2;3;53;24
;1;2;3;846
;1;2;3;57;24
;1;2;3;103;107
;1;2;3;138;16;86
;1;2;3;847
;1;2;3;22;129
;1;2;3;848
;1;2;3;849
;1;2;3;850
;1;2;3;851
;1;2;3;133;26
;1;2;3;262;16;86
;1;2;3;852
;1;2;3;853
;1;2;3;124;81
;1;2;3;68;83
;1;2;3;854
;1;2;3;96;5
;1;2;3;44;97
;1;2;3;50;130
;1;2;3;172;16;355
;855
;1;2;3;135;24
;1;2;3;856
;1;2;3;157;31
;1;2;3;7;91
;1;2;3;142;97
;1;2;3;50;38
;1;2;3;99;81
;1;2;3;173;10
;1;2;3;857
;1;2;3;102;97
;858
;1;2;3;859
;1;2;3;860
;1;2;3;173;37
;1;2;3;60;5
;1;2;3;861
;1;2;3;862
;1;2;3;863
;1;2;3;30;24
;864
;1;2;3;20;62
;1;2;3;60;129
;1;2;3;261;16;267
;865
;1;2;3;866
;1;2;3;133;79
;1;2;3;54;16;360
;1;2;3;867
;1;2;3;103;81
;1;2;3;57;63
;1;2;3;20;107
;1;2;3;172;16;55
;1;2;3;868
;1;2;3;66;63
;1;2;3;176;12
;1;2;3;176;212
;1;2;3;70;24
;1;2;3;99;5
;1;2;3;869
;1;2;3;870
;1;2;3;871
;1;2;27;872
;1;2;3;133;58
;1;2;3;126;72
;1;2;3;9;81
;1;2;3;35;16;55
;1;2;3;873
;1;2;3;874
;1;2;3;176;156
;1;2;3;875
;1;2;3;59;12
;1;2;3;876
;1;2;3;89;107
;1;2;3;274;121
;1;2;3;877
;878
;1;2;3;274;8
;1;2;3;102;107
;1;2;3;879
;1;2;3;73;121
;1;2;3;880
;1;2;3;881
;1;2;3;414;16;276
;1;2;3;99;130
;1;2;3;71;63
;1;2;3;882
;1;2;3;68;8
;1;2;3;883
;1;2;3;71;212
;1;2;3;884
;885
;1;2;3;73;136
;1;2;3;126;26
;1;2;3;886
;1;2;3;44;37
;1;2;3;142;42
;1;2;3;887
;1;2;3;115;121
;1;2;3;102;136
;1;2;3;20;31
;1;2;3;888
;1;2;3;126;143
;1;2;3;889
;1;2;3;172;16;36
;1;2;3;142;63
;1;2;3;890
;1;2;3;891
;1;2;3;892
;1;2;3;893
;1;2;3;894
;1;2;3;895
;1;2;3;115;77
;1;2;27;896
;1;2;3;897
;1;2;3;898
;1;2;3;172;16;92
;1;2;27;899
;1;2;3;60;12
;1;2;3;900
;1;2;3;60;72
;1;2;3;68;24
;1;2;3;901
;1;2;3;15;16;319
;1;2;3;15;16;360
;1;2;3;902
;1;2;27;903
;1;2;3;904
;1;2;3;905
;1;2;3;68;129
;1;2;3;57;26
;1;2;3;99;79
;1;2;3;906
;1;2;3;262;16;188
;1;2;27;907
;1;2;3;908
;1;2;3;173;63
;1;2;3;909
;1;2;3;910
;1;2;3;179;16;294
;1;2;3;94;121
;1;2;3;911
;1;2;3;20;74
;1;2;3;912
;1;2;3;913
;1;2;3;96;136
;1;2;3;66;127
;1;2;3;914
;1;2;3;20;26
;1;2;3;915
;1;2;3;916
;1;2;3;89;129
;1;2;3;66;21
;1;2;3;66;97
;1;2;3;44;83
;1;2;3;917
;1;2;3;30;58
;1;2;3;94;74
;1;2;3;918
;1;2;3;25;136
;1;2;3;9;107
;1;2;3;7;107
;1;2;3;126;81
;1;2;3;103;21
;1;2;3;919
;1;2;3;920
;1;2;3;921
;1;2;3;103;212
;1;2;3;124;97
;1;2;3;922
;1;2;3;923
;924
;1;2;3;925
;1;2;3;926
;1;2;3;7;130
;1;2;3;142;24
;1;2;3;173;62
;1;2;3;927
;1;2;3;928
;1;2;3;25;91
;1;2;3;929
;1;2;3;71;181
;1;2;3;135;21
;1;2;3;930
;1;2;3;931
;1;2;3;173;74
;1;2;3;124;107
;1;2;3;932
;1;2;3;124;26
;1;2;3;933
;1;2;3;60;24
;1;2;27;934
;935
;1;2;3;48;16;317
;1;2;3;138;16;49
;1;2;3;936
;1;2;3;54;16;319
;1;2;3;176;127
;1;2;3;89;63
;1;2;3;68;143
;1;2;3;173;107
;1;2;3;94;26
;1;2;3;937
;938
;1;2;27;939
;1;2;3;133;37
;1;2;3;115;74
;1;2;3;145;121
;1;2;3;147;58
;1;2;3;940
;1;2;3;133;23
;1;2;3;274;181
;1;2;3;44;129
;1;2;3;941
;1;2;3;942
;1;2;3;71;38
;1;2;3;943
;1;2;3;53;156
;1;2;3;102;5
;944
;1;2;3;945
;1;2;3;946
;1;2;27;947
;1;2;3;96;130
;1;2;3;22;212
;1;2;3;948
;1;2;3;949
;1;2;3;102;10
;1;2;3;9;91
;1;2;3;138;16;319
;1;2;3;157;212
;1;2;3;950
;1;2;3;951
;1;2;3;71;69
;1;2;3;952
;1;2;3;60;83
;1;2;3;372;16;242
;1;2;3;89;83
;1;2;3;953
;1;2;3;954
;1;2;3;955
;1;2;27;956
;1;2;3;179;16;355
;1;2;3;124;156
;1;2;3;262;16;49
;1;2;3;73;143
;1;2;3;957
;1;2;3;30;91
;1;2;3;59;212
;1;2;3;958
;1;2;3;959
;1;2;3;960
;961
;1;2;3;4;121
;1;2;3;962
;1;2;3;96;26
;1;2;3;99;121
;1;2;3;57;51
;1;2;3;133;143
;1;2;3;179;16;188
;1;2;3;59;31
;1;2;3;963
;964
;1;2;3;176;77
;1;2;3;965
;1;2;3;966
;1;2;3;50;26
;1;2;3;145;130
;1;2;3;7;26
;1;2;3;967
;1;2;3;39;968
;1;2;3;173;129
;1;2;3;969
;1;2;3;262;16;355
;1;2;3;15;16;306
;1;2;3;970
;1;2;3;48;16;128
;1;2;3;25;5
;1;2;3;54;16;49
;1;2;3;971
;1;2;3;70;62
;1;2;3;115;51
;1;2;3;972
;1;2;3;241;16;276
;1;2;3;973
;1;2;3;102;181
;1;2;3;103;143
;1;2;3;974
;1;2;3;89;24
;1;2;3;59;21
;1;2;3;4;129
;1;2;3;975
;1;2;3;142;129
;1;2;3;20;212
;1;2;3;976
;1;2;3;977
;1;2;3;99;74
;1;2;3;978
;1;2;3;96;24
;1;2;3;979
;1;2;3;41;21
;1;2;3;57;97
;1;2;3;142;10
;1;2;3;59;74
;980
;1;2;33;981
;1;2;3;157;37
;1;2;3;145;81
;1;2;3;982
;1;2;3;25;51
;1;2;3;176;42
;1;2;3;124;212
;1;2;3;66;58
;1;2;3;115;81
;1;2;3;983
;1;2;3;984
;1;2;3;985
;1;2;3;986
;1;2;3;138;16;180
;987
;1;2;3;262;16;174
;1;2;3;988
;1;2;3;138;16;128
;1;2;3;989
;1;2;3;22;62
;1;2;3;145;74
;1;2;3;990
;1;2;3;991
;1;2;27;992
;1;2;3;35;16;139
;1;2;3;147;42
;1;2;3;993
;1;2;3;994
;1;2;3;995
;1;2;3;57;107
;1;2;3;996
;1;2;3;103;24
;1;2;3;997
;1;2;3;998
;1;2;3;999
;1;2;3;66;81
;1;2;3;94;72
;1;2;3;138;16;294
;1;2;3;1000
;1;2;27;1001
;1;2;3;1002
;1;2;3;1003
;1;2;3;1004
;1;2;3;1005
;1;2;3;99;77
;1;2;3;145;91
;1;2;3;135;79
;1;2;3;57;134
;1;2;3;1006
;1007
;1;2;3;44;58
;1;2;3;1008
;1;2;3;173;24
;1;2;3;1009
;1;2;3;48;16;215
;1;2;3;57;127
;1;2;3;1010
;1;2;3;1011
;1;2;3;147;10
;1;2;3;1012
;1;2;3;1013
;1;2;3;1014
;1;2;3;147;26
;1;2;3;1015
;1;2;3;1016
;1;2;3;1017
;1;2;3;126;51
;1;2;3;102;24
;1;2;3;50;77
;1;2;3;1018
;1;2;3;1019
;1;2;3;50;63
;1;2;3;1020
;1;2;3;50;212
;1;2;3;1021
;1;2;3;57;81
;1;2;3;1022
;1;2;3;20;23
;1;2;3;414;16;226
;1;2;3;44;74
;1;2;3;1023
;1;2;3;1024
;1;2;3;1025
;1;2;3;124;91
;1;2;3;1026
;1;2;3;1027
;1;2;3;1028
;1;2;3;1029
;1;2;3;1030
;1;2;3;1031
;1;2;3;15;16;180
;1;2;3;4;51
;1;2;3;99;38
;1;2;3;59;81
;1;2;3;44;23
;1;2;3;96;83
;1;2;3;73;181
;1;2;3;71;74
;1;2;3;1032
;1;2;3;94;127
;1;2;3;142;37
;1;2;3;1033
;1;2;3;241;16;166
;1;2;3;133;72
;1;2;3;103;69
;1;2;3;53;51
;1;2;3;1034
;1;2;3;25;81
;1;2;3;11;91
;1;2;3;1035
;1036
;1;2;3;1037
;1;2;3;15;16;355
;1;2;3;48;16;355
;1;2;3;71;97
;1;2;3;57;21
;1;2;3;1038
;1;2;3;1039
;1;2;3;57;42
;1;2;3;1040
;1;2;3;1041
;1;2;3;59;77
;1;2;27;1042
;1;2;3;96;31
;1;2;3;1043
;1;2;3;225;16;276
;1;2;3;1044
;1045
;1046
;1047
;1048
;1049
;1050
;1051
;1052
;1053
;1054
;1055
;1056
;1057
;1058
;1059
;1060
;1061
;1062
;1063
;1064
;1065
;1066
;1067
;1068
