1761,0
804,0
210,0
0,321
0,771
531,1
1129,1
1,488
1,962
1571,2
1571,1768
1571,1769
1571,1934
1934,2
2,1244
2,1768
2042,3
2079,3
2079,4
2079,5
2079,8
2079,9
2079,10
2079,12
2079,13
2079,17
2079,19
2079,23
2079,24
2079,25
2079,26
2079,27
2079,29
2079,30
2079,31
2079,33
2079,36
2079,37
2079,42
2079,43
2079,44
2079,46
2079,50
2079,51
2079,52
2079,54
2079,55
2079,56
2079,57
2079,59
2079,60
2079,61
2079,62
2079,63
2079,67
2079,69
2079,70
2079,71
2079,73
2079,74
2079,76
2079,77
2079,79
2079,80
2079,82
2079,83
2079,84
2079,85
2079,86
2079,88
2079,89
2079,93
2079,97
2079,98
2079,102
2079,104
2079,108
2079,111
2079,112
2079,113
2079,114
2079,117
2079,123
2079,125
2079,126
2079,129
2079,132
2079,135
2079,137
2079,144
2079,146
2079,148
2079,149
2079,150
2079,151
2079,153
2079,154
2079,155
2079,160
2079,162
2079,164
2079,165
2079,167
2079,170
2079,171
2079,172
2079,174
2079,175
2079,176
2079,177
2079,178
2079,179
2079,180
2079,181
2079,186
2079,190
2079,194
2079,195
2079,197
2079,200
2079,201
2079,202
2079,204
2079,205
2079,212
2079,215
2079,217
2079,218
2079,223
2079,224
2079,225
2079,227
2079,228
2079,230
2079,231
2079,232
2079,233
2079,234
2079,236
2079,239
2079,242
2079,244
2079,246
2079,247
2079,248
2079,249
2079,250
2079,255
2079,256
2079,258
2079,259
2079,260
2079,266
2079,267
2079,268
2079,269
2079,270
2079,271
2079,273
2079,274
2079,278
2079,281
2079,284
2079,285
2079,288
2079,289
2079,294
2079,295
2079,296
2079,297
2079,298
2079,299
2079,300
2079,301
2079,302
2079,303
2079,304
2079,305
2079,307
2079,309
2079,310
2079,313
2079,315
2079,318
2079,320
2079,321
2079,326
2079,327
2079,328
2079,329
2079,331
2079,335
2079,336
2079,337
2079,339
2079,340
2079,341
2079,342
2079,343
2079,344
2079,346
2079,348
2079,351
2079,352
2079,354
2079,355
2079,356
2079,357
2079,358
2079,360
2079,363
2079,364
2079,368
2079,369
2079,372
2079,373
2079,374
2079,379
2079,381
2079,383
2079,384
2079,386
2079,387
2079,388
2079,389
2079,391
2079,394
2079,398
2079,399
2079,402
2079,403
2079,404
2079,405
2079,406
2079,407
2079,409
2079,410
2079,411
2079,412
2079,413
2079,415
2079,416
2079,417
2079,418
2079,419
2079,420
2079,421
2079,423
2079,426
2079,427
2079,429
2079,432
2079,433
2079,434
2079,435
2079,438
2079,439
2079,443
2079,444
2079,445
2079,450
2079,451
2079,454
2079,455
2079,456
2079,457
2079,459
2079,460
2079,463
2079,465
2079,467
2079,470
2079,476
2079,478
2079,479
2079,480
2079,481
2079,483
2079,485
2079,487
2079,488
2079,489
2079,490
2079,492
2079,499
2079,503
2079,505
2079,506
2079,509
2079,510
2079,511
2079,512
2079,513
2079,515
2079,516
2079,517
2079,518
2079,521
2079,523
2079,528
2079,529
2079,531
2079,535
2079,536
2079,540
2079,541
2079,542
2079,544
2079,545
2079,546
2079,550
2079,551
2079,552
2079,556
2079,558
2079,559
2079,560
2079,563
2079,565
2079,568
2079,569
2079,570
2079,571
2079,572
2079,573
2079,575
2079,577
2079,581
2079,583
2079,585
2079,587
2079,589
2079,590
2079,592
2079,593
2079,594
2079,595
2079,597
2079,598
2079,599
2079,602
2079,603
2079,604
2079,606
2079,607
2079,609
2079,614
2079,615
2079,616
2079,617
2079,618
2079,619
2079,621
2079,623
2079,626
2079,627
2079,628
2079,629
2079,630
2079,631
2079,633
2079,635
2079,640
2079,642
2079,644
2079,648
2079,650
2079,652
2079,657
2079,658
2079,659
2079,661
2079,663
2079,664
2079,667
2079,668
2079,669
2079,671
2079,672
2079,674
2079,677
2079,680
2079,681
2079,688
2079,690
2079,691
2079,692
2079,693
2079,695
2079,698
2079,701
2079,702
2079,703
2079,704
2079,705
2079,706
2079,708
2079,709
2079,710
2079,713
2079,714
2079,715
2079,716
2079,717
2079,722
2079,723
2079,724
2079,726
2079,728
2079,730
2079,731
2079,733
2079,734
2079,735
2079,736
2079,743
2079,744
2079,746
2079,747
2079,749
2079,750
2079,751
2079,755
2079,756
2079,757
2079,758
2079,760
2079,762
2079,769
2079,770
2079,772
2079,777
2079,780
2079,781
2079,782
2079,790
2079,791
2079,793
2079,795
2079,796
2079,797
2079,798
2079,799
2079,800
2079,802
2079,803
2079,804
2079,808
2079,809
2079,812
2079,813
2079,814
2079,815
2079,822
2079,825
2079,828
2079,829
2079,831
2079,832
2079,833
2079,835
2079,836
2079,838
2079,839
2079,840
2079,845
2079,846
2079,850
2079,852
2079,854
2079,856
2079,857
2079,860
2079,861
2079,862
2079,864
2079,865
2079,866
2079,867
2079,869
2079,870
2079,871
2079,872
2079,879
2079,881
2079,883
2079,885
2079,886
2079,887
2079,888
2079,889
2079,890
2079,896
2079,897
2079,898
2079,900
2079,901
2079,902
2079,903
2079,905
2079,907
2079,916
2079,917
2079,920
2079,926
2079,929
2079,930
2079,931
2079,933
2079,935
2079,936
2079,937
2079,938
2079,941
2079,943
2079,944
2079,946
2079,947
2079,948
2079,951
2079,953
2079,954
2079,955
2079,956
2079,957
2079,958
2079,961
2079,963
2079,966
2079,967
2079,969
2079,970
2079,972
2079,973
2079,974
2079,976
2079,977
2079,978
2079,979
2079,981
2079,984
2079,988
2079,989
2079,990
2079,993
2079,994
2079,995
2079,1000
2079,1001
2079,1002
2079,1004
2079,1006
2079,1007
2079,1008
2079,1009
2079,1011
2079,1012
2079,1013
2079,1017
2079,1018
2079,1019
2079,1020
2079,1022
2079,1025
2079,1026
2079,1027
2079,1029
2079,1030
2079,1031
2079,1032
2079,1034
2079,1036
2079,1037
2079,1040
2079,1041
2079,1042
2079,1043
2079,1045
2079,1046
2079,1050
2079,1054
2079,1055
2079,1056
2079,1058
2079,1059
2079,1061
2079,1064
2079,1065
2079,1067
2079,1070
2079,1071
2079,1072
2079,1073
2079,1075
2079,1077
2079,1078
2079,1079
2079,1080
2079,1081
2079,1082
2079,1083
2079,1085
2079,1086
2079,1088
2079,1092
2079,1093
2079,1094
2079,1095
2079,1101
2079,1103
2079,1105
2079,1108
2079,1109
2079,1110
2079,1111
2079,1112
2079,1114
2079,1115
2079,1116
2079,1120
2079,1121
2079,1125
2079,1127
2079,1129
2079,1130
2079,1132
2079,1133
2079,1135
2079,1136
2079,1138
2079,1139
2079,1141
2079,1143
2079,1145
2079,1147
2079,1148
2079,1149
2079,1152
2079,1153
2079,1154
2079,1156
2079,1157
2079,1158
2079,1159
2079,1160
2079,1162
2079,1164
2079,1165
2079,1166
2079,1168
2079,1172
2079,1173
2079,1177
2079,1179
2079,1180
2079,1181
2079,1182
2079,1184
2079,1186
2079,1188
2079,1189
2079,1190
2079,1191
2079,1192
2079,1194
2079,1195
2079,1197
2079,1200
2079,1201
2079,1203
2079,1204
2079,1205
2079,1206
2079,1207
2079,1208
2079,1209
2079,1210
2079,1212
2079,1217
2079,1218
2079,1219
2079,1220
2079,1221
2079,1223
2079,1225
2079,1226
2079,1228
2079,1229
2079,1230
2079,1232
2079,1233
2079,1236
2079,1238
2079,1240
2079,1241
2079,1242
2079,1243
2079,1244
2079,1245
2079,1246
2079,1249
2079,1250
2079,1254
2079,1255
2079,1256
2079,1257
2079,1258
2079,1260
2079,1262
2079,1263
2079,1264
2079,1265
2079,1267
2079,1270
2079,1271
2079,1272
2079,1274
2079,1278
2079,1279
2079,1280
2079,1281
2079,1282
2079,1283
2079,1284
2079,1287
2079,1289
2079,1291
2079,1294
2079,1295
2079,1296
2079,1300
2079,1301
2079,1302
2079,1304
2079,1306
2079,1312
2079,1313
2079,1314
2079,1315
2079,1316
2079,1318
2079,1320
2079,1321
2079,1326
2079,1328
2079,1329
2079,1332
2079,1334
2079,1336
2079,1337
2079,1338
2079,1340
2079,1341
2079,1344
2079,1345
2079,1349
2079,1350
2079,1352
2079,1355
2079,1356
2079,1357
2079,1363
2079,1364
2079,1365
2079,1367
2079,1368
2079,1369
2079,1372
2079,1374
2079,1375
2079,1376
2079,1377
2079,1378
2079,1381
2079,1385
2079,1386
2079,1387
2079,1392
2079,1395
2079,1396
2079,1397
2079,1399
2079,1400
2079,1401
2079,1402
2079,1403
2079,1404
2079,1406
2079,1407
2079,1412
2079,1416
2079,1417
2079,1418
2079,1419
2079,1422
2079,1425
2079,1426
2079,1427
2079,1428
2079,1429
2079,1430
2079,1432
2079,1435
2079,1438
2079,1439
2079,1441
2079,1442
2079,1444
2079,1445
2079,1448
2079,1451
2079,1452
2079,1455
2079,1456
2079,1460
2079,1462
2079,1463
2079,1464
2079,1468
2079,1469
2079,1470
2079,1471
2079,1472
2079,1474
2079,1477
2079,1478
2079,1479
2079,1480
2079,1483
2079,1485
2079,1488
2079,1491
2079,1492
2079,1494
2079,1497
2079,1499
2079,1502
2079,1503
2079,1507
2079,1511
2079,1512
2079,1517
2079,1518
2079,1522
2079,1524
2079,1526
2079,1527
2079,1530
2079,1531
2079,1532
2079,1533
2079,1536
2079,1542
2079,1544
2079,1546
2079,1550
2079,1552
2079,1555
2079,1558
2079,1560
2079,1562
2079,1563
2079,1568
2079,1569
2079,1571
2079,1573
2079,1574
2079,1579
2079,1580
2079,1581
2079,1584
2079,1585
2079,1586
2079,1588
2079,1591
2079,1594
2079,1595
2079,1596
2079,1597
2079,1598
2079,1602
2079,1603
2079,1605
2079,1606
2079,1611
2079,1613
2079,1614
2079,1617
2079,1619
2079,1621
2079,1622
2079,1624
2079,1626
2079,1629
2079,1630
2079,1632
2079,1638
2079,1639
2079,1640
2079,1641
2079,1642
2079,1643
2079,1645
2079,1647
2079,1649
2079,1650
2079,1651
2079,1652
2079,1653
2079,1655
2079,1656
2079,1658
2079,1659
2079,1660
2079,1663
2079,1664
2079,1665
2079,1666
2079,1669
2079,1670
2079,1671
2079,1673
2079,1678
2079,1680
2079,1682
2079,1683
2079,1684
2079,1688
2079,1690
2079,1692
2079,1693
2079,1694
2079,1696
2079,1697
2079,1698
2079,1699
2079,1700
2079,1702
2079,1703
2079,1704
2079,1705
2079,1707
2079,1709
2079,1710
2079,1711
2079,1714
2079,1715
2079,1716
2079,1717
2079,1718
2079,1719
2079,1721
2079,1722
2079,1723
2079,1726
2079,1727
2079,1729
2079,1731
2079,1734
2079,1736
2079,1741
2079,1742
2079,1743
2079,1747
2079,1749
2079,1751
2079,1752
2079,1754
2079,1756
2079,1757
2079,1761
2079,1764
2079,1765
2079,1767
2079,1770
2079,1774
2079,1777
2079,1778
2079,1779
2079,1782
2079,1784
2079,1785
2079,1786
2079,1790
2079,1791
2079,1794
2079,1795
2079,1796
2079,1797
2079,1800
2079,1801
2079,1802
2079,1803
2079,1804
2079,1805
2079,1806
2079,1807
2079,1809
2079,1810
2079,1813
2079,1815
2079,1816
2079,1817
2079,1819
2079,1820
2079,1821
2079,1822
2079,1823
2079,1825
2079,1826
2079,1827
2079,1828
2079,1830
2079,1832
2079,1835
2079,1838
2079,1839
2079,1840
2079,1841
2079,1843
2079,1845
2079,1846
2079,1848
2079,1853
2079,1857
2079,1858
2079,1860
2079,1861
2079,1862
2079,1865
2079,1866
2079,1870
2079,1871
2079,1872
2079,1873
2079,1875
2079,1876
2079,1878
2079,1879
2079,1882
2079,1884
2079,1886
2079,1887
2079,1888
2079,1890
2079,1891
2079,1892
2079,1893
2079,1894
2079,1897
2079,1898
2079,1901
2079,1902
2079,1903
2079,1907
2079,1908
2079,1912
2079,1913
2079,1914
2079,1915
2079,1916
2079,1918
2079,1919
2079,1924
2079,1927
2079,1928
2079,1929
2079,1932
2079,1935
2079,1936
2079,1937
2079,1938
2079,1939
2079,1940
2079,1942
2079,1943
2079,1944
2079,1945
2079,1946
2079,1947
2079,1950
2079,1952
2079,1954
2079,1955
2079,1957
2079,1958
2079,1959
2079,1961
2079,1962
2079,1964
2079,1967
2079,1968
2079,1969
2079,1970
2079,1976
2079,1977
2079,1979
2079,1980
2079,1982
2079,1986
2079,1989
2079,1990
2079,1995
2079,1998
2079,1999
2079,2001
2079,2003
2079,2004
2079,2006
2079,2009
2079,2013
2079,2018
2079,2019
2079,2022
2079,2023
2079,2026
2079,2028
2079,2029
2079,2031
2079,2036
2079,2037
2079,2038
2079,2039
2079,2040
2079,2041
2079,2043
2079,2045
2079,2049
2079,2055
2079,2057
2079,2061
2079,2063
2079,2064
2079,2065
2079,2067
2079,2069
2079,2070
2079,2071
2079,2072
2079,2073
2079,2076
2079,2077
2080,3
2080,4
2080,5
2080,8
2080,9
2080,10
2080,12
2080,13
2080,17
2080,19
2080,23
2080,24
2080,25
2080,26
2080,27
2080,29
2080,30
2080,31
2080,33
2080,36
2080,37
2080,42
2080,43
2080,44
2080,46
2080,50
2080,51
2080,52
2080,54
2080,55
2080,56
2080,57
2080,59
2080,60
2080,61
2080,62
2080,63
2080,67
2080,69
2080,70
2080,71
2080,73
2080,74
2080,76
2080,77
2080,79
2080,80
2080,82
2080,83
2080,84
2080,85
2080,86
2080,88
2080,89
2080,93
2080,97
2080,98
2080,102
2080,104
2080,108
2080,111
2080,112
2080,113
2080,114
2080,117
2080,123
2080,125
2080,126
2080,129
2080,132
2080,135
2080,137
2080,144
2080,146
2080,148
2080,149
2080,150
2080,151
2080,153
2080,154
2080,155
2080,160
2080,162
2080,164
2080,165
2080,167
2080,170
2080,171
2080,172
2080,174
2080,175
2080,176
2080,177
2080,178
2080,179
2080,180
2080,181
2080,186
2080,190
2080,194
2080,195
2080,197
2080,200
2080,201
2080,202
2080,204
2080,205
2080,212
2080,215
2080,217
2080,218
2080,223
2080,224
2080,225
2080,227
2080,228
2080,230
2080,231
2080,232
2080,233
2080,234
2080,236
2080,239
2080,242
2080,244
2080,246
2080,247
2080,248
2080,249
2080,250
2080,255
2080,256
2080,258
2080,259
2080,260
2080,266
2080,267
2080,268
2080,269
2080,270
2080,271
2080,273
2080,274
2080,278
2080,281
2080,284
2080,285
2080,288
2080,289
2080,294
2080,295
2080,296
2080,297
2080,298
2080,299
2080,300
2080,301
2080,302
2080,303
2080,304
2080,305
2080,307
2080,309
2080,310
2080,313
2080,315
2080,318
2080,320
2080,321
2080,326
2080,327
2080,328
2080,329
2080,331
2080,335
2080,336
2080,337
2080,339
2080,340
2080,341
2080,342
2080,343
2080,344
2080,346
2080,348
2080,351
2080,352
2080,354
2080,355
2080,356
2080,357
2080,358
2080,360
2080,363
2080,364
2080,368
2080,369
2080,372
2080,373
2080,374
2080,379
2080,381
2080,383
2080,384
2080,386
2080,387
2080,388
2080,389
2080,391
2080,394
2080,398
2080,399
2080,402
2080,403
2080,404
2080,405
2080,406
2080,407
2080,409
2080,410
2080,411
2080,412
2080,413
2080,415
2080,416
2080,417
2080,418
2080,419
2080,420
2080,421
2080,423
2080,426
2080,427
2080,429
2080,432
2080,433
2080,434
2080,435
2080,438
2080,439
2080,443
2080,444
2080,445
2080,450
2080,451
2080,454
2080,455
2080,456
2080,457
2080,459
2080,460
2080,463
2080,465
2080,467
2080,470
2080,476
2080,478
2080,479
2080,480
2080,481
2080,483
2080,485
2080,487
2080,488
2080,489
2080,490
2080,492
2080,499
2080,503
2080,505
2080,506
2080,509
2080,510
2080,511
2080,512
2080,513
2080,515
2080,516
2080,517
2080,518
2080,521
2080,523
2080,528
2080,529
2080,531
2080,535
2080,536
2080,540
2080,541
2080,542
2080,544
2080,545
2080,546
2080,550
2080,551
2080,552
2080,556
2080,558
2080,559
2080,560
2080,563
2080,565
2080,568
2080,569
2080,570
2080,571
2080,572
2080,573
2080,575
2080,577
2080,581
2080,583
2080,585
2080,587
2080,589
2080,590
2080,592
2080,593
2080,594
2080,595
2080,597
2080,598
2080,599
2080,602
2080,603
2080,604
2080,606
2080,607
2080,609
2080,614
2080,615
2080,616
2080,617
2080,618
2080,619
2080,621
2080,623
2080,626
2080,627
2080,628
2080,629
2080,630
2080,631
2080,633
2080,635
2080,640
2080,642
2080,644
2080,648
2080,650
2080,652
2080,657
2080,658
2080,659
2080,661
2080,663
2080,664
2080,667
2080,668
2080,669
2080,671
2080,672
2080,674
2080,677
2080,680
2080,681
2080,688
2080,690
2080,691
2080,692
2080,693
2080,695
2080,698
2080,701
2080,702
2080,703
2080,704
2080,705
2080,706
2080,708
2080,709
2080,710
2080,713
2080,714
2080,715
2080,716
2080,717
2080,722
2080,723
2080,724
2080,726
2080,728
2080,730
2080,731
2080,733
2080,734
2080,735
2080,736
2080,743
2080,744
2080,746
2080,747
2080,749
2080,750
2080,751
2080,755
2080,756
2080,757
2080,758
2080,760
2080,762
2080,769
2080,770
2080,772
2080,777
2080,780
2080,781
2080,782
2080,790
2080,791
2080,793
2080,795
2080,796
2080,797
2080,798
2080,799
2080,800
2080,802
2080,803
2080,804
2080,808
2080,809
2080,812
2080,813
2080,814
2080,815
2080,822
2080,825
2080,828
2080,829
2080,831
2080,832
2080,833
2080,835
2080,836
2080,838
2080,839
2080,840
2080,845
2080,846
2080,850
2080,852
2080,854
2080,856
2080,857
2080,860
2080,861
2080,862
2080,864
2080,865
2080,866
2080,867
2080,869
2080,870
2080,871
2080,872
2080,879
2080,881
2080,883
2080,885
2080,886
2080,887
2080,888
2080,889
2080,890
2080,896
2080,897
2080,898
2080,900
2080,901
2080,902
2080,903
2080,905
2080,907
2080,916
2080,917
2080,920
2080,926
2080,929
2080,930
2080,931
2080,933
2080,935
2080,936
2080,937
2080,938
2080,941
2080,943
2080,944
2080,946
2080,947
2080,948
2080,951
2080,953
2080,954
2080,955
2080,956
2080,957
2080,958
2080,961
2080,963
2080,966
2080,967
2080,969
2080,970
2080,972
2080,973
2080,974
2080,976
2080,977
2080,978
2080,979
2080,981
2080,984
2080,988
2080,989
2080,990
2080,993
2080,994
2080,995
2080,1000
2080,1001
2080,1002
2080,1004
2080,1006
2080,1007
2080,1008
2080,1009
2080,1011
2080,1012
2080,1013
2080,1017
2080,1018
2080,1019
2080,1020
2080,1022
2080,1025
2080,1026
2080,1027
2080,1029
2080,1030
2080,1031
2080,1032
2080,1034
2080,1036
2080,1037
2080,1040
2080,1041
2080,1042
2080,1043
2080,1045
2080,1046
2080,1050
2080,1054
2080,1055
2080,1056
2080,1058
2080,1059
2080,1061
2080,1064
2080,1065
2080,1067
2080,1070
2080,1071
2080,1072
2080,1073
2080,1075
2080,1077
2080,1078
2080,1079
2080,1080
2080,1081
2080,1082
2080,1083
2080,1085
2080,1086
2080,1088
2080,1092
2080,1093
2080,1094
2080,1095
2080,1101
2080,1103
2080,1105
2080,1108
2080,1109
2080,1110
2080,1111
2080,1112
2080,1114
2080,1115
2080,1116
2080,1120
2080,1121
2080,1125
2080,1127
2080,1129
2080,1130
2080,1132
2080,1133
2080,1135
2080,1136
2080,1138
2080,1139
2080,1141
2080,1143
2080,1145
2080,1147
2080,1148
2080,1149
2080,1152
2080,1153
2080,1154
2080,1156
2080,1157
2080,1158
2080,1159
2080,1160
2080,1162
2080,1164
2080,1165
2080,1166
2080,1168
2080,1172
2080,1173
2080,1177
2080,1179
2080,1180
2080,1181
2080,1182
2080,1184
2080,1186
2080,1188
2080,1189
2080,1190
2080,1191
2080,1192
2080,1194
2080,1195
2080,1197
2080,1200
2080,1201
2080,1203
2080,1204
2080,1205
2080,1206
2080,1207
2080,1208
2080,1209
2080,1210
2080,1212
2080,1217
2080,1218
2080,1219
2080,1220
2080,1221
2080,1223
2080,1225
2080,1226
2080,1228
2080,1229
2080,1230
2080,1232
2080,1233
2080,1236
2080,1238
2080,1240
2080,1241
2080,1242
2080,1243
2080,1244
2080,1245
2080,1246
2080,1249
2080,1250
2080,1254
2080,1255
2080,1256
2080,1257
2080,1258
2080,1260
2080,1262
2080,1263
2080,1264
2080,1265
2080,1267
2080,1270
2080,1271
2080,1272
2080,1274
2080,1278
2080,1279
2080,1280
2080,1281
2080,1282
2080,1283
2080,1284
2080,1287
2080,1289
2080,1291
2080,1294
2080,1295
2080,1296
2080,1300
2080,1301
2080,1302
2080,1304
2080,1306
2080,1312
2080,1313
2080,1314
2080,1315
2080,1316
2080,1318
2080,1320
2080,1321
2080,1326
2080,1328
2080,1329
2080,1332
2080,1334
2080,1336
2080,1337
2080,1338
2080,1340
2080,1341
2080,1344
2080,1345
2080,1349
2080,1350
2080,1352
2080,1355
2080,1356
2080,1357
2080,1363
2080,1364
2080,1365
2080,1367
2080,1368
2080,1369
2080,1372
2080,1374
2080,1375
2080,1376
2080,1377
2080,1378
2080,1381
2080,1385
2080,1386
2080,1387
2080,1392
2080,1395
2080,1396
2080,1397
2080,1399
2080,1400
2080,1401
2080,1402
2080,1403
2080,1404
2080,1406
2080,1407
2080,1412
2080,1416
2080,1417
2080,1418
2080,1419
2080,1422
2080,1425
2080,1426
2080,1427
2080,1428
2080,1429
2080,1430
2080,1432
2080,1435
2080,1438
2080,1439
2080,1441
2080,1442
2080,1444
2080,1445
2080,1448
2080,1451
2080,1452
2080,1455
2080,1456
2080,1460
2080,1462
2080,1463
2080,1464
2080,1468
2080,1469
2080,1470
2080,1471
2080,1472
2080,1474
2080,1477
2080,1478
2080,1479
2080,1480
2080,1483
2080,1485
2080,1488
2080,1491
2080,1492
2080,1494
2080,1497
2080,1499
2080,1502
2080,1503
2080,1507
2080,1511
2080,1512
2080,1517
2080,1518
2080,1522
2080,1524
2080,1526
2080,1527
2080,1530
2080,1531
2080,1532
2080,1533
2080,1536
2080,1542
2080,1544
2080,1546
2080,1550
2080,1552
2080,1555
2080,1558
2080,1560
2080,1562
2080,1563
2080,1568
2080,1569
2080,1571
2080,1573
2080,1574
2080,1579
2080,1580
2080,1581
2080,1584
2080,1585
2080,1586
2080,1588
2080,1591
2080,1594
2080,1595
2080,1596
2080,1597
2080,1598
2080,1602
2080,1603
2080,1605
2080,1606
2080,1611
2080,1613
2080,1614
2080,1617
2080,1619
2080,1621
2080,1622
2080,1624
2080,1626
2080,1629
2080,1630
2080,1632
2080,1638
2080,1639
2080,1640
2080,1641
2080,1642
2080,1643
2080,1645
2080,1647
2080,1649
2080,1650
2080,1651
2080,1652
2080,1653
2080,1655
2080,1656
2080,1658
2080,1659
2080,1660
2080,1663
2080,1664
2080,1665
2080,1666
2080,1669
2080,1670
2080,1671
2080,1673
2080,1678
2080,1680
2080,1682
2080,1683
2080,1684
2080,1688
2080,1690
2080,1692
2080,1693
2080,1694
2080,1696
2080,1697
2080,1698
2080,1699
2080,1700
2080,1702
2080,1703
2080,1704
2080,1705
2080,1707
2080,1709
2080,1710
2080,1711
2080,1714
2080,1715
2080,1716
2080,1717
2080,1718
2080,1719
2080,1721
2080,1722
2080,1723
2080,1726
2080,1727
2080,1729
2080,1731
2080,1734
2080,1736
2080,1741
2080,1742
2080,1743
2080,1747
2080,1749
2080,1751
2080,1752
2080,1754
2080,1756
2080,1757
2080,1761
2080,1764
2080,1765
2080,1767
2080,1770
2080,1774
2080,1777
2080,1778
2080,1779
2080,1782
2080,1784
2080,1785
2080,1786
2080,1790
2080,1791
2080,1794
2080,1795
2080,1796
2080,1797
2080,1800
2080,1801
2080,1802
2080,1803
2080,1804
2080,1805
2080,1806
2080,1807
2080,1809
2080,1810
2080,1813
2080,1815
2080,1816
2080,1817
2080,1819
2080,1820
2080,1821
2080,1822
2080,1823
2080,1825
2080,1826
2080,1827
2080,1828
2080,1830
2080,1832
2080,1835
2080,1838
2080,1839
2080,1840
2080,1841
2080,1843
2080,1845
2080,1846
2080,1848
2080,1853
2080,1857
2080,1858
2080,1860
2080,1861
2080,1862
2080,1865
2080,1866
2080,1870
2080,1871
2080,1872
2080,1873
2080,1875
2080,1876
2080,1878
2080,1879
2080,1882
2080,1884
2080,1886
2080,1887
2080,1888
2080,1890
2080,1891
2080,1892
2080,1893
2080,1894
2080,1897
2080,1898
2080,1901
2080,1902
2080,1903
2080,1907
2080,1908
2080,1912
2080,1913
2080,1914
2080,1915
2080,1916
2080,1918
2080,1919
2080,1924
2080,1927
2080,1928
2080,1929
2080,1932
2080,1935
2080,1936
2080,1937
2080,1938
2080,1939
2080,1940
2080,1942
2080,1943
2080,1944
2080,1945
2080,1946
2080,1947
2080,1950
2080,1952
2080,1954
2080,1955
2080,1957
2080,1958
2080,1959
2080,1961
2080,1962
2080,1964
2080,1967
2080,1968
2080,1969
2080,1970
2080,1976
2080,1977
2080,1979
2080,1980
2080,1982
2080,1986
2080,1989
2080,1990
2080,1995
2080,1998
2080,1999
2080,2001
2080,2003
2080,2004
2080,2006
2080,2009
2080,2013
2080,2018
2080,2019
2080,2022
2080,2023
2080,2026
2080,2028
2080,2029
2080,2031
2080,2036
2080,2037
2080,2038
2080,2039
2080,2040
2080,2041
2080,2043
2080,2045
2080,2049
2080,2055
2080,2057
2080,2061
2080,2063
2080,2064
2080,2065
2080,2067
2080,2069
2080,2070
2080,2071
2080,2072
2080,2073
2080,2076
2080,2077
3,1885
1678,4
4,555
1834,5
5,739
631,6
2081,6
2081,6
2081,192
2081,192
2081,226
2081,226
2081,245
2081,245
2081,264
2081,264
2081,462
2081,462
2081,554
2081,554
2081,561
2081,561
2081,596
2081,596
2081,666
2081,666
2081,807
2081,807
2081,863
2081,863
2081,882
2081,882
2081,904
2081,904
2081,1140
2081,1140
2081,1293
2081,1293
2081,1346
2081,1346
2081,1567
2081,1567
2081,1748
2081,1748
2081,1783
2081,1783
2081,1789
2081,1789
2081,1818
2081,1818
2081,1904
2081,1904
2081,1984
2081,1984
2081,2008
2081,2008
2082,6
2082,192
2082,226
2082,245
2082,264
2082,462
2082,554
2082,561
2082,596
2082,666
2082,807
2082,863
2082,882
2082,904
2082,1140
2082,1293
2082,1346
2082,1567
2082,1748
2082,1783
2082,1789
2082,1818
2082,1904
2082,1984
2082,2008
114,7
8,7
2000,7
7,1697
7,1224
169,8
185,9
9,1599
921,10
10,1570
936,11
512,11
962,11
11,1364
11,496
1545,12
12,1849
1938,13
1938,1746
841,13
841,54
841,56
841,63
841,83
841,89
841,97
841,102
841,108
841,113
841,123
841,150
841,151
841,177
841,186
841,212
841,232
841,246
841,276
841,278
841,285
841,289
841,297
841,302
841,305
841,309
841,315
841,379
841,403
841,406
841,409
841,415
841,421
841,423
841,445
841,450
841,451
841,467
841,487
841,503
841,528
841,544
841,559
841,565
841,570
841,577
841,587
841,589
841,590
841,593
841,602
841,604
841,607
841,626
841,627
841,648
841,659
841,677
841,688
841,691
841,703
841,713
841,715
841,736
841,751
841,757
841,781
841,782
841,790
841,791
841,798
841,809
841,814
841,832
841,836
841,838
841,861
841,871
841,953
841,969
841,978
841,990
841,1006
841,1009
841,1011
841,1032
841,1036
841,1070
841,1077
841,1115
841,1127
841,1138
841,1153
841,1156
841,1162
841,1191
841,1197
841,1204
841,1206
841,1221
841,1249
841,1270
841,1271
841,1274
841,1284
841,1289
841,1301
841,1302
841,1306
841,1326
841,1342
841,1367
841,1395
841,1400
841,1419
841,1430
841,1445
841,1448
841,1451
841,1485
841,1512
841,1517
841,1532
841,1536
841,1550
841,1552
841,1562
841,1569
841,1581
841,1584
841,1586
841,1624
841,1629
841,1643
841,1650
841,1688
841,1692
841,1710
841,1717
841,1723
841,1734
841,1741
841,1747
841,1749
841,1751
841,1767
841,1779
841,1785
841,1791
841,1796
841,1797
841,1807
841,1817
841,1823
841,1846
841,1860
841,1870
841,1871
841,1875
841,1903
841,1913
841,1914
841,1938
841,1946
841,1959
841,1961
841,1977
841,2028
841,2040
841,2069
13,1393
13,1450
2036,14
444,14
1510,14
14,1166
14,1198
1492,15
1591,15
169,15
15,1112
15,786
2057,16
2057,712
16,1105
532,17
17,1411
852,18
419,18
1575,18
18,2072
18,922
823,19
19,1428
433,20
1345,20
773,20
20,1597
20,697
70,21
70,2060
776,21
21,1158
21,1023
1947,22
1947,306
1947,605
1947,919
1947,1151
2041,22
353,22
22,1698
22,306
1624,23
1624,593
23,1010
700,24
24,821
1993,25
25,2032
949,26
26,210
1308,27
27,124
1784,28
1784,892
1950,28
1950,892
992,28
28,1927
28,892
1713,29
29,771
1603,30
1603,362
1603,1495
30,643
1646,31
31,1003
958,32
388,32
660,32
32,955
32,1382
637,33
33,721
1632,34
1136,34
2025,34
34,438
34,1053
1940,35
1940,385
569,35
569,94
569,312
569,707
569,2062
2062,35
35,1316
35,707
1197,36
1197,1420
36,1196
36,1680
711,37
37,442
150,38
150,836
150,873
150,1272
150,1394
150,1523
150,1852
978,38
978,72
978,243
978,1434
1523,38
38,329
38,1852
870,39
1609,39
39,822
39,2048
1218,40
1218,1547
1670,40
1670,707
385,40
40,2019
40,2062
730,41
730,49
730,514
1641,41
1347,41
41,1463
41,49
1716,42
1716,1185
518,42
518,82
518,149
518,200
518,266
518,307
518,372
518,387
518,389
518,391
518,456
518,457
518,511
518,515
518,592
518,598
518,618
518,650
518,671
518,704
518,709
518,716
518,723
518,731
518,777
518,797
518,808
518,846
518,1001
518,1002
518,1004
518,1020
518,1105
518,1141
518,1154
518,1181
518,1219
518,1238
518,1257
518,1258
518,1262
518,1279
518,1332
518,1338
518,1350
518,1416
518,1429
518,1435
518,1438
518,1460
518,1497
518,1502
518,1622
518,1665
518,1684
518,1700
518,1702
518,1716
518,1765
518,1803
518,1809
518,1815
518,1841
518,1857
518,1865
518,1878
518,1888
518,1907
518,1908
518,1998
518,2009
518,2023
518,2057
42,314
42,1812
42,1888
605,43
43,1003
586,44
44,80
44,380
44,586
44,1052
44,1501
407,45
117,45
1391,45
45,1315
45,1174
68,46
46,1098
668,47
869,47
557,47
47,1893
47,275
2083,48
48,276
1935,49
1935,514
49,351
49,514
276,50
50,1184
1549,51
51,580
612,52
52,759
1419,53
1419,1966
53,1006
818,54
54,1358
54,1513
54,1708
2058,55
55,115
1581,56
1581,1573
56,1592
56,1674
56,1844
906,57
57,95
57,196
57,323
57,377
57,655
57,689
57,1949
1108,58
1108,1014
1108,1048
1108,1176
1108,1297
760,58
75,58
58,88
58,1014
291,59
59,311
1147,60
1147,400
60,1311
473,61
61,1510
1311,62
62,367
370,63
63,1378
63,1414
814,64
814,1036
64,1546
1377,65
1986,65
272,65
65,889
65,1799
1125,66
1412,66
1224,66
66,1072
66,115
1162,67
1162,1335
67,1599
1241,68
916,68
1447,68
68,1951
1677,69
69,637
1654,70
1631,71
71,1370
71,1991
72,733
237,73
73,749
159,74
74,525
74,1565
74,2034
1018,75
171,75
1618,75
75,714
119,76
76,1798
634,77
77,909
1527,78
269,78
182,78
78,419
78,1113
2002,79
79,1973
80,1599
418,81
81,872
216,82
82,391
82,1620
1487,83
83,284
83,1657
1024,84
84,424
486,85
85,1834
1481,86
86,1411
1562,87
1562,1745
87,278
88,1874
582,89
89,294
89,868
1546,90
1410,90
90,402
90,280
1908,91
1908,601
1908,711
711,91
91,1491
1936,92
160,92
287,92
92,1232
92,821
924,93
93,207
93,1829
707,94
94,1223
94,312
1511,95
377,95
95,146
95,689
1456,96
96,1526
1604,97
97,1376
97,1409
774,98
98,203
951,99
1912,99
1847,99
99,1203
99,1003
355,100
355,522
355,639
355,696
355,893
355,1637
355,1953
355,2050
355,2060
573,100
573,898
573,1930
1549,100
100,463
100,696
570,101
570,615
101,1860
677,102
677,1180
102,653
102,1625
756,103
756,624
813,103
813,624
624,103
103,1784
1174,104
104,530
1977,105
105,108
757,106
757,502
106,242
1999,107
236,107
940,107
107,1013
107,1253
108,1871
1154,109
1154,308
1154,376
109,1503
902,110
902,817
902,824
1236,110
1236,1227
1520,110
1520,110
110,1478
110,824
110,824
987,111
111,641
111,1465
1123,112
112,625
112,684
112,1183
112,1627
1128,113
113,1204
1331,114
1976,115
115,1168
115,759
609,116
1718,116
119,116
116,1381
116,1974
1465,117
1524,118
1524,252
1524,547
1524,579
1524,586
1524,1052
1524,1102
1524,1269
1524,1501
1524,1896
1524,1992
118,374
623,119
513,119
1672,119
2084,120
120,500
208,121
121,1395
556,122
556,159
556,345
556,347
556,1615
556,1616
994,122
994,400
1615,122
122,1173
122,347
502,123
123,333
123,1692
1294,124
1294,527
1294,880
1294,906
527,124
124,642
124,880
1519,125
125,878
638,126
126,591
126,1941
1729,127
1729,191
1729,219
1729,371
1729,395
1729,397
1729,996
1729,1062
1729,1134
1729,1601
1729,1685
1729,1772
1109,127
1109,219
219,127
127,1653
716,128
716,564
716,1476
808,128
808,187
808,1257
189,128
189,128
128,433
128,564
128,564
792,129
129,2052
1599,130
1731,130
576,130
130,1810
130,964
1029,131
1029,473
1029,611
656,131
656,131
131,1237
131,1237
519,132
132,591
132,1769
1262,133
1262,801
1900,133
133,479
133,849
703,134
703,1660
134,487
1899,135
135,1290
635,136
635,1292
175,136
175,1292
1292,136
136,1947
1628,137
137,962
1827,138
1827,1514
1220,138
1220,504
1220,1514
1514,138
138,865
412,139
412,486
412,891
139,897
590,140
140,309
1765,141
1765,511
1765,855
1765,1277
1765,1744
460,141
460,1744
855,141
141,223
141,1744
337,142
1203,142
759,142
142,845
142,1855
642,143
1120,143
678,143
143,480
143,1288
1170,144
144,1437
1181,145
1181,1612
145,457
146,1062
368,147
368,1214
989,147
989,2062
1547,147
147,407
147,385
584,148
148,718
1354,149
149,1258
149,1900
1728,150
1749,151
151,1280
151,1788
1955,152
2065,152
985,152
152,1794
152,1833
504,153
153,275
572,154
154,543
1049,155
155,1361
421,156
421,810
156,790
410,157
1278,157
1965,157
157,1287
157,1347
1036,158
1036,426
158,809
1616,159
778,160
260,161
1240,161
161,1649
161,2025
1730,162
162,625
1809,163
1809,894
1809,1733
163,1878
1473,164
164,1972
1532,165
1532,1175
165,1010
542,166
542,1994
166,1417
1516,167
167,1667
1037,168
825,168
608,168
168,1764
168,660
1736,169
455,169
1142,169
1261,170
170,1253
1408,171
1575,172
172,727
1364,173
1599,173
1068,173
173,1820
173,576
442,174
174,1433
1983,175
779,176
176,1836
868,177
177,687
177,1562
177,1989
1484,178
178,675
2056,179
179,1231
1842,180
180,1465
180,1528
1234,181
181,1261
1313,182
411,182
532,182
182,856
1221,183
1221,1276
183,1962
1260,184
336,184
794,184
184,1915
184,991
1058,185
1910,186
186,895
186,1138
1497,187
1497,842
1497,1424
1107,187
1107,187
187,1283
187,189
187,189
618,188
618,533
618,1648
1702,188
1702,456
1702,1051
314,188
188,1929
188,1239
1684,189
1684,564
1684,2023
2009,189
2009,1107
2009,1700
189,886
1450,190
190,1298
1651,191
1772,191
191,481
191,996
381,192
1188,193
1188,1500
193,1840
496,194
194,576
1247,195
195,264
1402,196
1288,196
196,1651
196,655
1849,197
197,346
1485,198
1485,1517
1485,1631
953,198
953,1144
953,1842
987,198
198,267
198,968
354,199
432,199
432,257
432,1759
819,199
199,1065
199,257
755,200
755,792
200,389
200,1834
1620,201
201,1965
498,202
202,1106
1143,203
1169,203
203,1761
203,1713
853,204
204,1466
1808,205
205,596
1157,206
1157,911
429,206
429,754
754,206
206,1468
206,911
1228,207
1228,1333
1228,1829
1829,207
207,724
2085,208
615,209
615,1039
615,1211
1423,209
1423,209
209,2007
209,2007
888,210
1015,210
210,1088
536,211
1027,211
1766,211
211,435
211,1701
767,212
212,520
212,1155
658,213
1164,213
466,213
213,883
213,353
1067,214
1067,676
299,214
299,553
299,1737
676,214
214,1707
214,553
2032,215
215,2052
731,216
731,1167
731,1317
221,217
217,1508
217,1911
453,218
218,1859
1601,219
219,2070
1995,220
220,2064
1828,221
1828,486
1828,1035
528,222
222,1779
223,923
1727,224
1727,252
1727,685
1727,959
224,1753
1273,225
225,985
436,227
227,2047
1537,228
228,588
228,732
228,1216
228,1730
1430,229
1430,713
229,556
1851,230
230,771
1330,231
231,448
464,232
232,830
232,1325
1447,233
233,1577
1584,234
1584,441
234,1201
234,1553
984,235
1340,235
910,235
235,664
235,940
765,236
535,237
1086,237
1104,237
237,1687
1817,238
1817,1756
238,1785
1375,239
239,753
1195,240
1195,1854
2030,240
2030,240
240,632
240,632
630,241
1012,241
534,241
241,1976
241,1847
242,1443
242,1975
243,1221
1992,244
244,1010
1544,245
441,246
246,458
246,1611
895,247
247,776
247,2050
593,248
593,1688
248,1599
874,249
249,641
249,1336
578,250
250,1974
529,251
529,763
251,506
252,1727
1127,253
1127,780
253,1445
434,254
1968,254
939,254
254,1132
254,1333
1275,255
255,390
701,256
256,1346
398,257
398,1759
257,1887
257,1759
1384,258
258,774
258,2030
2053,259
259,1453
259,1556
272,260
1588,261
1588,414
1588,1227
1495,261
1495,261
261,1038
261,1038
560,262
885,262
1113,262
262,1082
262,484
1032,263
1032,1270
263,1480
1892,265
545,265
1869,265
265,1825
265,819
719,266
266,792
266,1809
267,982
267,1994
1981,268
268,647
2066,269
1771,270
270,1198
2014,271
271,524
1613,272
1265,272
359,272
2035,273
273,1084
992,274
274,732
558,275
275,951
275,1646
1404,277
277,1765
278,686
278,1074
278,1910
1779,279
1779,1682
279,1400
1507,280
1507,1266
280,1031
280,1266
514,281
281,1099
281,1303
281,1755
307,282
307,1047
307,1219
712,282
282,1641
282,1047
443,283
1075,283
453,283
283,459
283,997
284,622
284,1472
284,1587
284,1662
565,285
565,772
285,428
285,931
1258,286
1258,797
1258,1313
1258,1424
1119,286
1119,286
286,2066
286,2066
957,287
404,287
287,929
1061,288
288,965
1767,289
289,1706
544,290
544,2046
290,423
831,291
698,291
921,291
291,527
352,292
303,292
934,292
292,793
292,1379
1435,293
1435,716
1435,1978
1978,293
293,1392
294,1038
294,1143
294,1324
1572,295
295,1500
903,296
903,719
296,367
1138,297
1138,987
1138,1248
297,1487
297,1623
940,298
298,507
1996,299
923,300
300,940
1351,301
301,2010
396,302
302,2028
2054,303
1600,304
304,613
304,2014
1734,305
1734,971
305,832
305,1589
483,306
306,1912
306,605
372,307
372,1676
308,1907
309,782
1196,310
310,1578
845,311
1570,311
311,585
311,678
312,756
1249,313
1249,990
313,1599
1141,314
1141,671
1141,1239
1648,314
314,1778
830,315
315,1431
315,1603
1448,316
1448,1384
1448,1419
1448,1434
316,509
503,317
503,1222
317,450
914,318
318,720
667,319
319,381
547,320
320,1010
321,1750
1274,322
322,626
1250,323
1250,689
689,323
323,1109
836,324
836,1538
324,1957
865,325
865,440
865,884
865,1644
724,325
724,1644
1644,325
325,1943
682,326
326,999
1400,327
1400,766
327,1010
1583,328
328,919
328,1151
329,915
2055,330
1873,330
330,1944
330,1551
1131,331
331,1504
828,332
828,1123
828,1339
828,1956
1943,332
1943,1123
1956,332
332,993
332,1123
333,944
402,334
1647,334
1259,334
334,552
334,1178
2062,335
335,2068
1510,336
910,337
603,338
338,1387
824,339
339,1740
826,340
340,605
746,341
746,1423
746,2007
341,1836
1667,342
342,913
718,343
343,1449
548,344
344,794
1563,345
1563,1993
498,345
345,961
345,1615
346,1818
1782,347
1782,498
347,1056
347,1616
527,348
348,678
1010,349
1628,349
349,936
349,851
459,350
1810,350
1859,350
350,1456
350,823
351,578
1391,352
1385,353
955,353
353,1012
1758,354
715,355
715,1215
1914,356
1914,767
356,1599
1211,357
357,662
1458,358
358,1667
1680,359
898,359
359,384
1297,360
360,992
1219,361
1219,1724
1905,361
361,937
361,1724
860,362
860,1520
1038,362
1038,362
362,1145
362,1227
362,1227
1959,363
1959,1461
363,1010
495,364
364,1053
1455,365
1455,1432
734,365
734,1547
365,1295
365,1214
1753,366
1753,694
694,366
366,1555
367,1054
367,1170
1074,368
838,369
838,567
369,1753
604,370
604,1898
1683,371
1134,371
371,1813
371,1062
1482,372
1611,373
1611,1071
1611,1171
1611,2035
373,1539
374,1599
1289,375
1289,1958
375,421
777,376
777,1279
777,1868
376,1655
376,1868
867,377
1949,377
377,1683
2022,378
2022,1383
2022,1828
2022,1979
1171,378
1171,378
378,1662
378,1662
1586,379
379,1011
380,1058
1957,382
1957,932
1957,945
1957,1408
1957,1541
1957,2042
1962,382
1962,636
1541,382
382,1471
382,1408
683,383
383,1382
384,954
629,385
629,1351
385,1795
1367,386
1367,691
386,1668
1388,387
387,446
387,1202
553,388
389,1380
389,1648
389,1733
1830,390
2047,390
390,890
390,1667
391,1252
391,1665
1741,392
1741,541
392,1249
728,393
1040,393
1885,393
393,1886
393,1618
1514,394
394,1646
585,395
493,395
395,1255
395,397
1156,396
1008,397
397,1995
397,1685
1540,398
1985,399
399,610
399,950
1553,400
400,1034
400,498
769,401
769,1360
680,401
680,1559
680,1921
718,401
718,401
401,1579
401,1921
401,1921
1307,403
403,1352
403,1629
753,404
1781,405
405,1137
589,406
589,1236
406,1069
406,1348
406,1394
406,1926
511,408
511,1051
511,1118
511,1239
511,1435
1051,408
408,1300
408,1118
1414,409
409,669
409,1875
1440,410
1389,411
738,412
1046,412
1046,497
1046,938
1046,1071
1046,1472
1046,1617
1046,1828
1046,1832
1046,1840
1601,413
413,1246
414,881
482,415
415,1674
415,2022
1222,416
416,1196
416,2042
1824,417
417,859
1629,418
1629,648
969,422
422,1586
423,746
423,1590
1964,424
2032,424
424,1296
424,1084
2019,425
1826,425
1174,425
425,933
425,2068
426,1934
426,2024
1971,427
427,1833
428,1032
810,429
523,430
1427,430
1535,430
430,1499
430,1837
1802,431
966,431
431,957
431,1005
1724,432
1057,434
435,786
1700,436
1700,1675
491,436
436,1457
1643,437
1643,1139
437,565
438,1732
1994,439
439,2010
1894,440
884,440
440,1442
440,1644
972,442
1667,442
442,1917
2000,443
837,444
1512,445
1512,686
1512,1455
445,573
445,2069
461,446
446,1919
446,1252
1552,447
1552,2053
447,1302
1149,448
1849,448
448,1363
448,493
1271,449
1271,1942
449,953
450,1074
450,1310
450,1593
1780,451
451,1797
1291,452
714,452
1362,452
452,1340
452,1874
672,453
1800,453
1689,453
1369,454
454,1567
739,455
456,1458
456,1684
457,461
457,2044
602,458
602,1150
602,1496
458,529
458,1674
752,460
673,461
461,470
1233,462
463,2054
1302,464
1302,1920
1874,465
465,940
1764,466
552,466
1405,466
466,963
1117,467
467,482
467,927
1372,468
1209,468
1285,468
468,1427
468,1760
961,469
744,469
1106,469
469,1027
469,848
470,1760
1569,471
1569,1026
471,688
802,472
472,1693
1230,473
632,473
632,473
473,837
473,837
1913,474
1913,715
1913,983
1913,1358
1913,1877
1877,474
474,569
1013,475
956,475
507,475
475,948
475,834
1855,476
476,678
627,477
627,1430
627,1436
627,1557
627,1842
1557,477
477,546
477,1436
1252,478
478,1965
479,1137
480,1685
481,1776
1923,483
1283,484
1778,484
484,1396
484,773
1863,485
485,1775
1880,486
1880,486
486,1889
486,1889
487,582
487,670
488,1529
821,489
489,1689
1609,490
490,1661
1020,491
1020,1793
1781,491
491,1094
1451,492
1451,1467
492,1753
1777,493
1937,493
493,802
2086,494
494,1807
693,495
1295,495
1213,495
495,1773
1083,496
1558,496
496,1997
497,518
1518,498
1518,1619
1053,499
499,1142
500,781
2087,501
1069,503
1244,504
651,504
504,1514
1122,505
505,649
506,2032
1055,507
1855,507
507,1120
1502,508
1502,1388
508,1694
509,1771
1062,510
510,1353
740,512
913,513
897,515
515,1489
515,1762
1536,516
1536,687
1536,1523
1536,1717
516,1548
1051,517
517,697
1823,519
1823,725
520,544
980,521
521,538
1637,522
522,2038
522,893
1972,523
1542,524
1578,524
524,1225
524,580
981,525
981,2034
2034,525
525,1386
1660,526
1660,1484
568,526
568,1861
526,2037
526,1941
1876,527
1326,528
1886,530
1379,530
530,619
530,1362
574,531
563,532
1452,532
533,1350
1399,534
883,534
1505,534
534,1125
1068,535
1762,536
791,537
791,1654
537,1485
1328,538
538,1312
538,1481
1871,539
539,838
598,540
598,1473
540,1633
541,1010
1248,542
543,1715
1864,545
546,877
546,1509
1397,548
1334,548
1713,548
548,1510
1206,549
1206,899
549,703
859,550
550,1789
1324,551
551,1510
553,1737
1526,554
2037,555
555,804
555,1851
1483,557
1821,557
991,557
557,630
939,558
1903,559
1903,783
1903,1897
559,789
559,1033
1648,560
705,561
1281,562
1281,566
1281,975
1281,1509
1281,1528
1509,562
562,1754
562,975
894,563
564,1229
564,1787
564,1787
1598,566
1598,982
1528,566
566,896
566,1509
567,1624
1920,568
653,570
1880,571
571,1087
1792,572
1010,574
1010,1628
689,575
575,1601
1599,576
576,1770
1634,577
577,835
577,1289
1065,578
1988,578
578,1755
579,1186
758,580
580,1848
580,2054
915,581
581,1740
1413,583
583,700
713,584
713,1007
713,1124
713,1309
713,1572
713,1844
1309,584
584,1124
926,586
926,1052
789,587
587,874
587,1117
587,1631
1079,588
1079,1216
1216,588
588,1743
1720,589
816,590
1484,591
591,1329
591,2024
592,1792
787,594
594,1347
1608,595
595,1556
1048,597
597,1261
1960,598
1773,599
599,1398
938,600
938,891
938,1187
938,1404
1617,600
1617,946
1617,1889
891,600
891,600
600,1666
600,1187
600,1187
601,709
1100,602
809,603
809,659
1785,604
1785,1028
605,1151
1359,606
606,1701
1306,607
1306,1985
607,741
607,2027
681,608
1172,608
662,608
608,1073
1988,609
1093,610
1093,683
1975,610
1975,610
610,958
610,683
610,683
611,1130
1952,612
619,612
2058,612
612,910
613,1613
1185,614
614,1766
694,616
616,1833
1975,617
617,660
1489,618
1753,620
1273,620
620,2065
620,694
670,621
621,1441
622,1704
1126,623
1234,624
624,1256
2020,625
625,879
625,1627
626,1658
626,1959
1215,627
1362,628
628,910
1708,629
1255,631
815,632
815,656
815,1582
1602,632
632,1334
1759,633
633,1099
633,1303
1338,634
1338,1181
1338,1868
650,634
650,646
650,1167
1868,634
634,1167
1266,635
1838,636
1838,1986
2014,636
636,758
636,932
1133,637
637,1661
1875,638
1875,2051
1942,639
1942,1090
1953,639
639,760
639,1637
1750,640
640,1686
1991,641
641,722
641,1994
1130,643
643,2004
643,1169
1543,644
644,962
1094,645
1267,645
1137,645
645,852
645,2047
646,1502
647,652
648,1235
648,1588
1336,649
1987,649
649,1638
649,1213
1793,650
1387,651
967,651
2005,651
651,668
652,2005
1619,654
1704,654
1311,654
654,1349
654,2032
1462,655
655,976
655,1949
1689,657
657,1687
660,658
659,1060
659,1163
1707,660
686,661
661,1351
661,1498
1407,662
1895,662
662,1664
1505,663
663,1224
664,1855
1832,665
1832,805
1832,1187
1840,665
1840,1719
1840,1880
1889,665
1889,665
665,2043
665,891
665,891
1693,666
996,667
669,2017
671,748
671,1275
1577,672
1429,673
1429,706
1429,1960
1841,673
1841,1438
673,1372
1305,674
674,910
1441,675
1851,675
675,1242
675,965
2018,676
2018,1199
1199,676
676,1037
1335,677
678,1008
990,679
990,1067
679,1367
1124,680
1199,681
857,682
935,682
1290,682
682,1775
1711,683
1711,1975
683,1343
683,1343
1743,684
1743,1183
1183,684
684,1250
685,1835
686,783
1348,687
687,1602
687,1434
688,968
688,987
688,1931
1039,690
690,844
691,1711
691,1712
1142,692
692,2000
1991,693
1775,695
695,1856
762,696
762,1930
696,864
696,2050
1229,697
697,1630
697,2002
1303,698
1846,699
1846,1022
699,1938
1088,700
1005,700
700,1750
1859,701
959,702
702,1010
1202,704
704,1679
1811,705
706,1285
707,1439
1760,708
708,1837
709,1482
709,1540
709,1758
709,1883
2052,710
710,1732
1516,711
1440,712
712,1671
1509,717
717,1286
1000,718
1000,1617
1521,718
1521,718
1918,720
1305,720
720,984
720,923
1659,721
721,966
721,1390
722,1773
946,723
723,1141
723,1359
725,1870
1772,726
726,918
1194,727
1551,727
727,1574
727,1577
2050,728
1238,729
1238,1107
1238,2066
729,1002
1676,730
1675,731
1253,732
732,943
732,1730
733,1475
783,734
1011,735
1011,1634
735,1753
1739,736
736,1091
1753,737
1319,737
737,1605
737,1273
1189,738
1189,1521
1594,739
1922,739
739,1766
1753,740
1543,740
740,1319
741,1368
1010,742
1010,1971
1971,742
742,977
1900,743
743,1481
1587,744
2088,745
745,1327
1685,747
747,1884
748,808
749,1984
1917,750
750,2075
1144,751
751,994
751,1561
912,752
912,752
954,753
753,778
1180,754
1180,779
779,754
754,1901
1472,755
1472,768
1472,1889
1490,757
1019,759
759,862
1070,761
1070,1469
761,1536
1033,762
1662,763
1662,763
763,1076
763,1076
1301,764
1301,843
764,860
900,765
1822,765
1874,765
765,1261
766,1914
1035,768
1035,768
768,1880
768,1880
1115,769
1115,1150
1115,1309
2074,770
770,1874
771,2031
771,794
772,1010
886,773
1929,773
773,1116
1279,775
1279,1323
775,1209
1930,776
776,1377
797,777
797,1161
1054,778
1649,778
778,1437
1210,779
1210,1928
780,1549
780,1637
781,1421
782,1454
1006,783
1006,791
1006,1708
783,1074
1071,784
1071,1880
1071,2011
784,903
1270,785
1270,1490
785,1990
793,786
786,1412
786,2058
1815,787
1815,1566
1517,788
1517,1100
788,1563
790,1299
790,1604
792,1087
1242,794
794,973
1861,795
795,1015
1966,796
796,932
796,1554
2051,798
798,1061
798,1301
1812,799
799,1113
922,800
800,1098
801,1238
1615,803
803,848
805,1890
944,806
2017,806
806,1642
806,1410
1246,807
850,811
850,1867
1599,811
1599,1545
1599,1867
1599,2016
2016,811
811,1777
811,1867
844,812
812,1413
975,813
1712,814
861,815
861,1366
861,1384
1021,816
1043,817
1043,1520
824,817
824,817
817,970
817,1057
817,1057
1717,818
1717,1493
829,819
937,819
819,1064
871,820
871,1710
820,1093
1135,821
821,1686
822,1290
1114,823
1017,823
823,878
1469,824
1469,1324
950,825
1882,826
1882,1583
1080,826
1080,1382
1080,1583
1080,1923
1923,826
826,1583
1753,827
1753,1543
827,1129
919,828
1883,829
1973,831
832,1728
832,1738
1844,833
833,1587
1673,834
1805,834
834,1402
834,2020
835,1010
1989,837
1989,1237
1989,1790
1722,837
837,1771
837,1771
1493,839
839,1541
839,2014
1653,840
840,1140
2089,841
842,1020
843,1448
1901,844
1836,844
844,1895
1878,846
1878,1328
1878,1900
846,1004
846,1119
846,1459
846,2066
1010,847
1725,847
847,941
847,1831
1656,848
848,988
848,2056
1888,849
1888,1497
849,1267
849,1963
1322,850
1010,851
851,1558
851,1725
1665,853
1679,853
853,928
1506,854
854,1837
1866,855
1277,855
855,1918
856,1575
2048,857
929,858
1944,858
858,1845
858,1681
1431,861
862,1570
1640,863
864,1885
1695,866
866,1802
1627,867
1740,869
1299,870
1791,871
1791,2015
872,1851
1852,873
873,1101
1343,875
1343,875
875,1882
1007,876
1007,1559
1007,1921
876,938
1479,877
1479,1370
982,877
877,1826
877,1528
1924,878
878,1954
878,1849
879,1949
1426,880
1426,906
880,1970
880,906
881,1169
1969,882
1045,884
1646,884
884,1626
1107,885
1015,887
887,1005
1169,888
889,2025
890,1814
891,1839
892,1079
893,1967
896,2074
899,1488
1286,900
2047,901
901,922
1738,902
1184,904
1679,905
905,909
1547,907
907,1391
1182,908
1182,1052
1182,1501
1182,1933
908,1858
1506,909
909,2067
909,1466
1480,911
1480,1199
911,1407
911,1199
1187,912
1187,912
912,1866
1396,913
1814,913
913,1433
1177,914
1579,914
1449,914
914,1565
2073,915
1771,915
1771,915
915,1548
915,1548
1466,916
1118,917
917,1044
917,1049
918,1640
1151,919
1692,920
1692,1063
920,1484
920,2024
1530,921
974,921
1974,921
1560,922
922,1814
1422,923
923,1881
1101,924
1101,1475
1101,1735
1272,924
1272,1735
1735,924
1735,924
2040,925
2040,1720
925,1226
1501,926
927,1147
1998,928
928,1705
928,1905
1548,930
930,939
931,1599
932,1721
932,2042
933,1362
1848,934
1816,934
1398,934
934,1492
2017,935
970,939
1740,939
941,985
1208,942
942,1544
943,2020
1408,945
945,1108
1551,947
947,1681
948,1288
1337,949
1378,950
1378,1211
1443,950
1443,950
950,1975
950,1975
2077,952
952,1220
1339,956
1865,960
1865,1440
960,1998
962,1403
963,1505
1599,964
1806,964
964,1017
964,1519
1329,965
965,1260
965,1504
1934,967
1445,968
1445,1557
1445,1607
968,1479
968,1842
1421,969
971,1571
1978,972
973,1331
1755,974
976,996
977,1322
977,1850
1060,978
2007,979
979,1895
1004,980
1004,1016
1004,1161
1559,981
1465,982
982,1318
1077,983
1077,1127
1077,1310
1358,983
983,1940
983,1877
1997,985
985,1806
1631,987
988,1701
1358,989
1166,991
1614,991
991,1399
1256,992
1261,992
993,2020
1633,995
995,1535
996,1134
1533,997
1697,997
997,1114
997,1798
1787,998
1787,998
998,1474
1801,999
1413,999
999,1078
999,1856
1747,1000
1747,1572
1747,1657
1257,1001
1257,1457
1001,1317
1001,1416
1001,1864
1002,1268
1002,1781
1003,2061
1003,1089
1207,1005
1005,1936
1807,1009
1009,1780
1190,1010
1872,1010
2090,1010
2090,1599
2090,1753
1121,1014
1014,1822
1014,1048
2004,1015
1016,1154
1953,1018
1847,1019
2091,1021
1022,1599
1026,1023
1026,1953
1023,1425
1023,1090
1092,1024
1092,1076
1288,1025
1025,1772
1028,1157
1751,1029
1751,1284
1751,1348
2025,1030
1030,1437
1031,1178
1034,1084
2011,1035
2011,1035
1541,1040
1644,1041
1041,1956
1941,1042
1042,1851
1163,1043
1474,1044
1474,1049
1049,1044
1044,1696
1333,1045
1342,1046
1047,1935
2038,1048
1048,1297
2002,1049
1449,1050
1050,1305
1239,1051
1052,1182
1522,1053
1053,1398
1089,1055
1056,1449
1057,1635
1057,1635
1922,1059
1059,1142
1062,1601
1063,2040
1064,1988
2069,1066
2069,1248
2069,1371
1066,1355
1599,1068
1403,1068
1529,1068
2078,1070
1072,1948
1073,1405
1074,1708
1098,1075
1076,2035
1076,2035
1276,1077
1078,1750
1737,1080
1285,1081
1081,1535
1082,1814
1319,1083
1084,1594
1084,1106
1214,1085
1085,1773
1681,1086
1803,1087
1803,1906
1087,1095
1087,1834
1891,1089
1626,1089
1089,1339
1090,1542
1090,1549
1091,1650
1674,1092
1095,1922
1418,1096
1418,1537
1418,1881
1386,1096
1386,1537
1881,1096
1096,1945
1096,1537
1688,1097
1688,1996
1097,1791
1577,1098
1098,1672
1303,1099
1099,1294
1102,1524
1187,1103
1103,1277
1585,1104
1845,1104
1104,1208
1105,1905
2063,1106
1106,1357
1424,1107
1424,1107
1715,1110
1110,1824
1921,1111
1111,1565
1112,1224
1321,1113
1113,1560
2059,1115
1116,1433
1637,1121
1897,1122
1897,1214
1825,1126
1982,1126
1951,1126
1126,1988
2033,1128
1226,1131
1132,1646
1453,1133
1314,1134
1134,1369
1437,1135
1213,1136
1481,1137
1137,1160
1139,1753
1732,1142
1145,1713
1703,1146
2031,1146
1750,1146
1146,1621
1146,1331
1951,1148
1148,1672
2016,1149
1657,1150
1150,1470
1150,1844
1151,1891
2034,1152
1152,1881
1191,1153
1153,1610
1155,1210
1525,1156
1158,1799
1269,1159
1159,1753
1160,1575
1161,1843
1161,1781
1461,1162
1178,1164
1379,1165
1165,2058
1167,1819
1167,1317
1168,1330
1790,1169
1349,1170
1752,1170
1170,2052
1443,1172
1173,2056
1795,1174
1318,1174
1175,1817
1967,1176
1967,1297
1297,1176
1176,1950
1616,1177
1932,1178
1178,1292
1405,1179
1179,1331
1627,1183
1183,1511
2076,1185
1834,1185
1185,1762
1186,1599
1496,1188
1592,1189
1723,1190
1723,1846
1650,1191
1776,1192
1192,2008
1857,1193
1473,1193
1193,1245
1193,1679
1837,1194
1348,1195
1196,2014
1366,1197
1478,1198
1198,1483
1198,1740
1852,1200
1200,1548
1201,1539
1204,1525
1409,1206
1390,1207
2007,1211
2007,1211
1211,1443
1211,1443
2012,1212
1212,1285
1709,1213
1417,1213
1214,1351
1730,1216
1216,1879
2060,1217
1217,1618
1310,1218
1223,1234
1224,1365
1225,1398
1227,1397
1227,1324
1227,1324
1635,1228
1434,1230
1477,1231
1701,1231
1231,1952
1231,1305
1232,1681
1353,1233
1754,1234
1286,1234
1235,1751
1237,2030
1237,2030
1239,1345
1987,1240
1965,1241
1259,1243
1243,1405
1245,1506
1813,1247
1248,1631
1392,1251
1392,1917
1491,1251
1491,1917
1917,1251
1251,1699
1252,1440
1945,1253
1253,1673
1787,1254
1254,2002
1263,1259
1606,1259
1775,1259
1380,1262
1298,1263
1732,1264
1264,1686
1930,1265
1268,1338
1513,1271
1753,1273
1946,1274
1963,1275
1275,1458
1576,1277
1277,1980
1415,1278
1280,1753
1436,1281
1343,1282
1282,1923
1284,1600
1284,1903
1439,1286
2074,1286
1287,1951
1970,1288
1661,1290
1290,1652
2068,1291
1292,1385
1428,1293
1296,1922
1863,1298
1298,1668
1300,2002
1755,1303
1687,1304
1304,1811
1980,1305
1393,1306
1860,1307
1860,1608
1696,1308
1696,1763
1699,1308
1699,1361
1699,1564
1699,1763
1699,1973
1361,1308
1308,1763
1572,1309
1309,2039
1708,1310
1310,1358
1979,1311
1539,1311
1312,2055
1949,1314
1315,1379
1316,2074
1317,1639
1317,1864
1753,1319
1869,1320
1320,1951
1424,1321
1555,1322
1555,1850
1850,1322
1323,1841
1324,1520
1324,1520
1325,1678
1706,1326
1327,1550
2049,1330
1948,1330
1330,1570
1331,1505
1906,1332
1332,1354
1332,1389
1332,1812
1494,1333
1333,1829
1352,1337
1352,1941
1442,1339
1339,1956
1948,1341
1341,1849
1582,1344
1344,1695
1671,1347
1347,1982
1384,1348
1350,1963
1350,2009
1351,1547
1355,1406
1355,1991
1625,1356
1356,1609
1357,1766
1839,1359
1762,1359
1359,1576
1360,1832
1973,1361
1361,1876
1580,1362
1363,1916
1365,1798
1368,1410
1994,1370
1370,1531
1370,1465
1371,1584
1836,1374
1374,1390
1539,1375
1376,1443
1376,2007
1714,1379
1381,1948
1382,2041
1382,1923
1470,1383
2035,1383
2035,1383
1383,2063
1383,1587
1383,1587
1742,1390
1390,1413
1531,1391
2010,1391
1434,1394
1394,1722
1394,1523
1395,1796
1398,1736
1534,1401
1401,1447
1856,1405
1406,1987
1410,1606
1411,1902
1411,1575
1652,1413
1416,1415
1416,1865
1744,1418
1420,1512
1565,1422
2066,1424
2066,1424
1425,1578
1763,1426
1907,1429
1907,2012
1432,1987
1433,1718
1433,2075
1437,1732
1438,1473
1933,1444
1444,1691
1596,1446
1596,1983
1668,1446
1446,1932
1446,1983
2067,1447
1837,1447
2056,1449
1797,1451
1459,1452
1454,1749
1457,1830
1457,1516
1458,1978
1890,1460
1460,1515
1460,1576
2020,1462
1463,1988
2028,1464
2028,1532
1464,1753
1819,1466
1466,1869
1467,1723
1468,1895
1471,1618
1548,1475
1548,1475
1475,1968
1475,1735
1475,1735
1476,1908
1576,1477
1843,1481
1941,1484
1710,1486
1710,1507
1486,1734
1488,1899
1735,1494
1498,1709
1499,1551
1587,1500
1587,1500
1500,1656
1500,1521
1500,1521
1503,1633
2006,1504
1504,1614
1504,2005
1915,1505
1690,1506
1972,1506
1508,1752
1515,1702
2023,1516
2023,1622
1623,1518
1794,1519
1599,1519
1519,1545
1520,2036
2039,1521
1521,1757
1578,1522
1523,1726
1733,1527
1528,1669
1599,1529
1529,1585
1564,1530
1672,1533
1919,1534
1694,1534
1760,1534
1534,1965
1535,1873
1538,1913
1758,1540
2042,1541
1753,1543
2013,1545
1545,2016
1550,1977
1902,1551
1590,1552
1573,1553
1573,1615
1553,1964
1554,2003
1556,1853
1556,1899
1842,1557
1557,1598
1921,1559
1921,1559
1561,1747
1630,1564
2075,1564
1564,1973
1565,2034
1566,2057
1691,1568
1568,1599
1593,1569
1570,1937
1844,1572
1574,1689
1666,1576
2072,1577
1799,1578
1618,1580
1931,1581
1589,2077
1766,1591
1725,1595
1595,1997
2015,1596
1597,2075
1756,1599
1958,1599
1858,1599
1605,1997
1607,1961
2045,1609
2045,1677
1610,1643
1612,1645
1621,2000
1622,1815
1622,1864
1622,1883
1879,1627
1010,1628
1799,1632
1633,1972
1796,1636
1636,1946
1638,2025
1639,1869
1642,1775
1645,1760
1668,1647
1812,1648
1655,1972
1674,1657
1657,1804
1658,1753
2021,1659
1853,1661
1661,1742
1854,1663
1663,1713
1664,1856
1669,2068
1877,1670
2029,1672
1681,1689
1682,1753
1685,1772
1686,1800
1686,2000
1820,1687
1687,1859
1868,1690
1698,1847
1701,1862
1856,1703
1705,1869
1885,1714
1909,1716
1719,1909
1721,2054
1010,1725
1726,1771
1867,1729
1927,1730
1997,1731
1733,1812
2092,1739
1788,1741
1745,1838
1746,2018
1884,1748
2071,1753
1939,1753
1887,1755
1757,2056
1883,1758
2043,1762
1925,1767
1768,1827
2024,1769
1769,1786
1769,1934
1770,1859
1773,2010
2075,1774
1774,1974
1961,1782
1961,2059
2064,1783
1786,2005
1798,1924
1798,1948
2003,1799
1895,1801
1911,1803
1804,2035
1956,1805
1954,1808
1814,2029
2010,1816
2005,1821
2027,1823
1829,1894
1010,1831
1831,1955
1831,1971
1833,2013
1833,1850
1835,1872
1835,2071
1893,1847
1850,2026
2061,1855
2044,1857
1862,2058
1990,1863
2048,1863
1864,1883
1870,1981
1870,2078
1881,1999
2054,1885
1889,2076
1905,1892
1896,1939
1898,2048
1899,2017
1916,1904
2052,1922
2093,1925
1926,2073
1928,2021
2060,1953
1963,2001
2070,1969
1974,2049
2001,2047
2024,2006
2026,2016
2094,2033
2046,2045
2050,2060
2068,2074
