;1;2;3;4
;1;2;3;5
;1;2;3;6
;1;2;3;7
;1;2;3;8;9
;1;2;3;10
;11
;1;2;3;12
;1;2;3;13
;1;2;3;14;15;16
;1;2;3;17
;1;2;3;18
;1;2;3;19
;1;2;3;20;21
;1;2;3;22
;1;2;3;23
;1;2;3;24;25
;1;2;3;26
;1;2;3;27
;1;2;3;28
;1;2;3;29
;1;2;3;30
;1;2;3;31
;1;2;3;32;15;33
;1;2;3;34
;1;2;3;35
;1;2;3;36
;1;2;3;37
;1;2;3;38
;1;2;3;39
;1;2;3;40
;1;2;3;41
;1;2;3;42
;1;2;3;43
;1;2;3;44
;1;2;3;45
;1;2;3;46;9
;1;2;3;47
;1;2;3;48
;1;2;3;49
;1;2;3;50
;1;2;3;51
;1;2;3;52;53
;1;2;3;54
;1;2;3;55
;1;2;3;56
;1;2;3;57
;1;2;3;58
;59
;1;2;3;60
;1;2;61;62
;1;2;3;63
;1;2;3;64
;1;2;3;65;66
;1;2;3;65;21
;1;2;3;67
;1;2;3;68;69
;1;2;3;70
;1;2;3;71
;1;2;3;72
;1;2;3;73
;1;2;3;74
;1;2;3;75
;1;2;3;76;53
;1;2;3;77;25
;1;2;3;78
;1;2;3;79
;1;2;3;14;15;80
;1;2;3;81
;1;2;3;82
;1;2;3;83;53
;1;2;3;84
;1;2;3;85;25
;1;2;3;86
;1;2;3;87
;1;2;3;88
;1;2;3;89
;1;2;3;90
;1;2;3;91
;1;2;3;92
;1;2;3;14;15;93
;1;2;3;8;94
;1;2;3;95;69
;1;2;3;68;96
;1;2;3;97
;1;2;3;98
;1;2;3;99
;1;2;3;65;100
;1;2;3;101
;1;2;3;102;96
;1;2;3;103
;1;2;3;104
;1;2;3;105
;1;2;3;106
;1;2;3;107
;1;2;3;108
;1;2;109;110
;1;2;3;76;96
;1;2;3;111
;1;2;3;112
;1;2;3;113
;1;2;3;114;94
;1;2;3;20;115
;1;2;3;116
;1;2;3;117
;1;2;3;118;119
;1;2;3;120;121
;1;2;3;122
;1;2;3;118;123
;1;2;3;124
;1;2;3;125
;1;2;3;126
;1;2;3;127
;1;2;3;128;53
;1;2;3;129
;1;2;3;130
;1;2;3;131
;1;2;3;132
;1;2;3;14;15;133
;1;2;3;134
;135
;1;2;3;128;94
;1;2;3;136
;1;2;3;114;69
;1;2;3;137
;1;2;3;138
;1;2;3;139;53
;1;2;3;140
;1;2;3;141
;1;2;3;142
;1;2;3;143
;1;2;3;144
;1;2;3;139;21
;1;2;3;145
;1;2;3;146;100
;1;2;3;147
;1;2;3;148
;1;2;3;149
;1;2;3;150
;1;2;3;151;121
;1;2;3;152;25
;1;2;3;153
;1;2;3;154
;1;2;3;155
;1;2;3;156
;1;2;3;157;100
;1;2;3;158
;1;2;3;159
;1;2;3;160
;1;2;3;161;115
;1;2;3;162;123
;1;2;3;163;164
;1;2;3;165
;1;2;3;166
;1;2;3;167;168
;1;2;3;169
;1;2;3;20;100
;1;2;3;170
;1;2;3;146;25
;1;2;3;171
;1;2;3;172
;1;2;3;173
;1;2;3;174
;1;2;3;161;175
;1;2;3;176
;1;2;3;32;15;177
;1;2;3;178
;1;2;3;179
;1;2;3;180
;1;2;3;181
;1;2;3;182
;1;2;3;183
;1;2;3;184
;1;2;3;185
;1;2;3;186
;1;2;3;187
;1;2;3;188
;1;2;3;162;96
;1;2;3;189
;1;2;3;190
;1;2;3;191
;1;2;3;192
;1;2;3;193
;1;2;3;46;25
;1;2;3;194
;1;2;3;14;15;195
;1;2;3;196;96
;1;2;3;197
;1;2;3;198
;1;2;3;199
;1;2;3;200;21
;1;2;3;201
;202
;1;2;3;203;66
;1;2;3;204
;1;2;109;205
;1;2;3;206
;1;2;3;207
;1;2;3;208
;1;2;3;209
;1;2;3;210;96
;1;2;3;211;69
;1;2;3;212
;1;2;3;213
;1;2;3;214
;1;2;109;215
;1;2;3;216
;1;2;3;217
;218
;1;2;3;219
;1;2;3;220
;1;2;3;221
;1;2;3;222;9
;1;2;3;223
;1;2;3;224
;1;2;3;225
;1;2;3;95;121
;1;2;3;226
;1;2;3;227
;1;2;3;228
;1;2;109;229
;1;2;3;230
;1;2;3;163;175
;1;2;3;231
;1;2;3;232;15;93
;1;2;3;233
;234
;1;2;3;235
;1;2;3;236
;1;2;3;237;119
;1;2;3;238
;1;2;3;239
;1;2;3;146;9
;1;2;3;240
;1;2;3;237;9
;1;2;3;241
;1;2;3;242
;1;2;3;243
;1;2;3;222;66
;1;2;3;244
;1;2;3;245
;1;2;3;246
;1;2;3;120;69
;1;2;3;247;25
;1;2;3;32;15;248
;249
;1;2;3;68;9
;1;2;3;83;96
;1;2;3;14;15;33
;1;2;3;250
;1;2;3;251
;1;2;3;252
;1;2;3;253
;1;2;3;254;25
;1;2;3;255
;1;2;3;256
;1;2;109;257
;1;2;3;258
;1;2;3;259
;1;2;3;77;9
;1;2;3;260
;1;2;3;261
;1;2;3;262
;1;2;3;263;121
;264
;1;2;3;265
;1;2;3;210;9
;1;2;3;266
;1;2;3;8;267
;1;2;3;268
;1;2;3;269
;1;2;3;270
;1;2;3;271
;1;2;3;272
;1;2;3;273
;1;2;3;274
;1;2;61;275
;1;2;3;210;119
;1;2;3;65;96
;1;2;3;276;175
;1;2;3;277
;1;2;3;278
;1;2;3;279
;1;2;3;280
;1;2;3;281
;1;2;3;282;69
;1;2;3;283
;1;2;3;284
;1;2;3;8;53
;1;2;3;152;9
;1;2;3;76;175
;1;2;3;285
;1;2;3;286
;1;2;3;287
;1;2;3;288;96
;1;2;3;289
;1;2;3;290
;1;2;3;291;96
;1;2;3;292
;1;2;3;263;123
;1;2;3;293
;1;2;3;294
;1;2;3;295;53
;1;2;3;296
;1;2;3;46;115
;1;2;3;146;123
;1;2;3;297
;1;2;3;157;123
;1;2;3;95;175
;1;2;3;152;164
;1;2;3;298
;1;2;3;299
;1;2;3;300
;1;2;3;14;15;301
;1;2;3;302
;1;2;3;102;9
;1;2;3;85;66
;1;2;3;65;121
;1;2;3;303
;1;2;109;304
;1;2;3;32;15;305
;1;2;3;306
;1;2;3;163;94
;1;2;3;307
;1;2;3;46;119
;1;2;3;308
;1;2;3;309
;1;2;3;32;15;310
;1;2;3;311
;1;2;3;312
;1;2;3;313
;1;2;3;8;69
;1;2;3;314
;1;2;3;77;121
;1;2;3;315
;1;2;3;316
;1;2;3;317
;1;2;3;318
;1;2;3;8;25
;1;2;3;319
;1;2;3;320
;1;2;3;321
;1;2;3;322
;1;2;3;323
;1;2;3;324
;1;2;3;325
;1;2;109;326
;1;2;3;327
;1;2;3;328
;1;2;3;329
;1;2;3;330
;1;2;3;331
;1;2;3;332
;1;2;3;333
;1;2;3;334
;1;2;3;83;123
;1;2;3;14;15;310
;1;2;3;335
;1;2;3;336
;1;2;3;337
;1;2;3;338
;1;2;3;339
;1;2;3;340
;1;2;3;32;15;80
;1;2;3;341
;1;2;3;342
;1;2;3;343
;1;2;3;344
;1;2;3;345
;1;2;3;232;15;33
;1;2;3;76;66
;1;2;3;346
;1;2;3;95;123
;1;2;3;347
;1;2;3;14;15;248
;1;2;3;222;100
;1;2;3;348
;1;2;3;349
;1;2;3;350
;1;2;3;295;96
;1;2;3;351
;1;2;109;352
;1;2;3;353
;1;2;3;354
;1;2;3;355
;1;2;3;356
;1;2;3;200;164
;1;2;3;157;53
;1;2;3;357
;1;2;3;52;96
;1;2;3;358
;1;2;3;157;69
;1;2;3;282;25
;1;2;3;359
;1;2;3;360
;1;2;3;361
;1;2;3;295;66
;1;2;3;362
;1;2;3;363
;1;2;3;120;21
;1;2;3;364
;1;2;3;365
;1;2;3;366
;1;2;3;367;115
;1;2;3;368
;1;2;3;369
;1;2;3;162;69
;1;2;3;370
;1;2;3;371
;1;2;3;114;53
;1;2;3;372
;1;2;3;373
;1;2;3;203;69
;1;2;3;374
;1;2;3;375
;1;2;3;68;115
;1;2;3;46;69
;1;2;3;376
;1;2;3;8;377
;1;2;3;378
;379
;1;2;3;222;96
;1;2;3;118;100
;1;2;3;76;9
;1;2;3;380
;1;2;3;381
;1;2;3;139;164
;1;2;3;382
;1;2;3;222;121
;1;2;3;263;96
;1;2;3;383
;1;2;3;384
;1;2;3;385
;1;2;3;386
;1;2;3;387
;1;2;3;388
;1;2;3;389
;1;2;3;276;121
;1;2;3;390
;1;2;3;391
;1;2;3;392
;1;2;3;68;175
;1;2;3;393
;1;2;3;394
;1;2;3;395
;1;2;3;196;9
;1;2;3;396
;1;2;3;367;175
;1;2;3;397
;1;2;3;254;398
;1;2;3;65;69
;1;2;3;118;21
;1;2;3;399
;1;2;3;400
;1;2;109;401
;1;2;3;402
;1;2;3;161;164
;1;2;3;157;96
;1;2;3;403
;1;2;3;404
;1;2;3;405
;1;2;3;406
;407
;1;2;3;408
;1;2;3;146;175
;1;2;3;409
;1;2;3;410
;1;2;3;291;115
;1;2;3;411
;1;2;3;412
;1;2;3;413
;1;2;3;254;121
;1;2;109;414
;1;2;3;415
;1;2;3;416
;1;2;3;417
;1;2;3;418
;1;2;3;419
;1;2;3;420
;1;2;3;421
;1;2;3;422
;1;2;3;423
;1;2;3;68;94
;1;2;3;424
;1;2;3;425
;1;2;3;426
;1;2;3;427
;1;2;3;146;96
;1;2;3;428
;1;2;3;429
;1;2;3;430
;1;2;3;431
;1;2;3;232;15;432
;1;2;3;433
;434
;1;2;3;435
;1;2;3;436
;1;2;3;437;175
;1;2;3;438
;1;2;3;439
;1;2;3;128;100
;440
;1;2;3;114;121
;1;2;3;247;69
;1;2;3;441
;1;2;3;442
;1;2;3;443
;1;2;3;444
;1;2;3;211;66
;1;2;3;85;53
;1;2;3;445
;1;2;3;52;123
;1;2;3;446
;1;2;3;447
;1;2;3;448
;1;2;3;210;69
;1;2;3;85;21
;1;2;3;449
;1;2;3;437;9
;1;2;3;139;398
;1;2;3;20;175
;1;2;3;450
;1;2;3;451
;1;2;3;452
;1;2;3;453
;1;2;3;454
;1;2;3;455
;1;2;3;456
;1;2;3;295;9
;1;2;3;457
;1;2;3;458
;1;2;3;459
;1;2;3;460
;1;2;3;161;121
;1;2;3;461
;1;2;3;462
;1;2;3;463
;1;2;3;254;66
;1;2;3;464
;1;2;3;163;119
;1;2;3;465
;1;2;3;32;15;301
;1;2;3;466
;1;2;3;167;467
;1;2;3;20;9
;1;2;3;468
;1;2;3;469
;1;2;3;32;15;470
;1;2;3;471
;1;2;3;367;100
;1;2;109;472
;1;2;3;473
;1;2;3;474
;1;2;3;475
;476
;1;2;3;477
;1;2;3;237;123
;1;2;3;478
;1;2;3;479
;1;2;3;196;115
;1;2;3;480
;481
;1;2;3;482
;1;2;3;483
;1;2;3;484
;1;2;3;276;69
;1;2;3;485
;1;2;3;276;119
;1;2;3;139;9
;1;2;3;486
;1;2;3;76;115
;1;2;3;487
;1;2;3;167;488
;1;2;3;83;9
;1;2;3;489
;1;2;3;490
;1;2;3;491
;1;2;3;276;96
;1;2;3;492
;1;2;3;14;15;470
;1;2;3;493
;1;2;3;494
;1;2;3;102;100
;1;2;3;495
;1;2;3;496
;1;2;3;497
;1;2;3;498
;1;2;3;254;115
;1;2;3;499
;1;2;3;102;69
;1;2;3;128;164
;1;2;3;500
;1;2;3;167;501
;1;2;3;282;123
;1;2;3;211;164
;1;2;3;77;115
;502
;1;2;3;503
;1;2;3;24;9
;1;2;3;504
;1;2;3;505
;1;2;3;506;119
;1;2;3;68;53
;1;2;3;8;507
;1;2;3;20;53
;1;2;3;508
;1;2;3;509
;1;2;3;114;21
;1;2;3;510
;1;2;3;511
;1;2;3;512
;1;2;3;513
;1;2;3;514
;1;2;3;515
;1;2;3;516
;1;2;3;120;115
;1;2;3;517
;1;2;3;518
;1;2;3;52;69
;1;2;3;519
;1;2;3;520
;1;2;3;8;521
;1;2;3;522
;1;2;3;523
;1;2;3;524
;1;2;3;525
;1;2;3;163;115
;1;2;3;254;123
;1;2;3;526
;1;2;3;527
;1;2;3;528
;1;2;109;529
;1;2;3;530
;1;2;3;531
;1;2;3;532
;1;2;3;533
;1;2;3;534
;1;2;3;535
;1;2;3;139;66
;1;2;3;536
;1;2;3;537
;1;2;3;538
;1;2;3;539
;1;2;3;540
;1;2;3;541
;1;2;3;542
;1;2;3;95;66
;1;2;3;8;398
;1;2;3;102;115
;1;2;3;543
;1;2;3;506;53
;1;2;3;544
;1;2;3;8;21
;1;2;3;76;94
;1;2;3;545
;1;2;3;546
;1;2;3;547
;1;2;3;548
;1;2;3;549
;1;2;3;102;164
;1;2;3;550
;1;2;3;551
;1;2;3;552
;1;2;3;553
;1;2;3;554
;1;2;3;555
;556
;1;2;3;557
;1;2;3;558
;1;2;3;77;53
;1;2;3;8;559
;1;2;3;161;21
;1;2;3;560
;1;2;3;561
;1;2;3;562
;1;2;3;563
;1;2;3;564
;1;2;3;222;115
;1;2;3;565
;1;2;3;20;25
;1;2;3;566
;1;2;3;567
;1;2;3;568
;1;2;3;569
;1;2;3;570
;1;2;3;571
;1;2;3;572
;1;2;3;573
;1;2;3;254;69
;1;2;3;574
;1;2;3;575
;1;2;3;76;164
;1;2;3;576
;1;2;3;577
;1;2;3;578
;1;2;3;579
;1;2;3;580
;1;2;3;581
;1;2;3;582
;1;2;3;222;398
;1;2;3;583
;1;2;3;584
;1;2;3;32;15;93
;1;2;3;367;96
;1;2;3;24;53
;1;2;109;585
;1;2;3;586
;1;2;3;587
;1;2;3;588
;1;2;3;506;123
;1;2;3;589
;1;2;3;590
;1;2;3;591
;1;2;3;68;123
;1;2;3;592
;1;2;3;196;123
;1;2;3;593;123
;1;2;3;594
;1;2;3;595
;1;2;3;210;175
;1;2;3;596
;1;2;3;597
;1;2;3;598
;1;2;3;210;21
;1;2;3;599
;1;2;3;146;398
;1;2;3;600
;1;2;3;601
;1;2;3;602
;1;2;3;603;100
;1;2;3;211;123
;1;2;3;506;69
;1;2;3;604
;1;2;3;85;164
;1;2;3;605
;1;2;3;232;15;606
;1;2;3;128;69
;1;2;3;607
;1;2;3;203;121
;1;2;3;608
;1;2;3;609
;1;2;3;77;398
;1;2;3;610
;1;2;3;611
;1;2;3;612
;613
;1;2;3;120;9
;1;2;3;614
;1;2;3;593;398
;1;2;109;615
;1;2;3;616
;1;2;3;291;21
;1;2;3;617
;1;2;3;618
;1;2;3;619
;1;2;3;620
;1;2;3;621
;1;2;3;76;69
;1;2;3;622
;1;2;3;623
;1;2;3;624
;1;2;3;162;398
;1;2;3;83;115
;1;2;3;625
;1;2;3;288;66
;1;2;3;626
;1;2;3;282;175
;1;2;3;222;175
;1;2;3;627
;1;2;3;628;164
;1;2;3;629
;1;2;3;630
;1;2;3;32;15;631
;1;2;3;632
;1;2;3;633
;1;2;3;211;94
;1;2;3;634
;1;2;3;506;115
;1;2;3;635
;1;2;3;636
;1;2;3;83;164
;1;2;3;128;96
;1;2;3;118;164
;1;2;3;637
;1;2;3;638
;1;2;3;200;121
;1;2;3;639
;1;2;3;211;25
;1;2;3;237;66
;1;2;3;254;94
;1;2;3;20;96
;1;2;3;196;53
;1;2;3;640
;1;2;3;641
;1;2;3;642
;1;2;3;643
;1;2;3;46;53
;1;2;3;603;115
;1;2;3;146;53
;1;2;3;644
;1;2;3;645
;1;2;3;593;100
;1;2;3;646
;1;2;3;647
;1;2;3;648
;1;2;3;151;25
;1;2;3;649
;650
;1;2;3;593;21
;1;2;3;146;164
;1;2;3;263;100
;1;2;3;651
;1;2;3;652
;1;2;3;653
;1;2;3;114;164
;1;2;3;654
;1;2;3;128;25
;1;2;3;655
;1;2;3;65;398
;1;2;3;656
;1;2;3;120;119
;1;2;3;657
;1;2;3;658
;1;2;3;659
;1;2;3;660
;1;2;3;661
;1;2;3;662
;1;2;3;663
;1;2;3;664
;1;2;3;665
;1;2;3;102;175
;1;2;3;666
;1;2;3;102;123
;1;2;3;667
;1;2;3;668
;1;2;3;32;15;606
;1;2;3;247;123
;1;2;3;669
;1;2;3;163;123
;1;2;3;46;21
;1;2;109;670
;671
;1;2;3;603;66
;1;2;3;162;66
;1;2;3;672
;1;2;3;673
;1;2;3;593;9
;1;2;3;674
;1;2;3;675
;1;2;3;676
;1;2;3;677
;1;2;3;678
;1;2;3;679
;1;2;3;680
;1;2;3;681
;1;2;3;682
;1;2;3;683
;1;2;3;684
;1;2;3;685
;1;2;109;686
;1;2;3;288;53
;1;2;3;162;9
;1;2;3;687
;688
;1;2;3;689
;1;2;3;690
;1;2;3;691
;1;2;3;692
;1;2;3;162;100
;1;2;3;693
;1;2;3;200;96
;1;2;3;76;123
;1;2;3;8;115
;1;2;3;694
;1;2;3;695
;1;2;3;696
;1;2;3;203;119
;1;2;3;697
;1;2;3;698
;1;2;3;699
;1;2;3;700
;1;2;3;701
;702
;1;2;3;703
;1;2;3;704
;1;2;3;705
;1;2;3;706
;1;2;3;707
;1;2;3;708
;1;2;3;709
;1;2;3;710
;1;2;3;711
;1;2;3;712
;1;2;3;713
;1;2;3;714
;1;2;3;83;100
;1;2;3;715
;1;2;3;151;69
;1;2;3;716
;1;2;3;77;100
;1;2;3;717
;1;2;3;718
;1;2;3;288;123
;1;2;3;719
;720
;1;2;3;721
;1;2;3;722
;1;2;3;723
;1;2;3;14;15;724
;1;2;3;725
;1;2;3;726
;1;2;3;727
;1;2;3;728
;1;2;3;729
;1;2;3;730
;1;2;3;731
;1;2;3;732
;1;2;3;733
;1;2;109;734
;1;2;3;735
;1;2;3;139;69
;1;2;3;736
;1;2;3;737
;1;2;3;738
;1;2;3;739
;1;2;3;8;740
;1;2;3;741
;1;2;3;237;94
;1;2;3;742
;1;2;3;743
;1;2;3;744
;1;2;3;14;15;631
;1;2;3;745
;1;2;3;746
;1;2;3;747
;1;2;3;748
;1;2;3;749
;1;2;3;750
;1;2;3;203;123
;1;2;3;751
;1;2;3;752
;1;2;3;753
;1;2;109;754
;1;2;3;755
;1;2;3;77;69
;1;2;3;756
;1;2;3;151;21
;1;2;3;757
;1;2;3;758
;1;2;3;759
;1;2;3;760
;1;2;3;761
;1;2;3;8;119
;1;2;3;254;21
;1;2;3;762
;1;2;3;763
;1;2;3;764
;1;2;3;765
;1;2;3;766
;1;2;3;32;15;767
;1;2;3;24;398
;1;2;3;768
;1;2;3;769
;1;2;3;770
;1;2;3;771
;1;2;3;772
;1;2;3;773
;1;2;3;774
;1;2;3;775
;1;2;3;152;96
;1;2;3;776
;1;2;3;139;119
;1;2;3;777
;1;2;3;778
;1;2;3;779
;1;2;3;780
;1;2;3;781
;1;2;3;782
;1;2;3;162;164
;1;2;3;783
;1;2;3;784
;1;2;3;785
;1;2;3;786
;1;2;3;787
;1;2;3;788
;1;2;3;789
;790
;1;2;3;791
;1;2;3;792
;1;2;3;793
;1;2;3;222;164
;1;2;3;794
;1;2;3;795
;1;2;3;796
;1;2;3;237;21
;1;2;3;797
;1;2;3;798
;1;2;3;799
;1;2;3;800
;1;2;3;801
;1;2;3;628;21
;1;2;3;506;21
;1;2;3;603;96
;1;2;3;802
;1;2;3;603;9
;1;2;3;803
;1;2;3;65;53
;1;2;3;628;123
;1;2;3;804
;1;2;3;152;21
;1;2;3;32;15;805
;1;2;3;163;96
;1;2;3;806
;1;2;3;807
;1;2;3;808
;1;2;3;809
;1;2;3;506;175
;1;2;3;810
;1;2;3;811
;1;2;3;812
;1;2;3;603;53
;813
;1;2;3;14;15;432
;1;2;3;814
;1;2;3;815
;1;2;3;816
;1;2;3;83;69
;1;2;3;817
;1;2;3;263;66
;1;2;3;818
;1;2;3;819
;1;2;3;820
;1;2;3;222;69
;1;2;3;83;94
;1;2;3;821
;1;2;3;822
;1;2;3;367;164
;1;2;3;823
;1;2;3;824
;1;2;3;825
;1;2;3;826
;1;2;3;827
;1;2;3;828
;1;2;3;288;164
;1;2;3;829
;1;2;3;830
;1;2;3;831;9
;1;2;3;832
;1;2;3;833
;1;2;3;834
;1;2;3;835
;1;2;3;836
;1;2;3;837
;1;2;3;838
;1;2;3;839
;1;2;3;840
;1;2;3;841
;1;2;3;842
;1;2;3;843
;1;2;3;844
;1;2;3;162;25
;1;2;3;8;845
;1;2;3;846
;1;2;3;146;121
;1;2;3;847
;1;2;3;848
;1;2;3;849
;1;2;3;263;164
;1;2;3;850
;1;2;3;247;121
;1;2;3;102;21
;1;2;3;203;9
;1;2;3;851
;1;2;3;852
;1;2;3;853
;1;2;3;854
;1;2;3;855
;1;2;3;65;164
;1;2;3;856
;1;2;3;857
;1;2;3;858
;1;2;3;859
;1;2;3;860
;1;2;3;861
;1;2;3;862
;1;2;3;863
;1;2;3;864
;1;2;3;865
;1;2;3;866
;1;2;3;867
;1;2;3;868
;1;2;3;152;121
;1;2;3;869
;1;2;3;120;123
;1;2;3;870
;1;2;3;871
;1;2;3;872
;1;2;3;20;119
;1;2;3;873
;1;2;3;874
;1;2;3;68;66
;1;2;3;875
;1;2;3;876
;1;2;3;877
;1;2;3;878
;1;2;3;24;164
;1;2;3;879
;1;2;3;880
;1;2;3;881
;1;2;3;882
;1;2;3;167;9
;1;2;3;883
;1;2;3;884
;1;2;3;885
;1;2;3;886
;1;2;3;68;164
;1;2;3;887
;1;2;3;291;94
;1;2;3;888
;1;2;3;889
;1;2;3;890
;1;2;3;891
;1;2;3;892
;1;2;3;893
;1;2;3;894
;1;2;3;895
;1;2;3;896
;1;2;3;196;164
;1;2;3;128;66
;1;2;3;897
;1;2;3;898
;1;2;3;8;121
;1;2;3;899
;1;2;3;900
;1;2;3;901
;1;2;3;902
;1;2;3;903
;1;2;3;904
;1;2;3;254;96
;1;2;3;232;15;631
;905
;1;2;3;52;21
;1;2;3;906
;1;2;3;907
;1;2;3;291;398
;1;2;3;908
;1;2;3;909
;1;2;3;237;115
;1;2;3;910
;1;2;3;911
;1;2;3;912
;1;2;3;913
;1;2;3;914
;1;2;3;295;69
;1;2;3;506;9
;1;2;3;263;175
;1;2;3;118;53
;1;2;3;263;53
;1;2;3;915
;1;2;3;232;15;248
;1;2;3;916
;1;2;3;917
;1;2;3;282;115
;1;2;3;288;25
;1;2;3;918
;1;2;3;919
;1;2;3;920
;1;2;3;921
;1;2;3;922
;1;2;3;923
;1;2;3;924
;1;2;3;925
;1;2;3;926
;1;2;3;927
;1;2;3;928
;1;2;3;282;66
;1;2;3;929
;1;2;3;930
;1;2;3;931
;1;2;3;932
;1;2;3;263;115
;1;2;3;95;96
;1;2;3;933
;1;2;3;934
;1;2;109;935
;1;2;3;936
;1;2;3;14;15;305
;1;2;3;937
;1;2;3;628;53
;1;2;3;628;69
;1;2;3;32;15;432
;1;2;3;118;69
;1;2;109;938
;1;2;3;939
;1;2;3;940
;1;2;3;941
;1;2;3;942
;1;2;3;247;9
;1;2;3;943
;1;2;3;944
;1;2;3;945
;1;2;3;946
;1;2;3;24;66
;1;2;3;947
;1;2;3;152;53
;948
;1;2;3;114;96
;1;2;3;949
;1;2;3;950
;1;2;3;211;115
;1;2;3;263;9
;1;2;3;951
;1;2;3;211;9
;1;2;3;952
;1;2;3;953
;1;2;3;254;119
;1;2;3;954
;1;2;3;955
;1;2;3;956
;1;2;3;24;123
;1;2;3;8;123
;1;2;3;247;164
;1;2;3;46;121
;1;2;3;957
;1;2;3;958
;1;2;3;959
;1;2;3;8;960
;1;2;3;961
;1;2;3;962
;1;2;3;963
;1;2;3;964
;1;2;3;965
;1;2;3;966
;1;2;109;967
;1;2;3;968
;1;2;3;162;94
;1;2;3;288;69
;1;2;3;969
;1;2;3;593;96
;1;2;3;970
;1;2;3;971
;1;2;3;972
;1;2;3;973
;1;2;3;974
;1;2;3;975
;1;2;3;976
;1;2;109;977
;1;2;109;978
;1;2;3;979
;1;2;3;282;164
;1;2;3;980
;1;2;3;981
;1;2;3;982
;1;2;3;983
;1;2;3;984
;1;2;3;985
;1;2;3;986
;1;2;3;603;21
;1;2;3;593;115
;1;2;3;987
;1;2;3;988
;1;2;3;989
;1;2;3;161;96
;1;2;3;990
;1;2;3;991
;1;2;3;992
;1;2;3;993
;1;2;3;994
;1;2;3;506;100
;1;2;3;232;15;133
;1;2;3;20;69
;1;2;3;196;21
;1;2;3;85;123
;1;2;3;995
;1;2;3;295;115
;1;2;3;996
;1;2;3;65;25
;1;2;3;997
;1;2;3;211;21
;1;2;3;95;115
;1;2;3;232;15;301
;1;2;3;998
;1;2;3;999
;1;2;3;1000
;1;2;3;247;115
;1;2;3;1001
;1;2;3;1002
;1;2;3;1003
;1;2;3;1004
;1;2;3;282;96
;1;2;3;1005
;1;2;3;1006
;1;2;3;1007
;1008
;1;2;3;1009
;1;2;3;1010
;1;2;3;1011
;1;2;3;1012
;1;2;3;1013
;1;2;3;200;100
;1;2;3;1014
;1;2;3;102;53
;1;2;3;367;9
;1;2;3;1015
;1;2;3;1016
;1;2;3;1017
;1;2;3;76;21
;1;2;3;367;94
;1;2;3;1018
;1;2;3;1019
;1;2;3;1020
;1;2;3;1021
;1;2;3;1022
;1;2;3;1023
;1;2;3;1024
;1;2;3;1025
;1;2;3;1026
;1;2;3;1027
;1;2;3;1028
;1;2;3;1029
;1;2;3;1030
;1;2;3;1031
;1;2;3;1032
;1;2;3;157;94
;1;2;3;1033
;1;2;3;8;467
;1;2;3;118;9
;1;2;3;128;119
;1;2;3;1034
;1;2;3;1035
;1;2;3;1036
;1;2;3;1037
;1;2;3;52;115
;1;2;3;1038
;1;2;3;1039
;1;2;3;222;94
;1;2;3;1040
;1;2;3;1041
;1;2;3;506;96
;1;2;3;1042
;1;2;3;1043
;1;2;3;1044
;1;2;3;831;175
;1;2;3;1045
;1;2;3;1046
;1;2;3;1047
;1048
;1;2;3;1049
;1;2;3;1050
;1;2;3;1051
;1;2;3;161;69
;1;2;3;1052
;1;2;3;139;115
;1;2;109;1053
;1;2;3;161;94
;1;2;3;1054
;1;2;3;200;115
;1;2;3;1055
;1;2;3;1056
;1;2;3;1057
;1;2;3;203;25
;1;2;3;1058
;1;2;3;1059
;1;2;3;1060
;1;2;3;1061
;1;2;3;1062
;1;2;3;247;175
;1;2;3;20;164
;1;2;3;77;21
;1;2;3;1063
;1;2;3;1064
;1;2;3;291;175
;1;2;3;1065
;1066
;1;2;3;1067
;1;2;3;1068
;1;2;3;120;96
;1;2;3;1069
;1;2;3;120;53
;1;2;3;1070
;1;2;3;161;100
;1;2;3;1071
;1;2;3;1072
;1;2;3;1073
;1;2;3;1074
;1;2;3;1075
;1;2;3;1076
;1;2;3;8;164
;1;2;3;157;66
;1;2;3;1077
;1;2;3;1078
;1;2;3;1079
;1;2;3;1080
;1;2;3;76;398
;1;2;3;1081
;1;2;3;128;115
;1;2;3;1082
;1;2;3;1083
;1;2;3;1084
;1;2;3;1085
;1;2;3;276;9
;1;2;3;1086
;1;2;3;1087
;1;2;3;1088
;1;2;3;151;123
;1;2;3;1089
;1;2;3;1090
;1;2;3;1091
;1;2;3;1092
;1;2;3;114;100
;1;2;3;1093
;1;2;3;1094
;1;2;3;1095
;1;2;3;1096
;1;2;3;114;66
;1;2;3;211;398
;1;2;3;95;21
;1;2;3;1097
;1;2;3;1098
;1;2;3;247;53
;1;2;3;65;175
;1;2;3;152;100
;1;2;3;1099
;1;2;3;1100
;1;2;3;1101
;1;2;3;1102
;1;2;3;1103
;1;2;3;1104
;1;2;109;1105
;1;2;3;157;9
;1;2;3;291;123
;1;2;3;162;175
;1;2;3;1106
;1;2;3;1107
;1;2;3;1108
;1;2;3;161;123
;1;2;3;1109
;1;2;3;1110
;1;2;3;24;115
;1;2;3;1111
;1;2;3;1112
;1;2;3;8;96
;1;2;3;1113
;1;2;3;1114
;1;2;3;1115
;1;2;3;254;164
;1;2;3;1116
;1;2;3;1117
;1;2;3;162;53
;1;2;3;1118
;1;2;3;200;398
;1;2;3;163;21
;1;2;3;1119
;1;2;3;1120
;1;2;3;295;25
;1;2;3;1121
;1;2;3;1122
;1;2;3;1123
;1;2;3;1124
;1;2;3;1125
;1;2;3;210;164
;1;2;3;282;94
;1;2;3;1126
;1;2;3;1127
;1;2;3;232;15;177
;1;2;3;1128
;1;2;3;1129
;1;2;3;276;398
;1;2;3;1130
;1;2;3;288;21
;1;2;3;1131
;1;2;3;1132
;1;2;3;203;96
;1;2;3;1133
;1;2;3;1134
;1;2;3;1135
;1;2;3;603;119
;1;2;3;1136
;1;2;3;1137
;1;2;3;1138
;1;2;3;263;69
;1;2;3;1139
;1;2;3;95;119
;1;2;3;1140
;1;2;3;1141
;1;2;3;254;53
;1;2;3;367;119
;1;2;3;68;100
;1;2;3;77;96
;1;2;3;52;121
;1;2;3;76;121
;1;2;3;1142
;1;2;3;1143
;1;2;3;46;398
;1;2;3;1144
;1;2;3;1145
;1;2;3;628;66
;1;2;3;593;53
;1;2;3;1146
;1;2;3;1147
;1;2;3;1148
;1;2;3;1149
;1;2;3;95;53
;1;2;3;1150
;1;2;3;1151
;1;2;3;1152
;1;2;3;1153
;1;2;3;77;123
;1;2;3;1154
;1;2;3;1155
;1;2;3;1156
;1;2;3;1157
;1;2;3;65;9
;1;2;3;196;398
;1;2;3;1158
;1;2;3;52;25
;1;2;3;1159
;1;2;3;291;53
;1;2;3;237;96
;1;2;3;1160
;1;2;3;1161
;1;2;3;1162
;1;2;3;1163
;1;2;3;1164
;1;2;3;1165
;1;2;3;118;66
;1;2;109;1166
;1;2;3;1167
;1;2;3;1168
;1;2;3;1169
;1;2;3;1170
;1;2;3;1171
;1;2;3;276;53
;1;2;3;1172
;1;2;3;1173
;1;2;3;1174
;1;2;3;162;21
;1;2;3;1175
;1;2;3;65;119
;1;2;3;1176
;1;2;3;1177
;1;2;3;1178
;1;2;3;1179
;1;2;3;1180
;1;2;109;1181
;1;2;3;1182
;1;2;3;77;164
;1;2;3;1183
;1;2;3;1184
;1;2;3;1185
;1;2;3;128;123
;1;2;3;1186
;1;2;3;114;9
;1;2;3;1187
;1;2;3;1188
;1;2;3;1189
;1;2;3;1190
;1;2;3;1191
;1;2;3;1192
;1;2;3;1193
;1;2;3;1194
;1;2;3;68;398
;1;2;3;247;96
;1;2;3;237;53
;1;2;3;1195
;1;2;3;1196
;1;2;3;157;25
;1197
;1;2;3;14;15;1198
;1;2;3;196;69
;1;2;3;1199
;1;2;3;139;123
;1;2;3;1200
;1;2;3;237;69
;1;2;3;1201
;1;2;3;1202
;1;2;3;1203
;1;2;3;1204
;1;2;3;1205
;1;2;3;1206
;1;2;3;1207
;1;2;3;291;69
;1;2;3;1208
;1;2;3;1209
;1;2;3;291;9
;1;2;3;1210
;1;2;3;118;96
;1;2;3;1211
;1;2;3;288;115
;1;2;3;8;1212
;1;2;3;114;175
;1;2;3;1213
;1;2;3;628;121
;1;2;3;196;121
;1;2;3;1214
;1;2;3;1215
;1;2;3;200;123
;1;2;3;1216
;1;2;3;1217
;1;2;3;14;15;805
;1;2;3;46;94
;1;2;3;1218
;1;2;3;1219
;1;2;3;288;9
;1;2;3;76;100
;1;2;3;1220
;1;2;3;1221
;1;2;3;291;25
;1;2;3;77;94
;1;2;3;1222
;1;2;3;163;121
;1;2;3;1223
;1;2;3;211;100
;1;2;3;1224
;1;2;3;1225
;1;2;3;1226
;1;2;3;1227
;1;2;3;203;21
;1;2;3;1228
;1;2;3;1229
;1;2;3;211;121
;1;2;3;1230
;1;2;3;506;164
;1;2;3;237;100
;1;2;3;276;123
;1;2;3;200;94
;1;2;3;1231
;1;2;3;1232
;1;2;3;1233
;1;2;3;146;115
;1;2;3;1234
;1;2;3;1235
;1;2;3;1236
;1;2;3;1237
;1;2;3;276;100
;1;2;3;1238
;1;2;3;118;94
;1;2;3;1239
;1;2;3;1240
;1;2;3;1241
;1;2;109;1242
;1;2;3;1243
;1;2;3;1244
;1;2;3;163;69
;1;2;3;1245
;1;2;3;211;96
;1;2;3;1246
;1;2;3;1247
;1;2;3;1248
;1;2;3;1249
;1;2;3;152;69
;1;2;3;1250
;1;2;3;1251
;1;2;3;1252
;1;2;3;83;66
;1;2;3;1253
;1;2;3;1254
;1;2;3;1255
;1;2;3;232;15;80
;1;2;3;1256
;1;2;3;139;96
;1;2;3;1257
;1;2;3;1258
;1;2;3;1259
;1;2;3;1260
;1;2;3;24;69
;1;2;3;1261
;1;2;3;1262
;1;2;3;1263
;1;2;3;1264
;1;2;3;1265
;1;2;3;1266
;1;2;3;1267
;1;2;3;1268
;1;2;3;1269
;1;2;3;506;121
;1;2;3;211;119
;1;2;3;1270
;1;2;3;8;1271
;1;2;3;1272
;1;2;3;1273
;1;2;3;1274
;1;2;3;232;15;310
;1;2;3;1275
;1;2;3;593;164
;1;2;3;1276
;1;2;3;1277
;1;2;3;1278
;1;2;3;222;123
;1;2;3;1279
;1;2;3;1280
;1;2;3;14;15;1281
;1;2;3;367;69
;1;2;109;1282
;1;2;3;211;53
;1;2;3;1283
;1;2;3;1284
;1;2;3;1285
;1;2;3;1286
;1;2;3;1287
;1;2;3;603;69
;1;2;3;1288
;1;2;3;52;164
;1;2;3;1289
;1;2;3;1290
;1;2;3;1291
;1;2;3;118;175
;1;2;3;1292
;1;2;3;1293
;1;2;3;1294
;1;2;3;114;123
;1;2;3;120;164
;1;2;3;114;25
;1;2;3;1295
;1;2;3;1296
;1;2;3;167;1271
;1;2;3;210;53
;1;2;3;247;21
;1;2;3;1297
;1;2;3;151;53
;1;2;3;102;121
;1;2;3;1298
;1;2;3;1299
;1;2;3;276;21
;1;2;3;1300
;1;2;3;1301
;1;2;3;1302
;1;2;3;1303
;1;2;3;162;119
;1;2;3;1304
;1;2;3;1305
;1;2;3;1306
;1;2;3;1307
;1;2;3;1308
;1;2;3;367;123
;1;2;3;1309
;1;2;3;1310
;1;2;3;1311
;1;2;3;288;119
;1312
;1;2;3;1313
;1;2;3;276;164
;1;2;3;1314
;1;2;3;1315
;1;2;3;1316
;1;2;3;46;100
;1;2;3;263;398
;1;2;3;68;21
;1317
;1;2;3;295;164
;1;2;3;1318
;1;2;3;162;115
;1;2;3;1319
;1;2;3;232;15;805
;1;2;3;1320
;1;2;3;1321
;1;2;3;14;15;177
;1;2;3;1322
;1;2;3;1323
;1;2;3;1324
;1;2;3;1325
;1;2;3;1326
;1;2;3;1327
;1;2;3;1328
;1;2;3;1329
;1;2;3;210;123
;1;2;3;1330
;1;2;3;128;9
;1;2;3;1331
;1;2;3;1332
;1;2;3;1333
;1;2;3;1334
;1;2;3;1335
;1;2;3;1336
;1;2;3;1337
;1;2;3;1338
;1;2;109;1339
;1;2;3;1340
;1;2;3;1341
;1;2;3;163;9
;1;2;3;118;398
;1;2;3;1342
;1;2;3;237;164
;1343
;1;2;3;1344
;1;2;3;222;53
;1;2;3;1345
;1;2;3;1346
;1;2;3;276;25
;1347
;1;2;3;1348
;1;2;3;20;123
;1;2;3;167;1349
;1;2;3;506;66
;1;2;3;1350
;1;2;3;1351
;1;2;3;152;115
;1;2;3;295;21
;1;2;3;1352
;1;2;3;1353
;1;2;3;1354
;1;2;3;1355
;1;2;3;1356
;1;2;3;210;115
;1;2;3;1357
;1;2;3;1358
;1;2;3;1359
;1;2;3;128;21
;1;2;109;1360
;1;2;3;52;9
;1;2;3;1361
;1;2;109;1362
;1;2;3;1363
;1;2;3;1364
;1;2;3;1365
;1;2;3;95;164
;1;2;3;1366
;1;2;3;282;53
;1367
;1;2;3;1368
;1;2;3;1369
;1;2;3;1370
;1;2;3;1371
;1;2;3;367;21
;1;2;3;1372
;1;2;3;1373
;1;2;3;1374
;1;2;3;1375
;1;2;3;203;115
;1;2;3;1376
;1;2;3;1377
;1;2;3;1378
;1;2;3;203;164
;1;2;3;1379
;1;2;3;1380
;1;2;3;1381
;1;2;3;1382
;1;2;3;1383
;1;2;3;46;96
;1;2;3;1384
;1;2;3;203;53
;1;2;3;157;115
;1;2;3;1385
;1;2;3;1386
;1;2;3;1387
;1;2;3;1388
;1;2;3;282;21
;1;2;3;1389
;1;2;3;1390
;1;2;3;1391
;1;2;3;1392
;1;2;3;1393
;1;2;3;1394
;1;2;3;1395
;1;2;3;1396
;1;2;3;1397
;1;2;3;1398
;1;2;3;24;96
;1;2;3;14;15;1399
;1;2;3;1400
;1;2;3;114;115
;1;2;3;1401
;1;2;3;1402
;1;2;3;1403
;1;2;3;1404
;1;2;3;157;21
;1;2;3;1405
;1;2;3;1406
;1;2;3;1407
;1;2;3;1408
;1;2;3;146;21
;1;2;3;295;123
;1;2;3;32;15;16
;1;2;3;1409
;1;2;3;1410
;1;2;3;367;53
;1;2;3;1411
;1;2;3;1412
;1;2;3;161;9
;1;2;3;1413
;1;2;3;1414
;1;2;3;1415
;1;2;3;1416
;1;2;3;1417
;1;2;109;1418
;1;2;3;1419
;1;2;3;1420
;1;2;3;1421
;1;2;3;161;53
;1;2;3;1422
;1;2;3;151;164
;1;2;3;1423
;1;2;3;1424
;1;2;3;1425
;1;2;3;1426
;1;2;3;1427
;1;2;3;232;15;470
;1;2;3;1428
;1;2;3;200;53
;1;2;3;1429
;1;2;3;1430
;1;2;3;1431
;1;2;3;1432
;1;2;3;65;115
;1433
;1;2;3;1434
;1;2;3;52;94
;1;2;3;95;9
;1;2;3;603;123
;1;2;3;210;66
;1;2;3;196;100
;1;2;3;210;94
;1;2;3;1435
;1;2;3;65;123
;1;2;3;282;9
;1;2;3;1436
;1;2;109;1437
;1;2;3;1438
;1;2;3;1439
;1;2;3;1440
;1;2;3;139;175
;1;2;3;1441
;1;2;3;1442
;1;2;3;1443
;1;2;3;1444
;1445
;1;2;3;85;121
;1;2;3;1446
;1;2;3;1447
;1;2;3;1448
;1;2;3;1449
;1;2;3;291;121
;1;2;3;1450
;1;2;3;1451
;1;2;3;1452
;1;2;3;1453
;1;2;3;1454
;1;2;3;1455
;1;2;3;222;21
;1;2;3;232;15;305
;1;2;3;1456
;1;2;3;1457
;1;2;3;83;21
;1;2;3;1458
;1;2;3;1459
;1;2;3;1460
;1;2;3;118;115
;1;2;3;1461
;1;2;3;1462
;1;2;3;1463
;1;2;3;1464
;1;2;3;1465
;1;2;3;1466
;1;2;3;1467
;1;2;3;1468
;1;2;3;1469
;1;2;3;1470
;1;2;3;46;123
;1;2;3;14;15;606
;1;2;3;276;115
;1;2;3;24;175
;1;2;3;291;164
;1;2;3;46;164
;1;2;3;1471
;1;2;3;1472
;1;2;3;1473
;1;2;3;46;66
;1;2;3;1474
;1;2;3;1475
;1;2;109;1476
;1;2;3;1477
;1;2;3;1478
;1;2;3;1479
;1;2;3;1480
;1;2;3;1481
;1;2;3;1482
;1;2;3;1483
;1;2;3;152;123
;1;2;3;1484
;1;2;3;1485
;1;2;3;1486
;1;2;3;8;1487
;1;2;3;1488
;1;2;3;1489
;1490
;1;2;3;120;398
;1;2;3;1491
;1;2;3;1492
;1;2;3;1493
;1;2;3;1494
;1;2;3;200;69
;1;2;3;1495
;1;2;3;32;15;133
;1;2;3;1496
;1;2;3;1497
;1;2;3;1498
;1;2;3;263;119
;1;2;3;1499
;1;2;3;24;21
;1;2;3;1500
;1;2;3;1501
;1;2;3;1502
;1;2;3;1503
;1;2;3;1504
;1;2;3;1505
;1;2;3;1506
;1;2;3;1507
;1;2;3;1508
;1509
;1;2;3;593;69
;1;2;3;1510
;1;2;3;1511
;1;2;3;211;175
;1;2;3;1512
;1;2;3;1513
;1;2;3;200;119
;1;2;3;1514
;1;2;3;1515
;1;2;3;263;21
;1;2;3;1516
;1;2;3;1517
;1;2;3;1518
;1;2;3;1519
;1;2;3;603;164
;1;2;3;1520
;1;2;3;1521
;1;2;3;1522
;1;2;3;367;398
;1;2;3;163;53
;1;2;3;1523
;1;2;3;1524
;1;2;3;1525
;1;2;3;1526
;1527
;1;2;3;1528
;1;2;3;1529
;1;2;3;1530
;1;2;3;1531
;1;2;3;1532
;1;2;3;1533
;1;2;3;146;69
;1;2;3;1534
;1;2;3;1535
;1;2;3;1536
;1;2;3;24;100
;1;2;3;200;9
;1;2;3;200;175
;1;2;3;1537
;1;2;3;1538
;1;2;3;1539
;1;2;3;1540
;1;2;3;146;66
;1;2;3;1541
;1;2;3;77;175
;1;2;3;1542
;1;2;3;1543
;1;2;3;1544
;1;2;3;157;164
;1;2;3;1545
;1;2;3;68;25
;1;2;3;1546
;1;2;3;1547
;1;2;3;1548
;1;2;3;1549
;1;2;109;1550
;1;2;3;1551
;1;2;3;1552
;1;2;3;1553
;1;2;3;1554
;1;2;3;254;9
;1;2;3;1555
;1;2;3;232;15;16
;1;2;3;1556
;1;2;3;85;69
;1;2;3;1557
;1;2;3;1558
;1;2;3;1559
;1;2;3;8;1560
;1;2;3;102;398
;1561
;1562
;1563
;1564
;1565
;1566
;1567
;1568
;1569
;1570
;1571
;1572
;1573
;1574
;1575
;1576
