;1;2;3;4;5
;1;2;3;6
;1;2;3;7
;1;2;3;8
;1;2;3;9;10
;1;2;3;11;12
;1;2;3;13
;1;2;3;14
;1;2;3;15;10
;1;2;3;16
;1;2;3;17
;1;2;3;18
;1;2;3;19
;1;2;3;20
;1;2;3;21
;1;2;3;22
;1;2;3;23;24
;1;2;3;25
;1;2;3;26
;1;2;3;27
;1;2;3;28
;1;2;3;29;30
;1;2;3;31
;1;2;3;32;33;34
;1;2;3;35;36
;1;2;3;11;24
;1;2;3;37
;1;2;3;38
;1;2;3;39
;1;2;3;40
;1;2;3;41
;1;2;3;42;43
;1;2;3;44;43
;1;2;3;45
;1;2;3;46
;1;2;3;47;12
;1;2;3;29;48
;1;2;3;49
;1;2;3;50
;1;2;3;51
;1;2;3;52
;1;2;3;53
;1;2;3;54;55
;1;2;3;56;57
;1;2;3;58;24
;1;2;3;59;33;60
;1;2;3;61
;1;2;3;62;63
;1;2;3;64;65
;1;2;3;29;66
;1;2;3;58;55
;1;2;3;67
;1;2;3;68;43
;69
;1;2;3;70
;71
;1;2;3;72
;1;2;3;73
;1;2;3;74
;1;2;3;75
;1;2;3;76
;1;2;3;77
;1;2;3;78
;1;2;3;79
;1;2;3;80
;1;2;3;81
;1;2;3;82;65
;1;2;3;83
;1;2;3;84
;1;2;3;29;57
;1;2;3;85
;1;2;3;86
;1;2;3;87;33;88
;89
;1;2;3;90
;1;2;3;91
;1;2;92;93
;1;2;3;94
;1;2;3;47;95
;1;2;3;96;10
;1;2;3;97;98
;1;2;3;99
;1;2;3;100
;1;2;3;101
;1;2;3;102
;1;2;3;103
;1;2;3;104
;1;2;3;105
;1;2;3;106
;1;2;3;107
;1;2;3;108
;1;2;3;109
;1;2;3;110
;1;2;3;111
;1;2;3;35;5
;1;2;3;112
;1;2;3;113
;1;2;3;114
;1;2;3;115
;1;2;3;58;116
;1;2;3;117
;1;2;3;118
;1;2;3;119
;1;2;3;120;95
;1;2;3;121;36
;1;2;3;122
;1;2;3;123
;1;2;3;124;66
;1;2;3;125
;1;2;3;126
;1;2;3;127
;1;2;3;128
;1;2;3;129
;1;2;3;130
;1;2;3;131;132
;1;2;3;133;33;134
;1;2;3;135;95
;1;2;3;136
;1;2;3;137
;1;2;3;138
;1;2;3;139
;1;2;3;140;24
;1;2;3;29;141
;1;2;3;142;95
;1;2;3;143
;1;2;3;121;95
;1;2;3;144;63
;1;2;3;9;36
;1;2;3;62;43
;1;2;3;145
;1;2;3;146
;1;2;3;23;65
;1;2;3;147;12
;1;2;3;148
;1;2;3;32;33;149
;1;2;3;150
;1;2;3;151
;1;2;3;152
;1;2;3;153
;1;2;3;154
;1;2;3;155
;1;2;3;156
;1;2;3;157
;1;2;3;158
;1;2;3;159
;1;2;3;160
;1;2;3;120;161
;1;2;3;162
;1;2;3;163
;1;2;3;164
;1;2;3;97;24
;1;2;3;165
;1;2;3;166
;1;2;3;167;24
;1;2;3;168
;1;2;3;169
;1;2;3;170
;1;2;3;171;95
;1;2;3;172
;1;2;3;173
;1;2;3;9;55
;1;2;3;174
;1;2;3;175
;1;2;3;176
;1;2;3;124;55
;1;2;3;177
;1;2;3;62;55
;1;2;3;178;24
;1;2;3;179;10
;1;2;3;180
;1;2;3;181
;1;2;3;182
;1;2;3;124;48
;1;2;3;142;24
;1;2;3;142;57
;1;2;3;82;141
;1;2;3;183
;1;2;3;184
;1;2;3;185
;1;2;3;186
;1;2;3;187
;1;2;3;188
;1;2;3;189
;1;2;3;190
;1;2;3;191
;1;2;3;192;24
;1;2;3;193
;1;2;3;194
;1;2;3;195
;1;2;3;196
;1;2;3;197;63
;1;2;3;198
;1;2;3;199
;1;2;3;124;95
;1;2;3;58;141
;1;2;3;200
;1;2;3;201
;1;2;3;202
;1;2;3;203;33;204
;1;2;92;205
;1;2;3;206;116
;1;2;3;15;55
;1;2;3;207;141
;1;2;3;208
;1;2;3;87;33;209
;1;2;3;142;116
;1;2;3;210
;1;2;3;44;24
;1;2;3;171;141
;1;2;3;211
;1;2;92;212
;1;2;3;44;141
;1;2;3;213
;1;2;3;214
;1;2;3;215
;1;2;3;216
;1;2;3;217
;1;2;3;218
;1;2;3;219;33;88
;1;2;3;220
;1;2;3;221
;1;2;3;222
;1;2;3;223
;1;2;3;224
;1;2;3;225
;1;2;3;142;63
;1;2;3;11;57
;1;2;3;226
;1;2;3;32;33;209
;1;2;3;227
;1;2;3;228
;1;2;3;229
;1;2;3;230
;1;2;3;231
;1;2;3;232;141
;1;2;3;233
;1;2;3;234
;1;2;3;44;57
;1;2;3;235
;1;2;3;236
;1;2;3;237
;1;2;3;238
;1;2;3;239
;1;2;3;240
;1;2;3;241
;1;2;3;242
;1;2;3;243
;1;2;3;244
;1;2;3;245
;1;2;3;246
;1;2;3;247
;1;2;3;248
;1;2;3;249
;1;2;3;250
;1;2;3;251;141
;1;2;3;252
;1;2;3;253;43
;1;2;3;62;36
;1;2;3;254
;1;2;3;255
;1;2;3;120;98
;1;2;3;256
;1;2;3;257
;1;2;3;258
;1;2;3;259
;1;2;3;260
;1;2;3;261;57
;1;2;3;262
;1;2;3;263
;1;2;3;264
;1;2;3;265
;1;2;3;266
;1;2;3;267;33;268
;1;2;3;269
;1;2;3;270
;1;2;3;271
;1;2;3;44;10
;1;2;3;272
;1;2;3;273;24
;1;2;3;274
;275
;1;2;3;276;5
;1;2;3;253;57
;1;2;3;277
;1;2;3;267;33;134
;1;2;3;135;57
;1;2;3;278;95
;1;2;3;87;33;279
;1;2;3;280
;1;2;3;281
;1;2;3;192;43
;1;2;3;282;98
;1;2;3;283
;1;2;3;64;116
;284
;1;2;3;285
;1;2;3;286
;1;2;3;192;57
;1;2;3;140;5
;1;2;3;11;63
;1;2;3;287
;288
;1;2;3;62;161
;1;2;3;289
;1;2;3;42;141
;1;2;3;68;98
;1;2;3;290
;1;2;3;291
;1;2;3;267;33;204
;1;2;3;292
;1;2;3;293
;1;2;3;294
;1;2;3;295
;1;2;3;296
;297
;1;2;3;298
;1;2;3;299
;1;2;3;300
;1;2;3;301
;1;2;3;302
;1;2;3;303
;1;2;3;304;10
;1;2;3;305
;1;2;3;306
;1;2;3;307
;1;2;3;308
;1;2;3;309
;1;2;3;23;10
;1;2;3;310
;1;2;3;311
;1;2;3;282;10
;1;2;3;312
;1;2;3;313
;1;2;3;207;5
;1;2;3;314
;1;2;3;315
;1;2;3;316
;1;2;3;121;141
;1;2;3;59;33;317
;1;2;3;318
;1;2;92;319
;1;2;3;320
;1;2;3;321
;1;2;3;322;10
;1;2;3;253;116
;1;2;3;207;43
;1;2;3;323
;1;2;3;324;24
;1;2;3;325
;1;2;3;326
;1;2;3;327
;1;2;3;328
;1;2;3;329
;1;2;3;330
;1;2;3;331;24
;1;2;3;124;332
;1;2;3;333
;1;2;3;334
;1;2;3;335
;1;2;3;336
;1;2;3;87;33;268
;1;2;3;337
;1;2;3;267;33;338
;1;2;3;339
;1;2;3;340
;1;2;3;341
;1;2;3;342
;1;2;3;343
;1;2;3;59;33;268
;1;2;3;344
;1;2;3;345
;1;2;3;346
;1;2;3;347
;1;2;3;348
;1;2;3;349
;1;2;3;64;141
;1;2;3;350
;1;2;3;351
;1;2;92;352
;1;2;3;353
;1;2;3;354
;1;2;3;56;355
;1;2;3;140;63
;1;2;3;356
;1;2;3;64;24
;1;2;3;203;33;357
;1;2;3;358
;1;2;3;359
;1;2;3;360
;1;2;3;361
;1;2;3;362
;1;2;3;363
;1;2;3;56;12
;1;2;3;197;65
;1;2;3;364
;1;2;3;56;98
;1;2;3;29;10
;1;2;3;15;57
;365
;1;2;3;324;65
;1;2;3;366
;1;2;3;367;24
;1;2;3;368
;1;2;3;369
;1;2;3;370
;1;2;3;278;24
;1;2;3;371
;1;2;3;372
;1;2;3;373
;1;2;3;374
;1;2;3;375
;1;2;3;376
;1;2;3;377
;1;2;3;378
;1;2;3;54;116
;1;2;3;379;98
;1;2;3;124;12
;1;2;3;96;161
;1;2;3;380
;1;2;3;381
;1;2;3;382
;1;2;3;206;10
;1;2;3;82;98
;1;2;3;278;10
;1;2;3;383
;1;2;3;384
;1;2;3;385
;1;2;3;386
;1;2;3;387
;1;2;3;388
;1;2;3;389
;1;2;3;390
;1;2;3;82;24
;1;2;3;144;10
;1;2;3;391
;1;2;3;178;355
;392
;393
;1;2;3;394
;1;2;3;96;36
;1;2;3;395
;1;2;3;396
;1;2;3;15;95
;1;2;3;397
;1;2;3;96;24
;1;2;3;82;57
;1;2;3;398
;1;2;3;399
;1;2;3;400
;1;2;3;29;95
;1;2;3;401;116
;1;2;3;402
;1;2;3;403
;1;2;3;404
;1;2;3;405
;1;2;3;406
;1;2;3;407
;1;2;3;68;12
;1;2;3;304;24
;1;2;3;408
;1;2;3;131;55
;1;2;3;409
;1;2;3;410
;1;2;3;411
;1;2;3;179;55
;1;2;3;412;95
;1;2;3;133;33;317
;1;2;3;413
;1;2;3;414
;1;2;3;133;33;279
;1;2;92;415
;1;2;3;416
;1;2;92;417
;1;2;3;418
;1;2;3;131;48
;1;2;3;219;33;419
;1;2;3;420
;1;2;3;421
;1;2;3;59;33;419
;1;2;3;422
;1;2;3;423
;1;2;3;424
;1;2;3;401;65
;1;2;3;131;116
;1;2;3;425
;1;2;3;11;426
;1;2;3;427
;1;2;3;282;141
;1;2;3;331;98
;1;2;3;54;63
;1;2;3;428
;1;2;3;429
;1;2;3;4;141
;1;2;3;430
;1;2;3;4;95
;1;2;3;431
;1;2;3;4;10
;1;2;3;432
;1;2;3;433
;1;2;3;434
;1;2;3;435
;1;2;3;197;24
;1;2;3;436;98
;1;2;3;437
;1;2;3;438
;1;2;3;206;63
;1;2;3;439
;1;2;3;44;65
;1;2;3;440
;1;2;3;207;10
;1;2;3;441
;1;2;3;442
;1;2;3;443
;1;2;3;444;98
;1;2;3;445;446
;1;2;3;447
;1;2;3;29;5
;1;2;3;448
;1;2;3;449
;1;2;3;450
;1;2;3;451
;1;2;3;29;55
;1;2;3;452;161
;1;2;3;453
;1;2;3;454;43
;1;2;3;455
;1;2;3;456
;1;2;3;457
;1;2;3;458
;1;2;3;459
;1;2;3;460;5
;1;2;3;461
;1;2;3;462
;1;2;3;35;141
;1;2;3;463
;1;2;3;464
;1;2;3;465
;1;2;3;466
;1;2;3;278;65
;1;2;3;467
;1;2;3;282;5
;1;2;3;468
;1;2;3;469
;1;2;3;470
;1;2;3;471
;1;2;3;472
;1;2;3;452;55
;1;2;3;473
;1;2;3;278;141
;1;2;3;474
;1;2;3;475
;1;2;3;476
;1;2;3;477
;1;2;3;478
;1;2;3;479
;1;2;480;481
;1;2;3;206;98
;1;2;3;482
;1;2;3;483
;1;2;3;97;95
;1;2;3;133;33;34
;1;2;3;484
;1;2;3;485
;1;2;3;486
;1;2;3;68;95
;1;2;3;120;55
;1;2;3;487
;1;2;3;488
;1;2;3;489
;1;2;3;490
;1;2;3;491
;1;2;3;232;98
;1;2;3;454;57
;1;2;3;492
;1;2;3;379;141
;1;2;3;493
;1;2;3;207;57
;1;2;3;494
;1;2;3;495
;1;2;3;29;332
;1;2;3;207;24
;1;2;3;496;65
;1;2;3;412;161
;1;2;3;278;161
;1;2;3;497
;1;2;3;324;5
;1;2;3;498
;1;2;3;499
;1;2;3;500
;1;2;3;501
;1;2;3;502
;1;2;3;140;355
;1;2;3;503;141
;1;2;3;504
;1;2;3;87;33;505
;1;2;3;506
;1;2;3;507
;1;2;3;276;116
;1;2;3;508
;1;2;3;509
;1;2;3;510
;1;2;3;511
;1;2;3;512
;1;2;3;197;57
;1;2;3;513
;1;2;3;514
;1;2;3;515
;1;2;3;54;57
;516
;1;2;3;517
;1;2;3;518
;1;2;3;519
;1;2;3;520
;1;2;3;521
;1;2;3;522;141
;1;2;3;523
;1;2;3;147;355
;1;2;3;524
;1;2;3;525
;1;2;3;526
;1;2;3;11;116
;1;2;3;527
;1;2;3;32;33;338
;1;2;3;528
;1;2;3;273;10
;1;2;3;460;57
;1;2;3;529
;1;2;3;530
;1;2;3;531
;1;2;3;532
;1;2;3;533
;1;2;3;142;12
;1;2;3;534
;1;2;3;454;36
;1;2;3;496;10
;1;2;3;535
;1;2;3;367;10
;1;2;3;219;33;134
;1;2;3;536
;1;2;3;42;10
;1;2;3;537
;1;2;3;538
;1;2;3;539
;1;2;3;540
;1;2;3;219;33;357
;1;2;3;253;141
;1;2;3;541
;1;2;3;542
;1;2;3;543
;1;2;3;544
;1;2;3;206;5
;1;2;3;545
;1;2;3;546
;1;2;3;135;141
;1;2;3;547
;1;2;3;548;98
;1;2;3;131;30
;1;2;3;549
;1;2;3;550
;1;2;3;460;141
;1;2;3;551
;1;2;3;552
;1;2;3;553
;1;2;3;554
;1;2;3;555
;1;2;3;556
;1;2;3;42;5
;1;2;3;557
;1;2;3;558
;1;2;3;559
;1;2;3;560
;1;2;3;206;161
;1;2;3;561
;1;2;3;562
;1;2;3;563
;1;2;3;564
;1;2;3;64;98
;1;2;3;565
;1;2;3;548;161
;1;2;3;566
;1;2;3;567
;1;2;3;568
;1;2;3;569
;1;2;3;570
;1;2;3;571
;1;2;3;167;5
;1;2;3;572
;1;2;3;573
;1;2;3;251;65
;1;2;3;574
;1;2;3;575
;1;2;3;144;43
;1;2;3;576
;1;2;3;124;24
;1;2;3;577
;1;2;3;578
;1;2;3;56;95
;1;2;3;579
;1;2;3;580
;1;2;3;581
;1;2;3;582
;1;2;3;583
;1;2;3;584
;1;2;3;585
;1;2;3;586
;1;2;3;587
;1;2;3;23;5
;1;2;3;588
;1;2;3;589
;1;2;3;590
;1;2;3;591
;1;2;3;592
;1;2;3;593
;1;2;3;594
;1;2;3;595
;1;2;3;120;12
;1;2;3;596
;1;2;3;548;24
;1;2;3;401;98
;1;2;3;597
;1;2;3;452;141
;1;2;3;59;33;598
;1;2;3;496;355
;1;2;3;599
;1;2;3;454;10
;1;2;3;147;65
;1;2;3;600
;1;2;3;601
;1;2;3;602
;1;2;3;282;95
;1;2;3;120;24
;1;2;3;273;57
;1;2;3;603
;1;2;3;604
;1;2;3;605
;1;2;3;606
;1;2;3;324;116
;1;2;3;276;36
;1;2;3;607
;1;2;3;608
;1;2;3;609
;1;2;3;610
;1;2;3;251;12
;1;2;3;611
;1;2;3;612
;1;2;3;503;5
;1;2;3;273;98
;1;2;3;613
;1;2;3;614
;1;2;3;615
;1;2;3;62;24
;1;2;3;616
;1;2;3;178;116
;1;2;3;617
;1;2;3;618
;1;2;3;15;36
;1;2;3;124;619
;1;2;3;219;33;620
;1;2;3;621
;1;2;3;622
;1;2;3;623
;1;2;3;322;355
;1;2;3;624
;1;2;3;625
;1;2;3;626
;1;2;3;627
;1;2;3;11;628
;1;2;3;232;161
;1;2;3;629
;1;2;3;630
;1;2;3;42;57
;1;2;3;179;57
;1;2;3;631
;1;2;3;632
;1;2;3;167;161
;1;2;3;633
;1;2;3;634
;1;2;3;635
;1;2;3;4;355
;1;2;3;331;63
;1;2;3;636
;1;2;3;253;98
;1;2;3;29;628
;1;2;3;637
;1;2;3;638
;1;2;3;639
;1;2;3;640
;1;2;3;641
;1;2;3;642
;1;2;3;643
;1;2;3;644
;1;2;3;273;141
;1;2;3;178;10
;1;2;3;87;33;338
;1;2;3;142;10
;1;2;3;645
;1;2;3;548;12
;1;2;3;646
;1;2;3;647
;1;2;3;648
;1;2;3;649
;1;2;3;35;63
;1;2;3;650
;1;2;92;651
;1;2;3;652
;1;2;3;653
;1;2;3;96;57
;1;2;3;654
;1;2;3;655
;1;2;3;656
;1;2;3;657
;1;2;3;23;43
;1;2;3;87;33;658
;1;2;3;29;659
;1;2;3;660
;1;2;3;661
;1;2;3;144;98
;1;2;3;662
;1;2;3;324;10
;1;2;3;663
;1;2;3;664
;1;2;3;304;36
;1;2;3;324;36
;1;2;3;665
;1;2;3;666
;1;2;3;203;33;419
;1;2;3;667
;1;2;3;197;5
;1;2;3;42;24
;1;2;3;668
;1;2;3;131;24
;1;2;3;232;95
;1;2;3;669
;1;2;92;670
;1;2;3;203;33;268
;1;2;3;278;5
;1;2;3;671
;1;2;3;672
;1;2;3;171;63
;1;2;3;673
;1;2;3;674
;1;2;3;207;36
;1;2;3;675
;1;2;3;676
;1;2;3;677
;1;2;92;678
;1;2;3;679
;1;2;3;680
;1;2;3;681
;1;2;3;682
;1;2;3;683
;1;2;3;684
;1;2;3;685
;1;2;3;686
;1;2;3;379;355
;1;2;3;687
;1;2;3;688
;1;2;3;689
;1;2;3;219;33;317
;1;2;3;331;10
;1;2;3;690
;1;2;3;282;57
;1;2;3;691
;1;2;3;692
;1;2;3;203;33;338
;1;2;3;693
;1;2;3;694
;1;2;3;695
;1;2;92;696
;1;2;3;697
;1;2;3;178;36
;1;2;3;698
;1;2;3;379;24
;1;2;3;62;5
;1;2;3;699
;1;2;3;700
;1;2;3;522;63
;1;2;3;701
;1;2;3;702
;1;2;3;412;98
;1;2;3;703
;1;2;3;704
;1;2;3;705
;1;2;3;131;706
;1;2;3;707
;1;2;3;708
;1;2;3;709
;1;2;3;710
;1;2;3;711
;1;2;3;120;43
;1;2;3;712
;1;2;3;713
;1;2;3;714
;1;2;3;96;63
;1;2;3;715
;1;2;3;460;10
;1;2;3;716
;1;2;3;179;65
;1;2;3;197;10
;1;2;3;717;98
;1;2;3;718
;1;2;3;147;63
;1;2;3;719
;1;2;3;720
;1;2;3;721
;1;2;3;58;10
;1;2;3;722
;1;2;3;59;33;723
;1;2;3;261;36
;1;2;3;133;33;658
;1;2;3;724
;1;2;3;725
;1;2;3;131;66
;1;2;3;726
;1;2;3;727
;1;2;3;728
;1;2;3;729
;1;2;3;56;43
;1;2;3;730
;1;2;3;731
;1;2;3;131;65
;1;2;3;35;24
;1;2;3;203;33;505
;1;2;3;732
;1;2;3;733
;1;2;3;734
;1;2;3;735
;1;2;3;736
;1;2;3;737
;1;2;3;738
;1;2;3;739
;1;2;3;740
;741
;1;2;3;144;141
;1;2;3;367;65
;1;2;3;742
;1;2;3;133;33;620
;1;2;3;267;33;743
;1;2;3;178;95
;1;2;3;744
;1;2;3;745
;1;2;3;746
;1;2;3;747
;1;2;3;748
;1;2;3;749
;750
;1;2;3;751
;1;2;3;752
;1;2;3;753
;1;2;3;754
;1;2;3;267;33;279
;1;2;3;133;33;419
;1;2;3;324;57
;1;2;92;755
;1;2;3;756
;1;2;3;47;98
;1;2;92;757
;1;2;3;758
;1;2;3;197;43
;1;2;3;759
;1;2;3;42;36
;1;2;3;760
;1;2;3;761
;1;2;3;4;57
;1;2;3;452;10
;1;2;3;762
;1;2;3;763
;1;2;3;764
;1;2;3;765
;1;2;3;766
;1;2;3;82;43
;1;2;3;120;141
;1;2;3;767
;1;2;3;15;65
;1;2;3;171;98
;1;2;3;768
;1;2;3;769
;1;2;3;770
;1;2;3;171;65
;1;2;3;503;36
;1;2;3;771
;1;2;3;772
;1;2;3;773
;1;2;3;774
;1;2;3;29;355
;1;2;3;775
;1;2;3;776
;777
;778
;1;2;3;331;5
;1;2;3;779
;1;2;3;780
;1;2;3;781
;1;2;3;782
;1;2;3;783
;1;2;3;454;116
;1;2;3;784
;1;2;3;59;33;338
;1;2;3;785
;1;2;3;786
;1;2;3;787
;1;2;3;788
;1;2;3;124;30
;1;2;3;9;43
;1;2;3;789
;1;2;3;790
;1;2;3;791
;1;2;3;792
;1;2;3;793
;1;2;3;140;161
;1;2;3;120;57
;1;2;3;794
;1;2;3;795
;1;2;3;54;161
;1;2;3;796
;1;2;3;797
;1;2;3;47;10
;1;2;3;267;33;317
;1;2;3;798
;1;2;3;142;65
;1;2;3;799
;1;2;3;800
;1;2;3;124;5
;1;2;3;801
;1;2;3;802
;1;2;3;273;36
;1;2;3;803
;1;2;3;804
;1;2;3;331;36
;1;2;3;324;12
;1;2;3;367;95
;1;2;3;805
;1;2;3;806
;1;2;3;807
;1;2;3;808
;1;2;3;809
;1;2;3;810
;1;2;3;811
;1;2;3;812
;1;2;3;813
;1;2;3;304;65
;1;2;3;814
;1;2;3;815
;1;2;92;816
;1;2;3;817
;1;2;3;818
;1;2;3;131;819
;1;2;3;820
;1;2;3;821
;1;2;3;822
;1;2;3;823
;1;2;3;454;63
;1;2;3;179;36
;1;2;3;59;33;620
;1;2;3;824
;1;2;3;140;65
;1;2;92;825
;1;2;3;460;65
;1;2;3;401;10
;1;2;3;82;10
;1;2;3;826
;1;2;3;124;706
;1;2;3;827
;1;2;3;828
;1;2;3;144;161
;1;2;3;829
;1;2;3;830
;1;2;3;831
;1;2;3;832
;1;2;3;64;63
;1;2;3;833
;1;2;3;444;116
;1;2;3;834
;1;2;3;58;161
;835
;1;2;3;836
;1;2;3;837
;1;2;3;838
;1;2;3;267;33;357
;1;2;3;367;12
;1;2;3;171;10
;1;2;3;839
;1;2;3;840
;1;2;3;841
;1;2;3;842
;1;2;3;843
;1;2;3;844
;1;2;3;82;63
;1;2;3;845
;1;2;3;29;846
;1;2;3;847
;1;2;3;848
;1;2;3;849
;850
;1;2;3;35;65
;1;2;3;851
;1;2;3;852
;1;2;3;179;5
;1;2;3;203;33;743
;1;2;3;82;55
;1;2;3;853
;1;2;3;854
;1;2;3;121;65
;1;2;3;261;65
;1;2;3;855
;1;2;3;322;24
;1;2;3;856
;1;2;3;133;33;338
;1;2;3;857
;1;2;3;858
;1;2;3;59;33;204
;1;2;3;859
;1;2;3;860
;1;2;3;861
;1;2;3;862
;1;2;3;454;141
;1;2;3;863
;1;2;3;864
;1;2;3;865
;1;2;3;59;33;505
;1;2;3;866
;1;2;3;867
;1;2;3;219;33;505
;1;2;3;868
;1;2;3;503;57
;1;2;3;869
;1;2;3;870
;1;2;3;219;33;743
;1;2;3;144;24
;1;2;3;871
;1;2;3;140;43
;1;2;3;872
;1;2;3;873
;1;2;3;54;98
;1;2;3;874
;1;2;3;147;5
;1;2;3;58;65
;1;2;3;875
;1;2;3;876
;1;2;3;877
;1;2;3;121;24
;1;2;3;878
;1;2;3;879
;1;2;3;880
;1;2;3;881
;1;2;3;56;161
;1;2;3;401;57
;1;2;3;882
;1;2;3;883
;1;2;3;884
;1;2;3;885
;1;2;3;15;5
;1;2;3;886
;1;2;3;97;10
;1;2;3;887
;1;2;3;888
;1;2;3;889
;1;2;3;367;161
;1;2;3;890
;1;2;3;32;33;268
;1;2;3;891
;1;2;3;892
;1;2;3;893
;1;2;3;894
;1;2;3;895
;1;2;3;324;98
;1;2;3;896
;1;2;3;206;95
;1;2;3;897
;1;2;3;898
;1;2;3;324;43
;1;2;3;899
;1;2;3;900
;1;2;3;29;901
;1;2;3;273;355
;1;2;3;902
;1;2;92;903
;1;2;3;904
;1;2;3;905
;1;2;3;135;5
;1;2;3;906
;1;2;3;907
;1;2;3;908
;1;2;3;253;355
;1;2;3;909
;1;2;3;910
;1;2;3;911
;1;2;3;912
;1;2;3;178;63
;1;2;3;913
;1;2;3;914
;1;2;3;232;10
;1;2;3;452;12
;1;2;3;915
;1;2;3;916
;1;2;3;379;43
;1;2;3;54;95
;1;2;3;251;116
;917
;1;2;3;445;98
;1;2;3;918
;1;2;3;331;95
;1;2;3;11;98
;1;2;3;919
;1;2;3;920
;1;2;3;921
;1;2;3;133;33;598
;1;2;3;276;141
;1;2;3;922
;1;2;3;923
;1;2;3;924
;1;2;3;925
;1;2;3;926
;1;2;3;120;63
;1;2;3;171;43
;1;2;3;68;141
;1;2;3;927
;1;2;3;206;55
;1;2;3;928
;1;2;3;253;55
;1;2;3;32;33;317
;1;2;3;135;24
;1;2;3;929
;1;2;3;930
;1;2;3;931
;1;2;3;932
;1;2;3;933
;1;2;3;934
;1;2;3;935
;1;2;3;936
;1;2;3;261;141
;1;2;3;131;10
;1;2;3;15;63
;1;2;3;937
;1;2;3;938
;1;2;3;939
;1;2;3;940
;1;2;3;11;65
;1;2;3;941
;1;2;3;942
;1;2;3;943
;1;2;3;944
;1;2;92;945
;1;2;3;946
;1;2;3;59;33;34
;1;2;3;947
;1;2;3;948
;1;2;3;949
;1;2;3;64;12
;1;2;3;950
;1;2;3;951
;1;2;3;952
;1;2;3;953
;1;2;3;452;98
;1;2;3;954
;1;2;3;460;63
;1;2;3;955
;1;2;3;120;5
;1;2;3;124;426
;1;2;3;956
;1;2;3;957
;1;2;3;124;43
;1;2;3;958
;1;2;3;29;619
;1;2;3;959
;1;2;3;960
;1;2;3;961
;1;2;3;962
;1;2;3;963
;1;2;3;29;98
;1;2;3;178;65
;1;2;3;304;12
;1;2;3;964
;1;2;3;203;33;620
;1;2;3;965
;1;2;3;966
;1;2;3;445;30
;1;2;3;967
;1;2;3;968
;1;2;3;969
;1;2;3;970
;1;2;3;971
;1;2;3;192;63
;1;2;3;972
;1;2;3;973
;1;2;92;974
;1;2;3;975
;1;2;3;11;819
;1;2;3;976
;1;2;3;977
;1;2;3;978
;1;2;3;124;819
;1;2;3;206;24
;1;2;3;979
;1;2;3;980
;1;2;3;981
;1;2;3;171;5
;1;2;3;982
;1;2;3;983
;1;2;3;179;141
;1;2;3;984
;1;2;3;985
;1;2;3;986
;1;2;3;207;55
;1;2;3;454;65
;1;2;3;987
;1;2;3;988
;1;2;3;989
;1;2;3;990
;1;2;3;991
;1;2;3;992
;1;2;3;993
;1;2;3;994
;1;2;3;995
;1;2;3;54;24
;1;2;3;996
;997
;1;2;3;998
;1;2;3;999
;1;2;3;1000
;1;2;3;1001
;1;2;3;1002
;1;2;3;1003
;1;2;3;1004
;1;2;3;35;98
;1;2;3;1005
;1;2;3;1006
;1;2;3;1007
;1;2;3;251;161
;1;2;3;522;12
;1;2;3;253;95
;1;2;3;1008
;1;2;3;1009
;1;2;3;56;36
;1;2;3;267;33;598
;1;2;480;1010
;1;2;3;124;901
;1;2;3;522;55
;1;2;3;68;5
;1;2;3;1011
;1;2;3;124;1012
;1;2;3;267;33;209
;1;2;3;1013
;1;2;3;1014
;1;2;3;1015
;1;2;3;131;628
;1;2;3;124;1016
;1;2;3;1017
;1;2;3;1018
;1;2;3;1019
;1;2;3;1020
;1;2;3;1021
;1;2;3;1022
;1;2;3;135;161
;1;2;3;167;63
;1;2;3;1023
;1;2;3;1024
;1025
;1;2;3;1026
;1;2;3;1027
;1;2;3;1028
;1;2;3;276;65
;1;2;3;121;161
;1;2;3;1029
;1;2;3;251;43
;1;2;3;276;95
;1;2;3;124;628
;1;2;3;1030
;1;2;3;124;57
;1;2;3;1031
;1;2;3;1032
;1;2;3;1033
;1;2;3;1034
;1;2;3;1035
;1;2;3;87;33;419
;1;2;3;1036
;1;2;3;1037
;1;2;3;197;141
;1;2;3;142;98
;1;2;3;1038
;1;2;3;1039
;1;2;3;11;901
;1;2;3;219;33;34
;1;2;3;1040
;1;2;3;261;355
;1;2;3;304;141
;1;2;3;1041
;1;2;3;1042
;1;2;3;1043
;1;2;3;1044
;1;2;3;11;355
;1;2;3;29;819
;1;2;3;251;10
;1;2;3;1045
;1;2;3;133;33;209
;1;2;3;1046
;1;2;3;179;43
;1;2;3;56;24
;1;2;3;1047
;1;2;3;82;161
;1;2;92;1048
;1;2;3;124;116
;1;2;3;140;116
;1;2;3;1049
;1;2;3;1050
;1;2;3;1051
;1;2;3;1052
;1;2;3;1053
;1;2;3;1054
;1;2;3;62;57
;1;2;3;1055
;1;2;3;1056
;1;2;3;1057
;1;2;3;1058
;1;2;3;1059
;1;2;3;1060
;1;2;3;15;24
;1;2;3;1061
;1;2;3;1062
;1;2;92;1063
;1;2;3;1064
;1;2;3;171;161
;1;2;3;32;33;598
;1;2;3;1065
;1;2;3;1066
;1;2;3;58;43
;1;2;3;304;57
;1;2;3;47;141
;1;2;3;1067
;1;2;3;1068
;1;2;3;121;5
;1;2;3;1069
;1;2;3;1070
;1;2;3;1071
;1;2;3;56;141
;1;2;3;1072
;1;2;3;496;161
;1;2;3;1073
;1;2;3;1074
;1;2;3;1075
;1;2;3;412;65
;1;2;3;1076
;1;2;3;1077
;1;2;3;1078
;1;2;3;1079
;1;2;3;1080
;1;2;3;1081
;1;2;3;1082
;1;2;3;1083
;1;2;3;1084
;1;2;3;1085
;1;2;3;1086
;1087
;1;2;3;452;5
;1;2;3;59;33;743
;1;2;3;452;355
;1;2;3;131;332
;1;2;3;1088
;1;2;3;1089
;1;2;3;1090
;1;2;3;1091
;1;2;3;1092
;1;2;3;1093
;1;2;3;1094
;1;2;3;1095
;1;2;3;23;141
;1;2;3;1096
;1;2;3;47;65
;1;2;3;1097
;1;2;3;1098
;1;2;3;452;43
;1;2;3;1099
;1;2;3;1100
;1;2;3;1101
;1;2;3;1102
;1;2;3;1103
;1;2;3;1104
;1;2;3;131;63
;1;2;3;1105
;1;2;3;253;161
;1;2;3;1106
;1;2;3;1107
;1;2;3;267;33;88
;1;2;3;1108
;1;2;3;1109
;1;2;3;1110
;1;2;3;29;132
;1;2;3;1111
;1;2;3;1112
;1;2;3;522;98
;1;2;3;1113
;1;2;3;1114
;1;2;3;54;10
;1;2;3;1115
;1;2;3;1116
;1;2;3;1117
;1;2;3;322;57
;1;2;3;1118
;1;2;3;1119
;1;2;3;1120
;1;2;3;1121
;1;2;3;1122
;1;2;3;1123
;1;2;3;1124
;1;2;3;1125
;1;2;3;1126
;1;2;3;1127
;1;2;3;1128
;1;2;3;1129
;1;2;3;1130
;1;2;3;1131
;1;2;3;1132
;1;2;3;1133
;1;2;3;548;10
;1;2;3;1134
;1;2;3;64;43
;1;2;3;496;57
;1;2;3;1135
;1;2;3;401;12
;1;2;3;1136
;1;2;3;1137
;1;2;3;167;95
;1;2;3;1138
;1;2;3;251;57
;1;2;3;1139
;1;2;3;1140
;1;2;3;1141
;1;2;3;1142
;1;2;3;1143
;1;2;3;1144
;1;2;3;1145
;1;2;3;1146
;1;2;3;232;24
;1;2;3;1147
;1;2;3;59;33;1148
;1;2;3;1149
;1;2;3;322;65
;1;2;3;324;141
;1;2;3;1150
;1;2;3;1151
;1;2;3;1152
;1;2;3;11;1012
;1;2;3;140;98
;1;2;3;58;98
;1;2;3;379;5
;1;2;3;1153
;1;2;3;522;355
;1;2;3;82;36
;1;2;3;1154
;1;2;3;97;141
;1;2;3;1155
;1156
;1;2;3;232;43
;1;2;3;1157
;1;2;3;1158
;1;2;3;1159
;1;2;3;1160
;1;2;3;1161
;1;2;3;1162
;1;2;3;1163
;1;2;3;1164
;1;2;3;1165
;1;2;3;304;5
;1;2;3;1166
;1;2;3;1167
;1;2;3;1168
;1;2;3;62;65
;1;2;3;1169
;1;2;3;1170
;1;2;3;460;24
;1;2;3;1171
;1;2;3;1172
;1;2;3;1173
;1;2;3;1174
;1;2;3;1175
;1;2;3;131;1016
;1;2;3;1176
;1;2;3;1177
;1;2;3;1178
;1;2;3;1179
;1;2;3;412;55
;1;2;3;1180
;1;2;3;56;5
;1;2;3;1181
;1;2;3;179;95
;1;2;3;548;5
;1;2;3;1182
;1;2;3;1183
;1;2;3;11;132
;1;2;3;1184
;1;2;3;1185
;1;2;3;304;43
;1;2;3;1186
;1;2;3;1187
;1;2;3;304;95
;1;2;3;1188
;1;2;3;322;141
;1;2;3;1189
;1;2;3;401;161
;1;2;3;1190
;1;2;3;1191
;1;2;3;1192
;1;2;3;1193
;1;2;3;1194
;1;2;3;324;161
;1;2;3;1195
;1;2;3;64;355
;1;2;3;1196
;1;2;3;1197
;1;2;3;147;98
;1;2;3;1198
;1;2;3;1199
;1;2;3;1200
;1;2;3;1201
;1;2;3;54;43
;1;2;3;253;63
;1;2;3;1202
;1;2;3;1203
;1;2;3;131;12
;1;2;3;1204
;1;2;3;1205
;1;2;3;1206
;1;2;3;1207
;1;2;3;1208
;1;2;3;1209
;1;2;3;1210
;1;2;3;1211
;1;2;3;1212
;1;2;3;261;5
;1;2;3;1213
;1;2;92;1214
;1;2;3;503;161
;1;2;3;1215
;1;2;3;1216
;1;2;3;1217
;1;2;3;219;33;598
;1;2;3;171;24
;1;2;3;1218
;1;2;3;1219
;1;2;3;522;65
;1;2;3;1220
;1;2;3;1221
;1;2;3;1222
;1;2;3;219;33;204
;1;2;3;47;5
;1;2;3;1223
;1;2;3;1224
;1;2;3;251;5
;1;2;3;1225
;1;2;3;282;24
;1;2;3;1226
;1;2;3;206;43
;1;2;3;1227
;1;2;3;11;332
;1;2;3;1228
;1;2;3;144;5
;1;2;3;1229
;1230
;1;2;3;97;55
;1;2;3;278;98
;1;2;3;1231
;1;2;3;445;116
;1;2;3;1232
;1;2;3;1233
;1;2;3;1234
;1;2;3;1235
;1;2;3;1236
;1;2;3;1237
;1;2;3;1238
;1;2;3;178;5
;1;2;3;1239
;1;2;3;1240
;1;2;3;15;141
;1;2;3;1241
;1;2;3;87;33;204
;1;2;3;1242
;1;2;3;1243
;1;2;3;1244
;1;2;3;367;5
;1245
;1;2;92;1246
;1;2;3;1247
;1;2;3;64;55
;1;2;3;1248
;1;2;3;1249
;1;2;3;64;161
;1;2;3;32;33;419
;1;2;3;1250
;1;2;3;1251
;1;2;3;1252
;1;2;3;1253
;1;2;3;207;161
;1;2;3;206;141
;1;2;3;147;116
;1;2;3;192;141
;1;2;3;1254
;1;2;3;1255
;1;2;92;1256
;1;2;3;207;12
;1;2;3;9;5
;1;2;3;1257
;1;2;3;1258
;1;2;3;68;57
;1;2;3;47;116
;1;2;3;1259
;1;2;3;121;63
;1;2;3;1260
;1;2;3;1261
;1;2;3;1262
;1;2;3;1263
;1;2;3;206;65
;1;2;3;1264
;1;2;3;1265
;1266
;1;2;92;1267
;1;2;3;1268
;1;2;3;331;141
;1269
;1;2;3;1270
;1;2;3;1271
;1;2;3;1272
;1;2;3;1273
;1;2;3;1274
;1;2;3;1275
;1;2;3;1276
;1;2;3;82;95
;1;2;3;1277
;1;2;3;1278
;1;2;3;1279
;1;2;3;1280
;1;2;3;412;24
;1;2;3;1281
;1;2;3;1282
;1283
;1;2;3;1284
;1;2;3;1285
;1;2;3;1286
;1;2;3;261;63
;1;2;3;1287
;1;2;3;56;65
;1;2;3;1288
;1;2;3;1289
;1;2;3;1290
;1;2;3;96;5
;1;2;3;87;33;317
;1;2;3;47;55
;1;2;3;124;63
;1;2;3;1291
;1;2;3;1292
;1;2;3;1293
;1;2;3;1294
;1;2;3;29;1295
;1;2;3;207;95
;1;2;3;1296
;1;2;3;1297
;1;2;92;1298
;1;2;3;131;98
;1;2;3;1299
;1;2;3;1300
;1;2;3;87;33;620
;1;2;3;232;65
;1;2;3;1301
;1;2;3;1302
;1;2;3;1303
;1;2;3;1304
;1;2;3;42;12
;1;2;3;121;57
;1;2;3;452;65
;1;2;3;412;43
;1;2;3;1305
;1;2;3;11;141
;1;2;3;1306
;1;2;3;1307
;1;2;3;1308
;1;2;3;1309
;1;2;3;1310
;1;2;3;1311
;1;2;3;1312
;1;2;3;219;33;268
;1;2;3;68;24
;1;2;3;1313
;1;2;3;1314
;1;2;3;1315
;1;2;3;1316
;1;2;3;1317
;1;2;3;1318
;1;2;3;1319
;1;2;3;1320
;1;2;3;1321
;1;2;3;1322
;1;2;3;1323
;1;2;3;59;33;357
;1;2;3;171;57
;1;2;3;1324
;1;2;3;1325
;1;2;3;261;10
;1;2;3;1326
;1;2;3;206;57
;1;2;3;1327
;1;2;3;1328
;1;2;3;1329
;1;2;3;142;5
;1;2;3;1330
;1;2;3;1331
;1;2;3;1332
;1;2;3;267;33;658
;1;2;3;1333
;1;2;3;1334
;1;2;3;1335
;1;2;3;1336
;1;2;3;42;55
;1;2;3;68;10
;1;2;3;35;161
;1;2;3;1337
;1;2;3;1338
;1;2;3;4;24
;1;2;3;1339
;1;2;3;1340
;1;2;3;1341
;1;2;3;97;65
;1;2;3;1342
;1;2;3;1343
;1;2;3;1344
;1;2;3;1345
;1;2;3;1346
;1;2;3;97;36
;1;2;3;1347
;1;2;3;219;33;279
;1;2;3;192;95
;1;2;3;1348
;1;2;3;1349
;1;2;3;1350
;1;2;3;1351
;1;2;3;1352
;1;2;3;1353
;1;2;3;1354
;1;2;3;1355
;1;2;3;1356
;1;2;3;401;141
;1;2;3;1357
;1;2;3;124;98
;1;2;3;1358
;1;2;3;1359
;1;2;3;1360
;1;2;3;401;355
;1;2;3;503;65
;1;2;3;1361
;1;2;3;503;10
;1;2;3;1362
;1;2;3;1363
;1;2;3;1364
;1;2;3;1365
;1;2;3;1366
;1;2;3;717;116
;1;2;3;1367
;1;2;3;1368
;1;2;3;1369
;1;2;3;1370
;1;2;3;1371
;1;2;3;1372
;1;2;3;1373
;1;2;3;124;65
;1;2;3;1374
;1;2;3;1375
;1;2;3;29;706
;1;2;3;1376
;1;2;3;15;98
;1;2;3;1377
;1;2;3;1378
;1;2;3;44;355
;1;2;3;1379
;1;2;3;1380
;1;2;3;1381
;1;2;3;1382
;1;2;3;1383
;1;2;3;1384
;1;2;3;1385
;1;2;92;1386
;1;2;3;1387
;1;2;3;1388
;1;2;3;1389
;1;2;3;1390
;1;2;3;304;161
;1;2;3;135;355
;1;2;3;1391
;1;2;3;1392
;1;2;3;1393
;1;2;3;1394
;1;2;3;1395
;1;2;3;1396
;1;2;3;1397
;1;2;3;1398
;1;2;3;1399
;1;2;3;1400
;1;2;3;1401
;1;2;3;1402
;1;2;3;1403
;1;2;3;1404
;1;2;3;178;43
;1;2;3;1405
;1;2;3;253;10
;1;2;3;1406
;1;2;3;1407
;1;2;3;1408
;1;2;3;1409
;1;2;3;1410
;1;2;3;1411
;1;2;3;179;24
;1;2;3;120;36
;1;2;3;1412
;1;2;3;1413
;1;2;3;1414
;1;2;3;1415
;1;2;3;32;33;620
;1;2;3;32;33;658
;1;2;3;1416
;1;2;3;1417
;1;2;3;124;659
;1;2;3;1418
;1;2;3;142;43
;1;2;3;454;12
;1;2;3;1419
;1;2;3;1420
;1;2;3;1421
;1422
;1;2;3;1423
;1;2;3;203;33;598
;1;2;3;1424
;1;2;3;58;5
;1;2;3;1425
;1;2;3;1426
;1;2;3;253;65
;1;2;3;1427
;1;2;3;1428
;1;2;3;331;57
;1;2;3;367;36
;1;2;3;1429
;1;2;3;1430
;1;2;3;273;116
;1;2;3;1431
;1;2;3;1432
;1;2;3;1433
;1;2;3;133;33;268
;1;2;3;47;24
;1;2;3;1434
;1;2;3;1435
;1;2;3;304;98
;1;2;3;58;57
;1;2;3;496;141
;1;2;3;232;36
;1;2;3;1436
;1;2;3;1437
;1;2;3;11;43
;1;2;3;276;24
;1;2;3;82;116
;1;2;3;331;43
;1;2;3;1438
;1;2;3;147;10
;1;2;3;29;65
;1;2;3;1439
;1;2;3;1440
;1;2;3;1441
;1;2;3;1442
;1;2;3;1443
;1;2;3;1444
;1;2;3;1445
;1;2;3;1446
;1;2;3;1447
;1;2;3;131;355
;1;2;3;1448
;1;2;3;203;33;34
;1;2;3;452;57
;1;2;3;1449
;1;2;3;1450
;1;2;3;1451
;1;2;3;282;116
;1;2;3;1452
;1;2;3;1453
;1;2;3;1454
;1;2;3;496;63
;1;2;3;276;12
;1;2;3;58;63
;1;2;3;1455
;1;2;3;1456
;1;2;3;203;33;209
;1;2;3;192;36
;1;2;3;1457
;1;2;3;192;10
;1;2;3;1458
;1;2;3;1459
;1460
;1;2;3;1461
;1;2;3;1462
;1;2;3;232;57
;1;2;3;87;33;357
;1;2;3;131;57
;1;2;3;1463
;1;2;3;1464
;1;2;3;282;55
;1;2;3;131;619
;1;2;3;1465
;1;2;3;1466
;1;2;3;454;355
;1;2;3;522;95
;1;2;3;1467
;1;2;3;1468
;1;2;3;1469
;1;2;3;1470
;1;2;3;1471
;1;2;3;1472
;1;2;3;1473
;1;2;3;44;36
;1;2;3;1474
;1;2;3;131;141
;1;2;3;1475
;1;2;3;1476
;1;2;3;1477
;1;2;3;1478
;1;2;3;1479
;1;2;3;1480
;1;2;3;322;161
;1;2;3;1481
;1;2;3;412;10
;1;2;3;1482
;1;2;3;267;33;34
;1;2;3;1483
;1;2;3;1484
;1;2;3;1485
;1;2;3;1486
;1;2;3;1487
;1;2;3;460;161
;1;2;3;1488
;1;2;3;1489
;1;2;3;1490
;1;2;3;62;355
;1;2;3;29;116
;1491
;1;2;3;412;141
;1;2;3;1492
;1;2;3;1493
;1;2;3;1494
;1;2;3;1495
;1;2;3;276;57
;1;2;3;1496
;1;2;3;1497
;1;2;92;1498
;1;2;3;1499
;1;2;3;1500
;1;2;3;1501
;1;2;3;1502
;1;2;3;1503
;1;2;3;460;43
;1;2;3;15;43
;1;2;3;331;65
;1;2;3;178;98
;1;2;3;1504
;1;2;92;1505
;1;2;3;1506
;1;2;3;35;10
;1;2;3;267;33;620
;1;2;3;1507
;1;2;3;1508
;1;2;3;1509
;1;2;3;1510
;1;2;3;1511
;1;2;3;401;5
;1;2;3;1512
;1;2;3;548;43
;1;2;3;1513
;1;2;3;1514
;1;2;3;1515
;1;2;3;9;95
;1;2;3;47;43
;1;2;3;179;161
;1516
;1;2;3;379;57
;1;2;3;1517
;1;2;3;62;10
;1;2;3;197;95
;1;2;3;1518
;1;2;3;1519
;1;2;3;207;65
;1;2;3;1520
;1;2;3;1521
;1;2;3;131;846
;1;2;3;1522
;1;2;3;1523
;1;2;3;276;63
;1;2;3;282;65
;1;2;3;1524
;1;2;3;56;63
;1;2;3;276;10
;1;2;3;1525
;1;2;3;412;57
;1;2;3;454;24
;1;2;3;1526
;1;2;3;1527
;1;2;3;1528
;1;2;3;1529
;1;2;3;367;98
;1;2;3;1530
;1;2;3;1531
;1;2;3;203;33;149
;1;2;3;121;10
;1;2;3;1532
;1;2;3;232;5
;1;2;3;452;36
;1;2;3;1533
;1;2;3;1534
;1;2;3;11;161
;1;2;3;1535
;1;2;3;1536
;1;2;3;412;12
;1;2;3;267;33;505
;1;2;3;1537
;1;2;3;1538
;1;2;3;278;63
;1;2;3;1539
;1;2;3;142;355
;1;2;3;454;5
;1;2;3;147;43
;1;2;3;1540
;1;2;3;1541
;1;2;92;1542
;1;2;3;121;98
;1;2;3;1543
;1;2;3;1544
;1;2;3;140;141
;1;2;3;29;24
;1;2;3;1545
;1;2;3;1546
;1;2;3;1547
;1;2;3;192;355
;1;2;3;1548
;1;2;3;1549
;1;2;3;1550
;1;2;3;1551
;1;2;3;1552
;1;2;3;1553
;1;2;3;1554
;1;2;3;1555
;1;2;3;232;63
;1;2;3;1556
;1;2;3;1557
;1;2;3;96;43
;1;2;3;1558
;1;2;3;1559
;1;2;3;131;1012
;1;2;3;460;98
;1;2;3;1560
;1;2;3;1561
;1;2;3;1562
;1;2;3;1563
;1;2;3;1564
;1;2;3;1565
;1;2;3;1566
;1;2;3;1567
;1;2;3;1568
;1;2;3;1569
;1;2;3;1570
;1;2;3;1571
;1;2;3;68;65
;1;2;3;1572
;1;2;3;1573
;1;2;3;97;5
;1;2;3;1574
;1;2;3;1575
;1;2;3;206;12
;1;2;3;1576
;1;2;3;379;116
;1;2;3;253;24
;1;2;3;133;33;88
;1;2;3;261;95
;1;2;3;1577
;1;2;3;379;10
;1;2;3;203;33;317
;1;2;3;1578
;1;2;3;1579
;1;2;3;11;706
;1;2;3;11;66
;1;2;3;1580
;1;2;3;1581
;1;2;3;133;33;357
;1;2;3;1582
;1583
;1;2;3;367;43
;1;2;3;82;5
;1;2;3;9;65
;1;2;3;1584
;1;2;3;1585
;1;2;3;1586
;1;2;3;1587
;1;2;3;1588
;1;2;3;1589
;1;2;3;1590
;1;2;3;44;98
;1;2;3;1591
;1;2;3;1592
;1;2;3;1593
;1;2;3;11;10
;1;2;3;1594
;1;2;3;1595
;1;2;3;1596
;1;2;3;54;5
;1;2;3;59;33;279
;1;2;3;1597
;1;2;3;1598
;1;2;3;1599
;1;2;3;9;24
;1;2;3;1600
;1;2;3;1601
;1;2;3;717;30
;1;2;3;454;98
;1;2;3;47;57
;1;2;3;1602
;1;2;3;1603
;1;2;3;1604
;1;2;3;1605
;1;2;3;1606
;1;2;3;121;43
;1;2;3;1607
;1;2;3;522;116
;1;2;3;54;65
;1;2;3;1608
;1;2;3;203;33;134
;1;2;3;1609
;1;2;3;1610
;1;2;3;496;5
;1;2;3;1611
;1;2;3;1612
;1;2;3;1613
;1;2;3;1614
;1;2;3;1615
;1;2;3;1616
;1;2;3;1617
;1;2;3;1618
;1;2;3;1619
;1;2;3;1620
;1;2;3;1621
;1;2;3;522;24
;1;2;3;1622
;1;2;3;1623
;1;2;3;1624
;1;2;3;1625
;1;2;3;1626
;1;2;3;1627
;1;2;3;140;10
;1;2;3;9;57
;1;2;3;522;5
;1;2;3;1628
;1;2;3;1629
;1;2;3;1630
;1;2;3;1631
;1;2;3;1632
;1;2;3;178;57
;1;2;3;276;43
;1;2;3;1633
;1;2;3;1634
;1;2;3;32;33;134
;1;2;3;1635
;1;2;3;1636
;1;2;3;29;36
;1;2;3;1637
;1;2;3;1638
;1;2;3;1639
;1;2;3;1640
;1;2;3;1641
;1;2;3;367;141
;1;2;3;32;33;279
;1;2;3;1642
;1;2;3;1643
;1;2;3;140;36
;1;2;3;1644
;1;2;3;64;57
;1645
;1;2;3;1646
;1;2;3;1647
;1;2;3;1648
;1;2;3;1649
;1;2;3;1650
;1;2;3;133;33;505
;1;2;3;1651
;1;2;3;1652
;1;2;3;1653
;1;2;3;1654
;1;2;3;133;33;204
;1;2;3;1655
;1;2;3;1656
;1;2;3;1657
;1;2;3;1658
;1;2;3;1659
;1;2;3;47;63
;1;2;3;276;98
;1;2;3;87;33;134
;1;2;3;1660
;1;2;3;1661
;1;2;3;219;33;149
;1;2;3;96;141
;1;2;3;1662
;1;2;3;167;141
;1;2;3;1663
;1;2;3;1664
;1;2;3;1665
;1;2;3;1666
;1667
;1;2;3;1668
;1;2;3;1669
;1;2;3;1670
;1;2;3;1671
;1;2;3;401;24
;1;2;3;1672
;1;2;3;1673
;1;2;3;1674
;1;2;3;1675
;1;2;3;1676
;1;2;3;1677
;1;2;3;1678
;1;2;3;1679
;1680
;1;2;3;1681
;1;2;3;1682
;1;2;3;96;98
;1;2;3;1683
;1;2;3;1684
;1;2;3;1685
;1;2;3;1686
;1;2;3;1687
;1;2;3;1688
;1;2;3;64;36
;1;2;3;131;43
;1;2;3;1689
;1;2;3;1690
;1;2;3;267;33;149
;1;2;3;121;355
;1;2;3;1691
;1;2;3;58;95
;1;2;3;278;43
;1;2;3;1692
;1;2;3;59;33;134
;1;2;3;97;43
;1;2;3;147;57
;1;2;3;64;5
;1;2;3;32;33;204
;1;2;92;1693
;1;2;3;1694
;1;2;3;42;65
;1;2;3;140;57
;1;2;3;1695
;1;2;3;1696
;1;2;3;192;65
;1;2;3;1697
;1;2;3;1698
;1;2;3;44;5
;1;2;3;29;43
;1;2;3;54;141
;1;2;3;273;65
;1;2;92;1699
;1;2;3;1700
;1;2;3;120;116
;1;2;3;192;55
;1;2;3;135;10
;1;2;3;1701
;1;2;3;1702
;1;2;3;1703
;1;2;3;1704
;1;2;3;367;57
;1;2;3;1705
;1;2;3;203;33;88
;1;2;3;1706
;1;2;3;1707
;1;2;3;1708
;1;2;3;219;33;209
;1;2;3;1709
;1;2;3;1710
;1;2;3;178;141
;1;2;3;261;24
;1;2;3;251;98
;1;2;3;1711
;1;2;3;1712
;1;2;3;11;619
;1;2;3;1713
;1714
;1;2;3;203;33;279
;1;2;3;1715
;1;2;3;1716
;1;2;3;496;24
;1;2;3;1717
;1;2;3;1718
;1;2;3;253;5
;1;2;3;1719
;1;2;3;1720
;1;2;3;1721
;1;2;3;1722
;1;2;3;11;95
;1;2;3;1723
;1;2;3;1724
;1;2;3;1725
;1;2;3;1726
;1;2;3;1727
;1;2;3;261;55
;1;2;3;1728
;1;2;3;1729
;1;2;3;11;48
;1;2;3;1730
;1;2;3;717;1295
;1731
;1;2;3;401;43
;1;2;3;522;36
;1;2;3;1732
;1;2;3;1733
;1;2;3;1734
;1;2;3;1735
;1;2;3;1736
;1;2;3;412;5
;1;2;3;124;10
;1;2;3;56;10
;1;2;3;522;10
;1;2;3;1737
;1;2;3;1738
;1;2;3;1739
;1;2;3;522;57
;1;2;92;1740
;1;2;3;144;57
;1;2;3;1741
;1;2;3;1742
;1;2;3;59;33;88
;1;2;3;1743
;1;2;3;1744
;1;2;3;1745
;1;2;3;1746
;1;2;3;1747
;1;2;3;1748
;1;2;3;1749
;1;2;3;120;10
;1;2;3;171;55
;1;2;3;131;5
;1;2;3;1750
;1;2;3;1751
;1;2;3;1752
;1;2;3;1753
;1;2;3;379;65
;1;2;3;503;24
;1;2;3;1754
;1;2;3;324;63
;1;2;3;454;55
;1;2;3;1755
;1;2;3;15;116
;1;2;3;1756
;1;2;3;1757
;1;2;3;179;63
;1;2;3;1758
;1;2;3;1759
;1;2;3;1760
;1;2;3;142;141
;1;2;3;522;43
;1;2;3;1761
;1;2;3;1762
;1;2;3;1763
;1;2;3;1764
;1;2;3;282;43
;1;2;3;1765
;1;2;3;1766
;1;2;3;144;65
;1;2;3;1767
;1;2;3;1768
;1;2;3;192;98
;1;2;3;1769
;1;2;3;1770
;1;2;3;32;33;88
;1;2;3;1771
;1;2;3;68;161
;1;2;3;179;12
;1;2;3;1772
;1;2;3;1773
;1;2;3;1774
;1;2;3;1775
;1;2;3;1776
;1;2;3;1777
;1;2;3;1778
;1;2;3;124;132
;1;2;3;1779
;1;2;3;1780
;1;2;3;1781
;1;2;3;23;95
;1;2;3;1782
;1;2;3;1783
;1;2;3;197;36
;1;2;3;1784
;1;2;3;1785
;1;2;3;1786
;1;2;3;1787
;1;2;3;82;12
;1;2;3;42;98
;1788
;1;2;3;56;55
;1;2;3;1789
;1;2;3;267;33;419
;1;2;3;1790
;1;2;3;1791
;1;2;3;1792
;1;2;3;1793
;1;2;3;1794
;1;2;3;1795
;1;2;3;1796
;1;2;3;548;141
;1;2;3;251;24
;1;2;3;32;33;505
;1;2;3;452;24
;1;2;3;379;55
;1;2;3;1797
;1;2;3;1798
;1;2;3;1799
;1;2;3;1800
;1;2;3;1801
;1;2;3;192;5
;1;2;3;1802
;1;2;3;1803
;1;2;3;1804
;1;2;3;1805
;1;2;3;282;161
;1;2;3;1806
;1;2;3;1807
;1;2;3;131;901
;1;2;3;1808
;1;2;3;1809
;1;2;3;1810
;1;2;3;1811
;1;2;3;32;33;357
;1;2;3;23;98
;1;2;3;1812
;1;2;3;1813
;1;2;3;197;55
;1;2;3;87;33;598
;1;2;3;1814
;1;2;3;1815
;1;2;3;59;33;209
;1;2;3;278;57
;1;2;3;131;426
;1;2;3;1816
;1;2;3;1817
;1;2;3;1818
;1;2;3;1819
;1;2;3;1820
;1;2;3;1821
;1;2;3;9;141
;1;2;3;219;33;338
;1;2;3;273;43
;1;2;3;1822
;1;2;3;1823
;1;2;3;1824
;1;2;3;11;5
;1;2;3;1825
;1;2;3;1826
;1;2;3;64;10
;1;2;3;1827
;1;2;3;144;95
;1;2;3;35;57
;1;2;3;167;10
;1;2;3;1828
;1;2;3;1829
;1;2;3;1830
;1;2;3;1831
;1;2;3;147;141
;1;2;3;1832
;1;2;3;1833
;1;2;3;87;33;34
;1;2;3;1834
;1;2;3;1835
;1;2;3;1836
;1;2;3;1837
;1;2;3;197;98
;1;2;3;1838
;1;2;3;1839
;1;2;3;1840
;1;2;3;1841
;1;2;3;1842
;1;2;3;23;63
;1;2;3;1843
;1;2;3;1844
;1;2;3;1845
;1846
;1;2;3;1847
;1;2;3;96;65
;1;2;92;1848
;1;2;3;1849
;1;2;3;1850
;1;2;3;1851
;1;2;3;1852
;1853
;1;2;3;1854
;1;2;3;1855
;1;2;3;120;65
;1;2;3;276;161
;1;2;3;1856
;1;2;3;192;161
;1;2;3;1857
;1;2;3;1858
;1;2;3;548;57
;1;2;3;1859
;1;2;3;1860
;1;2;3;1861
;1;2;3;23;57
;1;2;3;1862
;1;2;3;1863
;1;2;3;1864
;1;2;3;147;24
;1;2;3;1865
;1;2;3;548;65
;1;2;3;1866
;1;2;3;1867
;1;2;3;1868
;1;2;3;1869
;1;2;3;1870
;1;2;3;167;57
;1;2;3;1871
;1;2;3;1872
;1;2;3;1873
;1;2;3;1874
;1;2;3;97;57
;1;2;3;124;141
;1;2;3;1875
;1;2;3;1876
;1;2;3;1877
;1;2;3;278;355
;1;2;3;1878
;1;2;3;1879
;1;2;3;1880
;1;2;3;1881
;1;2;3;1882
;1;2;3;273;5
;1;2;3;1883
;1;2;3;322;5
;1;2;3;1884
;1;2;3;1885
;1;2;3;1886
;1;2;3;1887
;1;2;3;62;141
;1;2;3;1888
;1;2;92;1889
;1;2;3;1890
;1;2;3;1891
;1;2;3;35;43
;1892
;1893
;1894
;1895
;1896
;1897
;1898
;1899
;1900
;1901
;1902
;1903
;1904
