0,94
2433,1
924,1
1,856
2,926
990,3
2485,3
2006,3
3,1930
4,2031
2179,5
6,758
7,1034
899,8
899,397
899,514
899,973
899,1151
899,1416
899,1672
899,1866
899,2052
8,1343
674,9
10,192
1036,11
1047,11
2166,11
11,2281
1620,12
1620,144
12,1172
473,13
2334,13
1218,13
13,2070
951,14
951,677
951,886
951,2560
2560,14
14,886
1867,15
1494,15
15,1851
1074,16
1074,31
1074,32
1074,43
1074,48
1074,52
1074,66
1074,79
1074,80
1074,121
1074,131
1074,150
1074,173
1074,174
1074,175
1074,185
1074,207
1074,208
1074,211
1074,237
1074,254
1074,256
1074,276
1074,278
1074,282
1074,290
1074,291
1074,297
1074,298
1074,304
1074,305
1074,321
1074,327
1074,330
1074,337
1074,347
1074,354
1074,375
1074,384
1074,393
1074,395
1074,399
1074,401
1074,405
1074,415
1074,422
1074,423
1074,432
1074,444
1074,445
1074,458
1074,482
1074,487
1074,488
1074,501
1074,502
1074,507
1074,524
1074,530
1074,538
1074,540
1074,548
1074,555
1074,572
1074,574
1074,585
1074,603
1074,614
1074,624
1074,625
1074,636
1074,639
1074,645
1074,655
1074,659
1074,666
1074,676
1074,688
1074,706
1074,717
1074,718
1074,724
1074,725
1074,731
1074,746
1074,770
1074,781
1074,791
1074,794
1074,806
1074,811
1074,818
1074,827
1074,828
1074,835
1074,859
1074,861
1074,872
1074,879
1074,895
1074,898
1074,917
1074,934
1074,952
1074,958
1074,970
1074,974
1074,978
1074,989
1074,1019
1074,1040
1074,1055
1074,1057
1074,1058
1074,1059
1074,1080
1074,1102
1074,1115
1074,1130
1074,1135
1074,1140
1074,1146
1074,1153
1074,1165
1074,1170
1074,1195
1074,1214
1074,1215
1074,1296
1074,1304
1074,1338
1074,1364
1074,1377
1074,1378
1074,1385
1074,1392
1074,1397
1074,1426
1074,1430
1074,1434
1074,1440
1074,1465
1074,1489
1074,1513
1074,1515
1074,1523
1074,1537
1074,1542
1074,1544
1074,1549
1074,1562
1074,1569
1074,1582
1074,1585
1074,1591
1074,1609
1074,1636
1074,1639
1074,1647
1074,1649
1074,1659
1074,1678
1074,1694
1074,1702
1074,1716
1074,1730
1074,1739
1074,1743
1074,1766
1074,1768
1074,1779
1074,1792
1074,1801
1074,1811
1074,1819
1074,1838
1074,1900
1074,1919
1074,1931
1074,1934
1074,1946
1074,1955
1074,1957
1074,1987
1074,2022
1074,2037
1074,2051
1074,2053
1074,2065
1074,2067
1074,2075
1074,2088
1074,2093
1074,2094
1074,2099
1074,2103
1074,2119
1074,2120
1074,2124
1074,2127
1074,2144
1074,2148
1074,2161
1074,2164
1074,2170
1074,2174
1074,2185
1074,2186
1074,2195
1074,2212
1074,2219
1074,2239
1074,2246
1074,2248
1074,2267
1074,2273
1074,2297
1074,2309
1074,2321
1074,2336
1074,2339
1074,2340
1074,2341
1074,2345
1074,2346
1074,2349
1074,2352
1074,2355
1074,2365
1074,2376
1074,2388
1074,2406
1074,2413
1074,2415
1074,2416
1074,2420
1074,2440
1074,2453
1074,2454
1074,2459
1074,2465
1074,2492
1074,2504
1074,2505
1074,2514
1074,2528
1074,2536
1074,2546
1074,2553
1074,2562
1074,2570
1074,2582
1074,2597
1074,2601
1074,2605
1074,2607
1074,2618
1074,2629
16,181
16,1004
16,1051
16,1221
1610,17
220,17
486,17
17,2498
2042,18
2042,119
2042,377
2042,431
2042,604
2042,642
2042,1113
2042,1721
2042,2111
2292,18
2292,820
2292,2542
1950,18
18,1113
19,1718
478,20
478,1042
478,2217
478,2311
875,20
2217,20
20,1042
21,2035
2420,22
2420,412
2420,1328
2420,2020
2420,2253
2420,2417
2253,22
2346,23
2346,603
23,1686
492,24
25,1232
26,251
26,1274
26,1595
27,2572
1915,28
148,28
709,28
28,1510
328,29
1011,29
668,29
29,2153
30,1709
31,35
31,1271
2051,32
2051,1552
32,1029
2066,33
1850,33
1850,75
1850,707
1850,993
1850,1380
1850,1460
1850,1722
1380,33
33,993
452,34
2355,36
2355,2607
36,521
1712,37
2260,37
350,37
37,152
38,2070
39,2469
2265,40
1396,40
1021,40
40,982
477,41
477,469
477,619
477,1394
1819,42
1819,2434
43,1382
43,1598
513,44
513,94
513,194
513,533
513,905
513,921
513,1094
513,1136
513,1324
513,1425
513,1543
513,1928
513,1947
513,2058
513,2404
513,2556
513,2641
44,766
44,2368
44,2477
45,478
46,735
2505,47
2505,105
2505,606
2505,2116
48,1337
49,2353
1094,50
1852,51
825,51
2614,51
51,1277
52,1248
52,2192
52,2197
52,2471
2642,53
53,1244
53,1479
54,390
54,1498
54,1976
54,2137
54,2298
833,55
2643,55
2643,55
2643,314
2643,314
2643,398
2643,398
2643,436
2643,436
2643,437
2643,437
2643,608
2643,608
2643,987
2643,987
2643,988
2643,988
2643,1198
2643,1198
2643,1316
2643,1316
2643,1452
2643,1452
2643,1551
2643,1551
2643,1713
2643,1713
2643,1717
2643,1717
2643,1733
2643,1733
2643,1924
2643,1924
2643,1990
2643,1990
2643,2074
2643,2074
2643,2274
2643,2274
2643,2304
2643,2304
2643,2318
2643,2318
2643,2381
2643,2381
2643,2493
2643,2493
2643,2580
2643,2580
2643,2588
2643,2588
56,2590
534,57
1230,57
1412,57
1412,57
57,2283
57,2283
58,849
59,1144
911,60
911,1626
1660,61
1660,575
2323,61
2323,575
2323,2410
2323,2615
575,61
537,62
454,62
162,62
62,609
63,408
64,735
65,2595
66,2355
1645,67
1645,67
67,1836
67,1836
2473,68
2121,68
2634,68
68,2430
1864,69
69,179
69,1339
69,2457
816,70
816,2436
816,2464
70,1324
70,2151
964,71
964,1417
1971,71
1971,789
1971,929
1971,1911
682,71
71,929
72,1374
887,74
2640,74
1344,74
74,1226
1629,75
1629,993
993,75
76,2274
765,77
1182,77
1054,77
77,1386
639,78
639,1594
1058,79
79,1957
79,2182
415,80
80,414
80,974
81,2226
317,82
317,1483
317,1485
1496,82
1496,1483
1483,82
1483,82
83,2001
1264,84
1528,84
1514,84
84,2472
85,1242
86,2347
629,87
499,87
1283,87
87,243
88,1410
89,251
89,997
89,1309
89,1595
89,2252
1491,90
628,90
1804,90
90,1212
2480,91
2480,523
2480,892
928,91
2389,91
91,523
763,92
763,910
763,2564
92,441
1862,93
874,93
2044,93
93,2126
94,1928
2539,95
2539,2229
1807,95
1807,1880
1807,2229
1807,2566
1880,95
95,2229
1607,96
2589,96
163,96
96,2234
97,754
1858,98
1814,98
387,98
98,1432
1324,99
2422,100
2422,815
2422,963
2422,1442
1128,100
1128,1449
1128,1815
814,100
814,100
100,1442
100,1442
462,101
462,134
462,329
462,793
462,1307
462,2102
462,2296
462,2332
102,2409
330,103
330,1030
208,104
208,2106
1647,105
1647,1372
1647,2034
1647,2623
2225,105
105,657
2394,106
2157,106
2364,106
106,149
107,416
1295,108
1044,108
108,1548
726,109
1347,109
1132,109
109,2241
110,309
111,1026
111,1116
2010,112
1338,113
1338,1097
1338,1606
1338,2419
1811,113
1811,1584
1811,2553
1811,2622
2622,113
113,2419
114,1968
115,951
327,116
327,724
327,1450
327,2361
117,913
1207,118
1207,377
1663,118
118,1738
2111,119
120,1037
121,190
121,2506
122,231
122,1499
2103,123
2103,1488
2103,1521
2103,2162
1458,124
1458,130
1458,274
1458,1405
850,124
130,124
124,1405
1080,125
1080,964
2385,126
2385,2115
2354,127
2354,1024
2354,1568
1364,128
1364,885
1364,1379
1364,2336
128,1600
129,1149
1789,130
1164,130
1019,131
1019,1361
131,867
131,1450
131,2310
131,2444
2144,132
2144,1942
545,133
2014,133
723,133
133,1695
1756,135
1756,2538
920,135
920,1988
135,1091
136,2431
137,1223
138,981
2213,139
2213,438
2213,1233
1233,139
140,2153
141,213
263,142
397,142
397,255
397,408
397,773
397,1083
397,1723
1134,142
142,255
143,2234
467,144
144,241
1614,145
1614,1003
1614,1747
2222,145
2222,160
2222,1568
1747,145
145,1568
861,146
861,1157
2149,147
2149,373
372,147
372,147
147,983
147,983
1612,149
2391,149
149,1887
872,150
150,489
150,838
214,151
1383,151
2001,151
151,1972
1262,152
2230,152
152,672
153,2362
154,2140
155,320
156,411
1153,157
1153,1196
158,1083
159,709
161,2295
209,162
2632,162
660,163
783,163
2326,163
172,164
167,165
1189,165
165,2026
688,166
688,538
688,606
688,2189
168,1265
169,953
170,249
170,2529
1993,171
1993,371
1993,447
1993,2383
2105,171
2105,1160
2383,171
171,447
173,2087
173,2576
1766,174
1766,774
1766,1048
1766,1488
1766,2540
174,2592
174,2601
175,1025
809,176
809,246
809,1041
333,176
1360,176
1360,176
176,1041
176,1041
177,2432
178,1642
1339,179
179,2457
402,180
1964,180
1548,180
180,1709
811,181
811,568
811,1753
811,1920
877,181
877,181
181,1450
181,1450
1934,182
1934,266
1934,1446
1934,1677
1934,2075
1934,2236
989,182
989,854
989,1384
989,2233
1677,182
182,2236
183,2194
184,904
184,1143
185,440
185,623
185,1979
186,1445
187,1418
188,2241
189,1896
1235,191
1235,1278
1235,2295
1235,2337
1581,191
1887,191
191,2295
734,192
1803,192
192,311
1336,193
533,194
194,2188
194,2368
194,2379
195,495
195,714
195,2025
1007,196
1567,197
1567,1868
2504,198
2504,659
198,825
1404,199
199,314
1659,200
1659,1954
1237,201
202,1783
223,203
1719,203
1709,203
203,2320
1885,204
1885,228
1885,937
1885,1098
1885,1127
204,1374
2124,205
2124,1039
2124,1211
2124,2272
206,788
1569,207
1569,2141
207,2443
1549,208
1549,2354
1253,209
1253,1578
2266,210
211,822
878,212
1847,212
1023,212
1023,212
212,1203
212,1203
1728,213
2008,213
213,2048
2489,215
215,2228
2242,216
1464,216
2234,216
216,518
1502,217
1502,461
2237,218
2237,812
2237,1805
2237,1914
2237,2367
218,475
219,258
221,2194
1686,222
1686,839
1686,1012
1686,222
1686,1936
2085,222
2085,222
222,2279
222,2279
1927,224
1140,225
1140,1354
1140,1466
1140,2540
226,397
1947,227
1947,1996
1947,2178
1947,2478
1928,227
1928,295
1928,1541
295,227
227,1996
228,1686
2558,229
1234,229
1212,229
229,539
2384,230
2128,231
2128,2023
1499,231
231,2023
232,703
233,1120
234,1408
234,1854
235,2048
1539,236
1539,287
1539,329
1539,554
1539,950
1539,1307
1539,1827
1539,2268
1539,2382
625,237
625,767
237,1604
1388,238
1597,238
311,238
238,817
239,894
240,2166
1003,241
352,241
241,484
1447,242
242,1548
1463,243
1463,2019
2534,243
2534,2019
243,2019
479,244
245,959
576,246
576,1041
1041,246
1041,246
247,455
248,919
1407,249
2129,249
249,313
250,1865
519,251
519,1274
519,1309
519,1595
519,1818
519,2204
1788,252
253,1741
614,254
614,918
614,1596
614,2122
254,257
254,548
254,1379
254,2225
1507,255
255,408
301,256
301,368
256,360
256,2112
802,258
2408,258
258,1921
2624,259
1593,259
1432,259
259,511
260,334
260,2573
261,1697
262,1246
264,1929
264,2139
1368,265
1368,1624
1368,1631
1368,1637
1368,1856
2414,265
2414,1847
2414,2603
1438,265
265,1637
266,732
266,1613
267,1876
268,2009
1444,269
2270,269
1851,269
269,959
1760,270
1760,1224
1532,270
1532,1160
1854,270
270,1408
271,2426
2120,272
2120,1765
272,2496
273,849
1311,274
1311,1405
1405,274
710,275
895,276
895,831
276,818
1166,277
1279,277
2016,277
277,1524
432,278
278,717
278,782
279,940
2644,280
280,1053
280,1219
1801,281
1801,706
281,431
281,1950
282,582
282,2565
283,1114
283,1309
283,1534
283,1595
284,2496
285,443
285,764
1392,286
1392,657
1392,2077
1392,2225
2538,288
1373,288
288,1514
289,1403
1170,290
1170,1898
290,349
290,2552
291,2099
291,2358
292,1526
305,293
305,2192
305,2251
2645,294
294,1330
294,1791
905,295
905,1381
905,2477
2477,295
296,1297
297,1066
297,1323
297,1436
297,2427
297,2559
298,827
298,1220
1287,299
300,1851
2646,301
1523,302
1523,583
1523,617
1523,657
1523,1372
1523,2463
1259,303
478,303
2481,303
303,1342
304,821
304,1427
2212,305
2212,656
1332,306
306,1154
488,307
488,1369
488,2169
2053,307
2053,1431
2053,2399
2053,2508
307,407
2562,308
2562,960
308,2496
1625,309
1386,309
309,1504
1773,310
1773,2641
996,310
2151,310
310,1008
2612,311
1901,311
312,983
653,313
1590,313
313,2080
315,2439
316,1921
599,318
599,1203
599,2015
1124,318
1124,2015
2015,318
2015,318
319,1973
1895,320
2515,320
320,1175
321,729
1750,322
1750,762
1750,1147
1665,322
1665,1147
762,322
322,1147
323,866
323,2418
324,1506
325,817
326,348
331,972
331,1991
343,332
570,332
357,332
357,332
332,1485
332,1485
1678,333
1678,989
1678,2501
1678,2549
889,334
334,804
335,1785
336,1076
336,1520
336,1962
337,1243
337,2272
337,2299
337,2453
1093,338
1093,1183
338,478
339,1060
340,2318
341,2281
342,459
2416,343
2416,1392
2416,2122
2416,2417
1679,344
1679,721
345,2138
2517,346
2052,346
998,346
346,1621
347,1188
347,1282
349,365
349,691
349,863
349,2327
1112,350
2183,350
1702,351
1702,1685
1702,1848
1702,2073
1702,2419
2419,351
351,1848
353,400
354,872
354,1431
354,1737
354,2233
958,355
958,392
356,1899
1105,357
1495,357
1448,357
1448,357
1808,358
1468,358
1175,358
358,1121
1716,359
1716,407
1716,574
1716,908
859,359
859,1677
859,2172
859,2174
1431,359
359,2233
360,1374
361,1512
362,2496
691,363
691,1449
691,2423
364,819
364,1761
1821,365
1821,365
365,372
365,372
366,1156
367,1972
368,478
1489,369
1489,1197
1489,1511
1639,369
1639,688
1639,1536
1639,2442
369,918
1686,370
1686,2085
1686,2609
2082,370
2082,370
370,839
370,839
447,371
2448,372
2448,1284
373,1715
374,2140
375,2407
376,998
604,377
377,642
378,398
379,1459
380,539
827,381
827,1340
1730,382
383,1134
384,876
1513,385
1513,895
385,825
857,386
871,386
2243,386
386,1493
969,387
456,387
980,387
2528,388
2528,877
2528,995
2528,2235
388,1753
388,1753
389,2577
1816,390
2137,390
390,1498
391,539
393,1258
393,2494
1478,394
903,394
1506,394
394,2086
2570,395
2570,1002
395,450
395,1635
396,1670
396,2023
507,399
399,1270
399,2359
2131,400
1512,400
400,2166
1649,401
1649,1213
401,580
401,779
401,2288
401,2501
615,403
404,1413
405,505
405,1087
406,1754
406,2350
1955,407
1955,1195
1955,2578
407,1431
408,1083
1564,409
1564,2584
2163,409
2163,409
409,1726
409,1726
410,1804
2616,411
2628,411
411,1896
2248,412
2248,761
2248,1647
2248,2630
2417,412
412,2253
413,1500
1146,417
418,709
1314,419
1314,1024
1314,2208
1492,419
1492,471
1492,2071
1024,419
419,471
420,1664
421,699
422,1938
423,1167
423,1725
843,424
2046,424
1144,424
424,2566
425,1403
825,426
891,426
777,426
426,1923
427,1194
2578,428
2578,602
2578,2282
2050,428
2050,428
428,1754
428,1754
607,429
607,1395
607,2061
607,2247
1395,429
429,2061
2378,430
1721,431
431,2111
502,433
502,691
502,816
502,933
502,1071
502,1128
502,1655
502,2422
502,2462
433,494
433,1027
433,1442
434,525
585,435
585,2132
953,436
1056,437
1644,438
1644,1762
1762,438
438,1233
1838,439
2349,440
2349,581
2349,1294
2552,440
440,1473
441,923
2199,442
2098,443
2098,542
2098,764
2098,2387
2387,443
443,764
444,901
444,2280
445,731
1820,446
807,446
2377,446
446,2590
448,2278
1173,449
451,762
453,2386
1470,454
1470,1359
2097,455
1735,455
455,1162
524,457
524,1456
828,458
828,2291
458,1649
948,459
1148,459
459,2524
474,460
1106,461
461,823
463,1451
2161,464
2161,573
2161,1682
2161,2197
1900,465
1900,1994
1743,466
1743,616
466,951
1374,468
1374,2314
1374,468
1374,1111
2314,468
468,1111
2220,470
470,988
2203,471
2203,1395
2203,1699
471,1395
1572,472
472,608
1382,475
858,475
644,475
1122,475
1643,475
757,475
1778,475
1635,475
2371,475
2647,475
2647,478
2647,825
2647,951
2647,1374
2647,1686
2647,2496
2545,475
637,475
476,1930
1244,478
1791,478
1119,478
1110,478
1053,478
721,478
907,478
2425,478
2535,478
997,478
2338,478
601,480
2637,480
2086,480
480,2628
481,1611
1739,482
1739,757
482,2582
656,483
2145,484
2187,484
484,1072
1136,485
1136,1238
1136,2188
1501,486
2177,486
2290,486
1385,487
487,1908
487,1935
2099,488
2099,824
2099,1533
2099,1813
490,1435
1010,491
1010,630
630,491
933,492
933,814
933,2464
493,1887
1683,495
1683,714
2025,495
495,714
496,2058
497,1260
498,747
1672,500
1286,500
1621,500
500,2190
501,1366
501,2090
503,2057
504,1966
506,930
1057,507
1057,1760
508,751
509,1360
1870,510
1870,700
1870,1266
1870,1565
2613,510
2613,1565
1266,510
510,1565
1890,511
1881,511
511,2006
512,2386
514,1276
1374,515
1374,1320
1374,515
1374,2373
515,2373
516,1339
516,1670
1199,517
638,518
1371,518
518,652
2353,520
2353,2451
1269,520
1269,2256
520,2451
1792,522
1792,1362
1654,523
1654,892
523,892
1907,525
543,525
525,1265
526,2283
1813,527
1813,1526
1813,2412
527,1983
1317,528
1317,1223
1317,2029
544,528
544,2029
1223,528
528,2029
529,2366
1585,530
1585,2175
530,1869
530,2105
531,2226
532,1318
535,2610
2158,536
1075,536
2154,536
536,1149
538,1099
538,1217
539,2595
1562,540
540,1257
540,1678
1325,541
711,541
1608,541
541,975
2360,542
2080,542
542,2387
1781,543
1299,543
982,543
978,546
978,1102
2240,547
1289,547
1983,547
547,2610
548,1547
548,1692
549,702
550,817
825,551
825,961
825,2398
1806,551
1806,2398
961,551
551,2398
552,1538
968,553
968,1809
553,1101
1579,554
1579,1307
1657,555
556,1200
556,2110
2072,557
2072,2611
1467,557
1467,2322
2611,557
557,2322
558,2057
2174,559
806,560
806,2340
560,951
561,2320
562,1735
949,563
890,563
940,563
563,1406
724,564
724,2084
2088,565
2088,934
1131,566
1860,566
959,566
566,2278
567,1164
569,2490
2148,571
2148,2195
571,1216
571,1224
2601,572
2601,1004
2601,1353
2601,2361
2601,2495
572,883
572,2470
1215,573
1215,1052
1215,1177
1215,2328
2197,573
573,1177
574,1825
2410,575
577,1321
578,2126
2546,579
2546,796
580,1100
581,2462
581,2602
584,1823
2352,585
586,1977
587,975
588,1646
589,1241
1185,590
1185,619
1185,1107
590,909
2413,591
592,1749
1686,593
1686,1645
1686,1936
1686,593
1686,2085
2279,593
2279,593
593,1936
593,1936
2170,594
2170,1730
594,1374
595,664
1012,596
1268,596
2312,596
596,664
1378,597
1378,2528
598,980
951,600
951,1158
951,600
951,2089
1671,600
600,784
610,602
1517,602
1517,602
602,1412
602,1412
603,1145
603,1917
1361,604
1361,1663
1113,604
605,2016
1379,606
606,2225
888,609
1423,609
609,1512
611,1877
612,1246
2431,613
2547,613
613,2100
2463,617
1102,618
1102,1019
1102,1707
1102,2162
1573,620
1573,2154
621,2017
621,2193
622,1686
2514,623
2514,722
2514,1066
1473,623
623,1323
1059,624
624,1089
624,1513
626,1695
627,1432
856,630
2219,631
2219,727
2219,1466
2219,2461
632,1690
1465,633
1465,653
1465,877
1465,1784
1987,634
1987,1323
1987,1473
634,985
634,2555
1427,635
1427,2322
1943,635
1943,1758
2322,635
635,1758
636,1201
636,1619
636,1752
636,2117
1957,639
1957,1078
640,759
640,2498
641,1054
1953,642
1953,1738
642,1721
643,2007
2415,644
2415,1058
932,645
932,1110
645,1674
645,2037
646,1509
1888,647
647,2159
994,648
2079,648
1782,648
648,1060
649,1172
835,650
835,2186
650,2275
651,1331
1088,652
1088,2269
1088,2600
673,652
652,2269
654,1476
746,655
746,1751
655,1926
655,2148
657,1372
658,2196
659,1949
659,2011
661,680
2110,662
1420,662
662,2366
663,1742
695,664
664,709
665,2634
1135,666
1135,1017
666,1562
666,1644
667,982
2038,668
1163,668
2395,668
687,669
1171,669
1037,669
669,981
670,1960
2536,671
2536,1399
1878,672
1963,672
672,930
675,2276
676,2221
951,677
951,1158
1748,677
677,2560
731,678
731,813
1222,679
1839,679
1236,679
679,2581
1727,680
1538,680
680,2389
681,2007
2507,682
2507,853
1453,682
1453,929
1417,682
1995,683
1995,1780
1995,1916
1995,2633
2435,683
2435,1959
1916,683
683,2633
1648,684
1648,684
1430,685
1430,1048
1430,1243
1430,2118
685,1266
686,2515
689,2018
2365,690
2365,1619
2365,1691
2365,1934
2365,2232
2365,2549
2232,690
693,692
693,1438
693,2441
1861,692
1861,1845
1861,2497
1275,692
692,2603
694,2638
898,696
898,1336
697,1475
698,1412
2063,699
699,2275
2557,700
2362,700
700,1266
701,2634
2521,702
1642,702
702,1410
2606,703
2606,857
2606,2163
1500,703
1500,703
703,1973
703,1973
1251,704
750,704
1260,704
1260,704
704,1535
704,1535
2299,705
1247,705
1742,705
705,2362
706,1784
706,1883
706,2002
706,2495
1675,707
1722,707
707,1460
708,2455
1696,710
2635,712
712,2100
713,1782
2459,715
2459,1079
716,1054
717,922
717,1255
718,2321
719,2614
720,1359
720,1417
1632,723
1451,723
1772,723
2582,725
2582,936
725,1810
725,2059
785,728
785,1254
728,954
730,924
1918,732
1918,1302
1918,1613
1302,732
1302,732
732,1613
732,1613
733,1164
2554,735
735,1769
2195,736
2453,737
2453,1465
738,1715
739,1570
740,1608
741,1104
2454,742
2454,918
2454,2606
2125,743
2125,1559
2125,1601
1070,743
1070,1601
1601,743
744,748
744,1265
744,1776
744,2587
1022,745
1022,1438
1022,1637
745,1203
1701,747
1718,747
747,2018
1097,748
1265,748
748,2587
775,749
1161,749
1475,749
749,1656
2533,751
788,751
751,1506
1165,752
1165,2465
1374,753
1374,1922
1374,2324
2324,753
753,1922
1770,755
756,2619
1187,758
2366,758
758,2515
844,759
844,2498
2498,759
1369,760
1369,1517
1369,2050
1121,762
2376,763
2376,885
2376,1659
2376,2189
768,1910
769,2302
2340,770
2340,2024
770,1882
770,2213
771,1776
771,2587
772,1944
2307,773
2307,1723
1723,773
776,935
914,777
825,777
1655,778
1655,814
1655,815
780,1293
781,879
781,2532
951,784
951,1748
951,784
951,1671
784,1158
1322,786
2450,786
2490,786
786,1435
787,1149
840,788
1186,788
1911,789
790,1535
791,1263
791,2504
792,2026
793,1374
794,1365
794,2483
795,1060
797,972
797,1991
798,1538
799,2628
800,2200
1815,801
1846,803
803,1316
2591,804
804,939
805,2351
808,1783
810,1749
1919,811
1919,1980
1027,814
1027,814
1442,815
1442,815
815,1375
815,1375
1252,816
1252,983
1252,1180
1252,1821
817,1461
818,938
818,1828
957,819
957,1761
957,2302
957,2347
957,2467
2347,819
819,1761
2255,820
2255,1113
820,1663
1150,823
1150,1429
896,823
823,1742
2185,824
2185,1698
2185,1955
2185,2482
824,1533
1970,825
2175,825
922,825
1273,825
834,825
1926,825
2367,825
1984,825
864,825
2224,825
2462,826
2462,1027
2462,1623
826,1008
826,1094
2605,828
2605,2113
1387,829
2133,829
2156,829
829,1830
830,1959
830,1988
832,1851
1335,833
2067,834
2067,2051
836,2377
837,1855
839,2095
839,2095
2267,841
2267,1028
2267,2117
2267,2482
1669,842
2026,842
842,1893
845,1452
846,1056
1997,847
1997,1504
1315,847
1315,1504
1504,847
848,1148
2474,849
849,1297
851,1072
2305,852
882,852
852,1349
1767,853
1767,1578
1359,853
853,1417
855,2196
1257,856
1582,858
1582,1844
2627,860
2370,860
1149,860
860,1823
862,1688
865,1138
2390,868
869,1503
869,2525
1537,870
1537,1985
1941,871
873,1638
2310,877
2310,877
879,1402
2150,880
2496,880
2496,1865
2496,2447
2496,2625
2488,880
880,1865
1574,881
1574,1026
1574,1116
1574,1125
2060,881
1125,881
881,1026
883,1995
1710,884
1200,884
884,1137
885,2189
2309,893
1142,894
1120,894
894,1855
897,982
900,2564
902,1360
2513,904
2513,1143
2513,1771
1143,904
1884,906
1560,907
910,2193
910,2193
912,1618
1085,913
1476,913
913,2467
915,2312
916,1921
917,1518
917,1778
918,2442
2286,919
2320,919
919,1718
921,1981
923,1218
939,924
925,1139
2357,926
2083,926
926,2009
927,1218
929,1911
2608,930
930,1556
931,1445
2648,932
1948,933
1948,1293
934,1303
934,1533
934,2053
934,2288
935,1344
936,951
971,939
1065,940
1410,940
475,941
475,1622
1622,941
942,1186
943,1576
944,1771
946,1331
947,2044
2182,951
2280,951
2285,951
1942,951
1206,951
2171,951
1394,951
1107,951
952,2254
952,2594
1249,954
2610,954
954,2044
955,2092
955,2611
956,1713
1130,958
1130,1159
1310,959
1605,961
1757,961
1561,962
1326,962
1556,962
962,1704
963,1812
965,1910
475,966
2055,966
966,1796
967,1514
970,2546
1910,972
972,1991
973,1621
974,1253
974,2124
1700,975
975,2364
976,2512
977,1498
2619,979
2619,1275
2619,2603
2198,980
1403,980
1031,981
981,2476
983,2327
983,2327
1486,984
1633,985
2115,985
2115,985
985,1076
985,1076
1837,986
986,1363
2356,987
991,1077
991,1155
991,1769
992,1363
1866,998
999,2080
1000,1772
1001,1944
1002,1401
1784,1004
1784,1004
1004,2361
1004,2361
1005,2039
1006,2615
1552,1007
1552,1854
2567,1008
1008,1715
2093,1009
2618,1013
2618,1421
1014,1226
1015,2083
1016,1758
1016,1762
1017,2496
1711,1018
1020,2262
1871,1021
1956,1021
1956,1832
2479,1022
2441,1023
1208,1023
1749,1023
1749,1023
1568,1024
1026,1116
1449,1027
1449,1027
1032,1583
1775,1033
1775,2143
2076,1033
2076,2143
2076,2512
2512,1033
1033,2143
2181,1034
2126,1034
1034,1977
1035,2041
1352,1037
1246,1037
1529,1038
1428,1038
1321,1038
1038,2439
1039,2461
1039,2461
2345,1040
2345,1745
1040,1998
1906,1042
1906,2311
1042,2311
1616,1043
1043,2304
1045,1976
1045,2298
1046,1477
1488,1048
1488,1048
1048,1648
1048,1648
1049,1974
1050,1650
1318,1054
1440,1055
1055,1913
1055,2531
2607,1057
2607,1273
1060,2377
1061,1368
1062,2056
1063,1460
1516,1064
1516,1520
1516,1962
1323,1066
1066,2559
1067,2456
1068,1175
1779,1069
1779,1177
1779,2449
1779,2622
2544,1072
1072,2244
2556,1073
2649,1074
2227,1076
2227,1655
1076,1962
1076,1962
1571,1077
1571,1155
1155,1077
1078,2496
1826,1081
1081,1872
1082,1704
1083,1723
2303,1084
2303,1227
1086,1342
1090,1285
2329,1091
2329,2068
2013,1091
2013,1152
1091,1988
1092,1410
2650,1093
1095,2334
2496,1096
2104,1096
1156,1096
1096,2572
1210,1100
1783,1100
1783,1100
1100,1360
1100,1360
1469,1101
1101,2262
1103,1412
2596,1104
1104,1570
2239,1105
2239,2442
2239,2505
2239,2630
1108,2115
1543,1109
1543,1627
1374,1111
1374,2021
1111,2021
1115,1215
1115,1575
2032,1117
2165,1117
1570,1117
1117,1318
1835,1118
2529,1118
1349,1118
1118,1459
2184,1119
2184,1615
2207,1120
1664,1120
2593,1121
1290,1121
1397,1122
1397,2309
1123,2472
2380,1125
1139,1125
2495,1126
2495,1126
1126,1740
1126,1740
1129,1867
1768,1130
2499,1132
2250,1132
1704,1132
1133,1687
1133,1747
1151,1134
1343,1134
1692,1137
1137,2063
2191,1139
2563,1139
1141,1461
1771,1143
1763,1144
1406,1144
2424,1148
2409,1148
2550,1151
1231,1152
1231,1916
1988,1152
1152,1959
1769,1155
2496,1156
1785,1156
1158,1748
1159,1686
1408,1160
1160,2383
2043,1162
1764,1162
1162,1476
1415,1164
1168,1295
1169,1558
1172,1331
2186,1174
1897,1175
1441,1176
1177,2622
1178,2575
1179,2387
1180,2151
1181,1803
1184,1556
1912,1186
2100,1186
2374,1189
1555,1189
1190,1909
1191,1408
1191,2383
1214,1192
1214,2219
1193,1709
2107,1194
2039,1194
1194,1321
1195,2339
1877,1198
1651,1200
1202,2446
1203,2015
1203,2015
1992,1204
2215,1204
2018,1204
1204,2386
475,1205
1796,1205
1205,2466
2321,1206
2321,1693
1209,1695
2205,1212
1905,1212
2339,1214
2339,1614
1220,1686
1221,2080
2585,1223
1224,1854
1587,1225
1587,2617
2437,1226
1226,1403
2139,1227
2139,1227
1227,1526
1227,1526
1228,1348
1229,2395
2522,1231
1437,1236
2028,1236
2439,1236
2402,1237
1425,1238
1425,1627
1425,1653
1627,1238
1238,2188
1239,1474
2209,1240
2209,1726
1242,1924
2162,1243
2162,1243
1243,2540
1243,2540
1245,1608
1695,1246
1250,2356
2465,1252
2465,1294
1754,1254
1754,1254
1254,1517
1254,1517
1256,2364
2636,1260
1720,1260
1720,1260
1261,1275
1261,1577
1263,2261
1267,2474
1270,1555
1272,1880
2497,1275
1276,1661
825,1277
1933,1277
1277,1757
2130,1278
2130,2337
2337,1278
1797,1280
1797,2027
2027,1280
1281,2025
1859,1283
1777,1283
1855,1283
1288,2372
1291,1746
1292,2063
2602,1293
2602,1293
1293,2115
1293,2115
1294,2552
2164,1296
2164,2203
1296,1455
1296,2333
1681,1297
1297,2137
1298,1419
1300,1732
951,1301
951,1671
1628,1302
1487,1302
1487,1302
1304,2161
1304,2537
1305,1925
1306,2048
1308,2541
1312,2595
1313,2263
1863,1318
1319,1923
1320,2312
2551,1321
1327,2018
1515,1329
1331,1736
1540,1332
1540,1640
1540,2510
1377,1333
1377,1346
1609,1334
1609,2492
1334,2496
2119,1338
2119,2147
1670,1339
1341,2496
478,1342
1342,1690
1793,1343
2190,1343
2348,1344
2094,1345
2094,1779
1429,1349
2509,1349
1350,1896
1351,1714
1894,1355
1894,1786
1894,2031
1894,2168
2247,1355
2247,1786
1786,1355
1356,2581
1358,1887
1578,1359
1459,1363
1363,2146
1367,1769
1370,1630
1372,2463
2565,1374
1744,1374
1994,1374
1674,1374
1759,1374
2532,1374
2293,1374
1375,1849
1375,1849
1376,2585
2189,1379
2325,1380
1460,1380
1381,2393
1484,1386
1563,1386
2033,1389
2040,1389
1876,1389
1389,2351
1588,1390
1391,2128
1393,2377
1398,2006
2313,1400
1457,1406
1641,1406
1409,1831
1409,2176
1411,2190
1414,2146
1530,1415
1857,1415
2041,1415
1416,2190
1892,1418
1736,1418
1418,2194
1542,1422
1542,2570
1422,1686
1424,2581
2641,1425
1426,2519
1843,1432
1433,1704
1434,1643
1434,1838
2598,1435
1435,1722
2603,1438
1439,2269
1439,2600
1443,2278
2372,1445
1445,1503
2236,1446
1684,1448
1596,1448
1973,1448
1973,1448
2464,1449
2464,1449
1450,1784
1450,1784
2306,1454
2214,1459
2621,1461
1461,1474
1462,1583
2272,1466
2272,1466
1466,2162
1466,2162
475,1469
475,2055
1471,2262
1472,1476
1694,1473
1694,1948
1694,2552
1875,1474
1474,1771
1652,1475
1960,1475
1480,1966
1481,2008
1482,2496
1485,1483
1485,1483
2631,1485
2629,1486
2629,1585
1795,1487
2516,1487
2283,1487
2283,1487
2540,1488
2540,1488
1490,2016
1509,1493
2331,1493
1493,2200
1497,2515
1498,1976
1958,1499
1958,2451
2451,1499
1511,1500
1511,1666
1511,1833
1726,1500
1726,1500
1708,1503
1708,2525
1503,2525
1505,2146
1961,1506
1508,2166
2369,1510
2344,1510
1510,1538
2308,1512
2068,1514
1787,1517
2235,1519
2235,1731
1962,1520
1962,1520
1522,2100
2069,1524
1967,1524
1524,2548
1525,1757
1526,2138
1526,2138
1527,2430
1531,1823
1533,2482
2077,1535
1535,1638
1535,1638
1536,1973
1840,1540
1840,2497
1544,2164
1545,2044
2341,1546
2599,1548
1550,2389
2123,1551
1553,1656
1553,2401
478,1554
2543,1554
1690,1554
1554,2062
2249,1555
2502,1556
1557,2566
1800,1558
2276,1558
1558,1576
1662,1559
2057,1559
1559,1601
1566,1720
2569,1570
2259,1576
1576,2563
1577,1673
1577,2136
1577,2469
1931,1580
1931,1759
2430,1583
1583,1688
1586,1731
475,1589
2466,1589
1589,1622
1591,2459
1592,2008
1599,1804
1817,1600
2564,1600
2564,1600
1600,1720
1600,1720
2496,1602
1951,1602
2426,1602
1602,1785
1603,2430
2153,1608
1617,1930
2501,1619
1619,2549
2620,1621
2423,1623
2423,1623
1623,2464
1623,2464
1856,1624
2412,1626
2412,1626
1626,2139
1626,2139
1634,2001
1636,1705
1636,2507
1637,1856
2626,1638
2626,1831
2626,2176
1638,2176
1638,2176
1640,1673
1640,1673
2180,1642
1872,1642
1686,1645
1686,2279
1936,1645
1936,1645
2238,1646
2281,1646
1646,2585
478,1650
2062,1650
1650,2217
2277,1656
2277,2401
1656,2401
2651,1657
2440,1658
2475,1664
2472,1664
1666,2243
1667,2548
1668,2228
2023,1670
1673,2418
1673,2418
1676,2563
2233,1677
2652,1679
1680,1733
2527,1686
2506,1686
2342,1686
1913,1686
2468,1686
2258,1686
2458,1688
1688,1910
1689,1983
478,1690
1697,2381
1699,2168
2492,1703
2492,1946
2218,1706
2218,2047
2218,2524
1841,1706
1841,2047
2524,1706
1706,2047
2461,1707
2461,1707
1707,2272
1707,2272
1715,2152
2583,1717
2284,1718
2173,1720
2091,1721
2091,2005
2520,1722
1724,2129
1729,2409
1731,2129
1734,1977
1891,1735
2007,1735
2135,1736
2411,1736
1738,2005
1902,1742
1902,1886
2065,1743
2388,1744
2388,2413
951,1748
951,2560
1909,1749
1909,1749
1753,2310
1753,2310
1755,1990
825,1757
1758,1762
2379,1770
2096,1772
1774,1830
2587,1776
2633,1780
1822,1782
1830,1782
2541,1783
2541,1783
2496,1785
2168,1786
1790,1799
1794,2326
475,1796
1798,2351
2523,1799
2146,1799
1799,2140
1802,2041
1978,1803
2194,1803
2152,1804
2418,1809
2418,1809
1809,2510
1809,2510
1823,2263
1824,2447
1824,2625
1829,2234
2396,1830
2176,1831
2176,1831
1832,2243
1833,2163
1833,2163
1834,2554
1842,2472
1845,1909
2211,1853
2012,1855
1865,2447
2193,1868
2193,1868
1868,2617
1868,2617
2460,1872
2196,1872
1873,2510
1874,2575
2530,1876
1899,1876
1879,2343
2566,1880
1889,2009
2254,1893
2254,2487
1893,2487
1896,2512
1898,2249
2604,1899
2228,1899
1903,2290
1904,1972
2469,1909
2469,1909
1959,1916
1921,2007
825,1923
1923,2614
1930,2372
1932,2481
1937,2152
1939,2156
1940,2395
2581,1944
1944,2276
1945,2583
1946,1975
2005,1950
1952,2052
2289,1960
1977,1960
1965,2488
2241,1966
1966,2490
1969,2217
2597,1970
2597,2030
1972,2057
1976,2298
1982,2439
1986,2154
1989,2389
1996,2478
1999,2013
2000,2372
2476,2001
2553,2003
2004,2628
2571,2006
2455,2008
2009,2432
2200,2016
1374,2021
1374,2324
2021,2324
2022,2246
2024,2496
2595,2025
2275,2027
2244,2031
2031,2168
2037,2271
2586,2039
2159,2039
2577,2041
2045,2580
2048,2409
2049,2432
2054,2249
2054,2579
475,2055
2058,2335
2059,2496
478,2062
2294,2062
2064,2577
2114,2070
2070,2083
2343,2074
2075,2618
2246,2078
2246,2527
2081,2541
1686,2082
1686,2095
1686,2210
2142,2083
2095,2085
2095,2085
2518,2086
2511,2086
1686,2095
1686,2279
2438,2096
2101,2563
2108,2330
2178,2109
2113,2496
2288,2117
2117,2501
2442,2122
2122,2630
2397,2126
2127,2342
2127,2486
2500,2129
2500,2509
2134,2153
2363,2137
2245,2138
2138,2541
2138,2541
2140,2634
2406,2144
2400,2152
2155,2467
2428,2156
2351,2156
2317,2159
2160,2364
2336,2167
2336,2491
2653,2184
2188,2368
2192,2197
2223,2200
2201,2548
2202,2362
2206,2410
2208,2244
2210,2438
2216,2327
2301,2223
2548,2226
2226,2290
2231,2263
2549,2232
2445,2241
2429,2244
2252,2425
2256,2408
2257,2474
2262,2326
2263,2474
2264,2490
2269,2600
2273,2420
2561,2276
2278,2395
2315,2281
2375,2283
2297,2285
2297,2562
2287,2476
2482,2288
2639,2290
2295,2337
2300,2326
2467,2302
2302,2347
1374,2314
1374,2373
2373,2314
2316,2408
2319,2590
2568,2320
2327,2602
2327,2602
2350,2610
2361,2495
2361,2495
2403,2366
2368,2477
2386,2554
2542,2392
2654,2405
2615,2410
2630,2417
2421,2588
2436,2423
2436,2423
2496,2426
2559,2427
2432,2575
2447,2625
2452,2602
2573,2455
475,2466
2510,2469
2510,2469
2503,2476
478,2481
2484,2554
2496,2488
2572,2488
2526,2524
2617,2564
2617,2564
2496,2572
2574,2585
2575,2577
2590,2615
825,2614
