0,166
2493,1
2493,60
2493,110
2493,262
2493,268
2493,278
2493,350
2493,377
2493,395
2493,471
2493,606
2493,747
2493,879
2493,1150
2493,1306
2493,1567
2493,1803
2493,1903
2493,1919
2493,2171
2493,2188
2493,2208
2493,2239
2493,2289
2493,2445
2493,2450
2493,2469
2493,2546
2493,2568
2493,2609
2493,2670
2493,2772
2481,1
2481,60
2481,110
2481,262
2481,268
2481,278
2481,350
2481,377
2481,395
2481,471
2481,606
2481,747
2481,879
2481,1150
2481,1306
2481,1567
2481,1803
2481,1903
2481,1919
2481,2171
2481,2188
2481,2208
2481,2239
2481,2289
2481,2445
2481,2450
2481,2469
2481,2546
2481,2568
2481,2609
2481,2670
2481,2772
1788,1
1788,1
609,2
803,2
803,222
2255,2
2255,220
2255,379
2255,695
2255,814
2255,860
2255,956
2255,1288
2255,1624
2255,2024
2255,2073
2255,2098
2255,2301
2255,2454
2255,2659
2255,2661
154,2
154,2659
1112,2
1112,2253
1112,2659
1226,2
1226,695
1226,956
1226,1624
1226,2024
1226,2098
1226,2301
1226,2454
299,3
1558,3
1558,2506
1938,3
1483,3
1778,4
1778,130
1778,264
1778,360
1778,425
1778,511
1778,573
1778,666
1778,834
1778,973
1778,994
1778,1062
1778,1257
1778,1457
1778,1488
1778,1640
1778,1676
1778,1746
1778,1752
1778,1806
1778,1910
1778,1920
1778,2083
1778,2140
1778,2203
1778,2313
1778,2336
1778,2344
1778,2351
1778,2362
1778,2397
1778,2485
1778,2536
1778,2555
1778,2720
2446,4
197,4
2602,4
2602,360
2602,425
2602,573
2602,666
2602,834
2602,973
2602,994
2602,1062
2602,1151
2602,1257
2602,1457
2602,1488
2602,1626
2602,1676
2602,1746
2602,1752
2602,1806
2602,1910
2602,1920
2602,2083
2602,2140
2602,2203
2602,2313
2602,2336
2602,2344
2602,2351
2602,2362
2602,2397
2602,2485
2602,2536
2602,2555
1223,4
5,1695
1538,6
1538,15
1538,19
1538,27
1538,40
1538,48
1538,54
1538,55
1538,64
1538,69
1538,77
1538,84
1538,101
1538,111
1538,117
1538,126
1538,135
1538,136
1538,150
1538,161
1538,164
1538,175
1538,177
1538,178
1538,186
1538,211
1538,212
1538,223
1538,224
1538,253
1538,260
1538,266
1538,267
1538,301
1538,303
1538,306
1538,307
1538,314
1538,319
1538,327
1538,328
1538,349
1538,357
1538,363
1538,365
1538,367
1538,382
1538,384
1538,389
1538,390
1538,406
1538,408
1538,413
1538,429
1538,435
1538,437
1538,438
1538,444
1538,460
1538,475
1538,483
1538,487
1538,498
1538,499
1538,504
1538,506
1538,522
1538,532
1538,535
1538,536
1538,545
1538,548
1538,566
1538,567
1538,579
1538,586
1538,588
1538,621
1538,640
1538,643
1538,648
1538,652
1538,662
1538,664
1538,673
1538,675
1538,678
1538,694
1538,704
1538,705
1538,717
1538,722
1538,740
1538,750
1538,753
1538,760
1538,761
1538,771
1538,778
1538,779
1538,790
1538,793
1538,795
1538,802
1538,807
1538,811
1538,812
1538,818
1538,820
1538,823
1538,825
1538,829
1538,830
1538,847
1538,853
1538,865
1538,877
1538,881
1538,888
1538,890
1538,892
1538,893
1538,894
1538,900
1538,911
1538,915
1538,921
1538,928
1538,931
1538,948
1538,950
1538,975
1538,978
1538,982
1538,985
1538,989
1538,993
1538,995
1538,1007
1538,1009
1538,1018
1538,1031
1538,1035
1538,1039
1538,1055
1538,1058
1538,1068
1538,1069
1538,1079
1538,1080
1538,1082
1538,1089
1538,1091
1538,1117
1538,1124
1538,1125
1538,1130
1538,1136
1538,1137
1538,1141
1538,1156
1538,1160
1538,1163
1538,1167
1538,1171
1538,1183
1538,1184
1538,1187
1538,1191
1538,1199
1538,1200
1538,1203
1538,1208
1538,1209
1538,1216
1538,1219
1538,1232
1538,1235
1538,1243
1538,1245
1538,1246
1538,1248
1538,1266
1538,1282
1538,1293
1538,1297
1538,1311
1538,1314
1538,1318
1538,1319
1538,1326
1538,1331
1538,1333
1538,1335
1538,1345
1538,1348
1538,1349
1538,1353
1538,1359
1538,1366
1538,1367
1538,1377
1538,1381
1538,1384
1538,1399
1538,1411
1538,1428
1538,1432
1538,1435
1538,1442
1538,1443
1538,1451
1538,1460
1538,1466
1538,1474
1538,1476
1538,1479
1538,1495
1538,1503
1538,1513
1538,1525
1538,1526
1538,1529
1538,1553
1538,1560
1538,1571
1538,1573
1538,1574
1538,1575
1538,1578
1538,1584
1538,1600
1538,1605
1538,1606
1538,1610
1538,1615
1538,1618
1538,1621
1538,1625
1538,1639
1538,1647
1538,1649
1538,1651
1538,1657
1538,1658
1538,1661
1538,1669
1538,1671
1538,1674
1538,1685
1538,1696
1538,1702
1538,1705
1538,1706
1538,1707
1538,1708
1538,1715
1538,1722
1538,1726
1538,1732
1538,1739
1538,1741
1538,1744
1538,1747
1538,1756
1538,1757
1538,1760
1538,1765
1538,1766
1538,1774
1538,1778
1538,1791
1538,1807
1538,1808
1538,1822
1538,1842
1538,1846
1538,1861
1538,1865
1538,1869
1538,1872
1538,1876
1538,1887
1538,1893
1538,1902
1538,1928
1538,1933
1538,1954
1538,1964
1538,1969
1538,1970
1538,1971
1538,1983
1538,1985
1538,1998
1538,2009
1538,2014
1538,2028
1538,2030
1538,2032
1538,2037
1538,2046
1538,2049
1538,2051
1538,2059
1538,2063
1538,2064
1538,2065
1538,2070
1538,2071
1538,2086
1538,2091
1538,2093
1538,2095
1538,2101
1538,2108
1538,2113
1538,2121
1538,2125
1538,2130
1538,2132
1538,2143
1538,2144
1538,2152
1538,2165
1538,2166
1538,2185
1538,2200
1538,2214
1538,2215
1538,2219
1538,2234
1538,2245
1538,2246
1538,2247
1538,2256
1538,2267
1538,2273
1538,2275
1538,2279
1538,2285
1538,2307
1538,2309
1538,2317
1538,2335
1538,2343
1538,2346
1538,2347
1538,2348
1538,2353
1538,2363
1538,2365
1538,2376
1538,2377
1538,2380
1538,2383
1538,2386
1538,2387
1538,2398
1538,2401
1538,2422
1538,2424
1538,2425
1538,2438
1538,2447
1538,2455
1538,2472
1538,2482
1538,2490
1538,2492
1538,2514
1538,2517
1538,2522
1538,2528
1538,2529
1538,2534
1538,2541
1538,2562
1538,2566
1538,2577
1538,2584
1538,2585
1538,2587
1538,2591
1538,2600
1538,2608
1538,2613
1538,2623
1538,2625
1538,2626
1538,2631
1538,2639
1538,2644
1538,2648
1538,2658
1538,2674
1538,2687
1538,2688
1538,2689
1538,2690
1538,2692
1538,2699
1538,2705
1538,2710
1538,2711
1538,2716
1538,2718
1538,2723
1538,2734
1538,2746
1538,2748
1538,2753
1538,2757
1538,2769
1538,2771
1538,2777
1538,2801
1538,2804
6,791
594,7
594,1568
1107,7
1107,8
1107,217
1107,252
1107,447
1107,463
1107,525
1107,528
1107,593
1107,603
1107,671
1107,885
1107,926
1107,1025
1107,1030
1107,1083
1107,1176
1107,1194
1107,1274
1107,1323
1107,1534
1107,1548
1107,1664
1107,1665
1107,1905
1107,1944
1107,1999
1107,2111
1107,2211
1107,2484
1107,2494
1107,2743
1629,7
1629,8
1629,217
1629,252
1629,447
1629,463
1629,525
1629,528
1629,593
1629,603
1629,671
1629,885
1629,926
1629,1025
1629,1030
1629,1083
1629,1107
1629,1176
1629,1194
1629,1274
1629,1323
1629,1534
1629,1548
1629,1664
1629,1665
1629,1905
1629,1944
1629,1999
1629,2111
1629,2211
1629,2484
1629,2494
1629,2743
7,1596
1614,8
1614,2334
8,300
1964,9
1964,23
842,9
842,66
842,121
842,155
842,174
842,449
842,521
842,544
842,595
842,635
842,661
842,755
842,757
842,938
842,1036
842,1077
842,1146
842,1165
842,1196
842,1217
842,1237
842,1407
842,1416
842,1427
842,1531
842,1537
842,1566
842,1569
842,1634
842,1668
842,1692
842,1785
842,1821
842,1828
842,1858
842,1864
842,1885
842,1972
842,2025
842,2187
842,2257
842,2405
842,2436
842,2452
842,2462
842,2483
842,2512
842,2578
842,2601
842,2657
842,2662
842,2669
842,2715
842,2810
2036,10
2036,1075
2036,2630
1802,10
1802,14
1802,21
1802,71
1802,137
1802,142
1802,512
1802,752
1802,1189
1802,1559
1802,1848
1802,2477
1802,2750
1254,10
1254,1075
1254,2415
1254,2630
1143,10
1143,1075
1143,1728
1143,2630
2037,10
2037,2422
2037,2518
2037,2800
1336,10
1336,758
1336,1075
1336,2415
1336,2630
10,40
10,303
10,319
10,460
10,522
10,705
10,1156
10,1822
10,2166
10,2363
483,11
483,1160
1654,11
1654,819
1389,11
11,1561
810,12
810,70
2232,12
2232,70
998,12
998,33
998,119
998,251
998,280
998,341
998,474
998,524
998,538
998,646
998,701
998,731
998,817
998,844
998,849
998,873
998,967
998,1179
998,1374
998,1413
998,1415
998,1497
998,1866
998,1930
998,2150
998,2160
998,2508
998,2565
998,2575
998,2619
998,2702
998,2751
1063,12
1063,33
1063,119
1063,251
1063,280
1063,341
1063,474
1063,524
1063,538
1063,646
1063,701
1063,731
1063,817
1063,844
1063,849
1063,873
1063,967
1063,1179
1063,1374
1063,1413
1063,1415
1063,1497
1063,1866
1063,1930
1063,2150
1063,2160
1063,2508
1063,2565
1063,2575
1063,2619
1063,2702
1063,2751
13,301
1250,14
1250,410
1250,2504
2730,14
2730,410
2730,2504
1649,14
1649,196
14,94
1331,15
1331,990
1331,1254
1331,2264
15,508
2072,16
558,16
558,41
558,204
558,235
558,294
558,343
558,513
558,568
558,571
558,612
558,633
558,672
558,797
558,831
558,891
558,904
558,908
558,937
558,983
558,1053
558,1142
558,1210
558,1251
558,1269
558,1275
558,1406
558,1441
558,1480
558,1500
558,1587
558,1598
558,1672
558,1687
558,1907
558,1929
558,1946
558,1953
558,1984
558,2023
558,2072
558,2127
558,2184
558,2191
558,2252
558,2316
558,2426
558,2442
558,2580
558,2618
558,2731
558,2747
558,2779
558,2788
2191,16
2191,204
2191,343
2191,398
2191,513
2191,649
2191,668
2191,797
2191,1142
2191,1441
2191,1500
2191,1587
2191,1672
2191,1966
2191,2072
2191,2127
2191,2526
2191,2580
2191,2708
2191,2795
2191,2796
16,1441
17,2403
18,379
18,2301
823,19
823,1018
823,1780
823,1933
1256,19
1256,64
1256,164
1256,982
1256,1124
1256,1359
1256,1476
1256,1525
1256,1757
1256,1842
1256,2093
1256,2214
1256,2234
1256,2246
1256,2341
1256,2425
1145,19
1145,64
1145,164
1145,982
1145,1124
1145,1359
1145,1476
1145,1525
1145,1757
1145,1842
1145,2093
1145,2214
1145,2234
1145,2246
1145,2425
19,925
19,1133
19,1918
19,2467
2581,20
2581,814
2581,956
761,20
761,149
761,222
761,368
761,581
761,768
761,798
761,970
761,1296
761,1342
761,1481
761,1819
761,1908
761,2253
761,2255
761,2303
761,2337
761,2437
761,2622
761,2632
20,92
1127,21
1127,1164
1127,1428
1127,2006
1127,2225
1127,2522
1127,2665
1726,21
1726,57
1726,99
1726,137
1726,291
1726,421
1726,500
1726,505
1726,559
1726,665
1726,720
1726,741
1726,752
1726,767
1726,791
1726,872
1726,903
1726,906
1726,916
1726,942
1726,991
1726,1011
1726,1132
1726,1172
1726,1193
1726,1195
1726,1250
1726,1273
1726,1397
1726,1421
1726,1591
1726,1628
1726,1681
1726,1814
1726,1848
1726,1880
1726,1895
1726,2135
1726,2175
1726,2202
1726,2206
1726,2225
1726,2355
1726,2558
1726,2664
1726,2672
1726,2707
1726,2730
1726,2797
253,21
253,2225
2658,21
2658,702
21,287
1119,22
129,22
129,673
129,1075
129,1119
129,1728
130,22
130,1511
2748,22
318,22
318,1511
318,1640
1578,22
264,22
264,1511
22,1422
304,23
304,36
304,76
304,88
304,118
304,180
304,296
304,310
304,369
304,376
304,399
304,431
304,494
304,501
304,634
304,679
304,786
304,805
304,821
304,1014
304,1048
304,1215
304,1228
304,1330
304,1352
304,1369
304,1370
304,1589
304,1668
304,1683
304,1699
304,1783
304,1825
304,1896
304,1899
304,2068
304,2076
304,2192
304,2196
304,2288
304,2332
304,2345
304,2402
304,2427
304,2501
304,2502
304,2557
304,2579
304,2671
304,2673
304,2686
304,2695
304,2732
23,1436
1089,24
1089,26
1089,34
1089,75
1089,86
1089,120
1089,141
1089,225
1089,255
1089,263
1089,269
1089,270
1089,309
1089,326
1089,345
1089,409
1089,410
1089,419
1089,427
1089,563
1089,578
1089,610
1089,618
1089,623
1089,655
1089,685
1089,696
1089,697
1089,713
1089,735
1089,766
1089,781
1089,796
1089,833
1089,837
1089,840
1089,848
1089,851
1089,870
1089,901
1089,925
1089,952
1089,954
1089,962
1089,981
1089,1024
1089,1047
1089,1073
1089,1078
1089,1087
1089,1111
1089,1113
1089,1133
1089,1157
1089,1178
1089,1190
1089,1198
1089,1206
1089,1223
1089,1264
1089,1313
1089,1328
1089,1332
1089,1356
1089,1410
1089,1412
1089,1426
1089,1455
1089,1486
1089,1491
1089,1530
1089,1546
1089,1582
1089,1588
1089,1594
1089,1627
1089,1633
1089,1643
1089,1655
1089,1718
1089,1761
1089,1768
1089,1772
1089,1805
1089,1809
1089,1883
1089,1911
1089,1918
1089,1927
1089,1956
1089,2010
1089,2017
1089,2026
1089,2040
1089,2048
1089,2103
1089,2106
1089,2207
1089,2210
1089,2241
1089,2250
1089,2274
1089,2276
1089,2306
1089,2357
1089,2379
1089,2435
1089,2441
1089,2446
1089,2467
1089,2498
1089,2530
1089,2535
1089,2551
1089,2572
1089,2573
1089,2664
1089,2675
1089,2679
1089,2703
1089,2733
1089,2780
1089,2782
1089,2798
1831,24
1831,101
1831,610
1831,1890
1831,2040
1831,2733
2623,24
2623,610
2623,2040
2623,2733
1195,24
1195,610
1195,2040
1195,2205
2017,24
24,666
24,1594
1657,25
1657,53
1657,98
1657,209
1657,258
1657,281
1657,412
1657,825
1657,866
1657,1322
1657,1337
1657,1362
1657,1483
1657,1535
1657,1558
1657,1704
1657,1743
1657,1784
1657,1850
1657,1995
1657,2053
1657,2057
1657,2158
1657,2162
1657,2217
1657,2354
1657,2407
1657,2408
1657,2458
1657,2542
437,25
437,53
437,98
437,181
437,209
437,258
437,281
437,412
437,866
437,1322
437,1337
437,1362
437,1483
437,1535
437,1558
437,1674
437,1704
437,1743
437,1784
437,1850
437,1995
437,2053
437,2057
437,2158
437,2162
437,2217
437,2354
437,2407
437,2408
437,2458
588,25
588,53
588,98
588,181
588,209
588,258
588,281
588,322
588,412
588,866
588,1337
588,1362
588,1483
588,1535
588,1558
588,1704
588,1743
588,1784
588,1850
588,1995
588,2053
588,2057
588,2158
588,2162
588,2354
588,2407
588,2408
588,2424
588,2458
588,2542
1349,25
1349,53
1349,181
1349,209
1349,258
1349,281
1349,322
1349,412
1349,1337
1349,1362
1349,1367
1349,1535
1349,1743
1349,1784
1349,2053
1349,2057
1349,2158
1349,2162
1349,2354
1349,2407
1349,2408
1349,2458
1349,2542
2028,25
2028,53
2028,181
2028,209
2028,258
2028,281
2028,322
2028,412
2028,1337
2028,1362
2028,1535
2028,1743
2028,1784
2028,1856
2028,1995
2028,2053
2028,2057
2028,2158
2028,2162
2028,2354
2028,2407
2028,2408
2028,2455
2028,2458
2028,2542
307,25
307,53
307,181
307,209
307,258
307,281
307,322
307,374
307,412
307,866
307,1337
307,1362
307,1535
307,1743
307,1784
307,1995
307,2053
307,2057
307,2158
307,2162
307,2200
307,2354
307,2407
307,2408
307,2458
307,2542
25,1398
1842,26
1842,655
1842,713
1842,2780
1490,26
1490,655
1490,713
1490,776
1490,2780
26,243
26,2227
27,372
27,2588
1993,28
1993,109
1993,152
1993,159
1993,241
1993,295
1993,530
1993,638
1993,772
1993,789
1993,862
1993,883
1993,1066
1993,1303
1993,1532
1993,1623
1993,1638
1993,1656
1993,1873
1993,1901
1993,2338
1993,2413
1993,2466
1993,2629
315,28
315,70
315,109
315,152
315,241
315,279
315,295
315,366
315,373
315,530
315,557
315,638
315,772
315,789
315,883
315,1066
315,1120
315,1303
315,1379
315,1420
315,1532
315,1547
315,1623
315,1638
315,1656
315,1720
315,1873
315,1901
315,2338
315,2384
315,2413
315,2590
315,2629
315,2722
461,28
461,1497
2372,28
2372,70
2372,109
2372,152
2372,241
2372,279
2372,295
2372,366
2372,373
2372,530
2372,557
2372,638
2372,772
2372,789
2372,883
2372,1066
2372,1120
2372,1303
2372,1379
2372,1420
2372,1532
2372,1547
2372,1623
2372,1638
2372,1656
2372,1720
2372,1873
2372,1901
2372,2338
2372,2384
2372,2413
2372,2590
2372,2629
2372,2722
265,28
265,1497
1121,28
178,29
178,243
178,587
178,639
178,749
178,792
178,800
178,841
178,867
178,949
178,1108
178,1197
178,1247
178,1300
178,1344
178,1417
178,1577
178,1714
178,1796
178,1830
178,1986
178,1991
178,2080
178,2182
178,2201
178,2249
178,2250
178,2433
178,2507
178,2524
178,2525
178,2547
178,2556
178,2593
178,2607
1644,29
1644,841
1644,2080
1644,2507
2733,29
2733,2205
587,29
587,867
587,1108
587,1300
587,1577
587,1714
587,1830
574,30
574,92
574,131
574,206
574,290
574,362
574,434
574,500
574,708
574,744
574,765
574,767
574,858
574,864
574,871
574,886
574,916
574,945
574,1011
574,1103
574,1123
574,1127
574,1152
574,1174
574,1230
574,1382
574,1494
574,1565
574,1599
574,1628
574,1630
574,1677
574,1695
574,1786
574,1951
574,1982
574,2044
574,2099
574,2176
574,2202
574,2330
574,2396
574,2428
574,2453
574,2497
574,2515
574,2558
574,2676
574,2707
574,2730
574,2803
368,30
1173,30
2051,30
2051,92
2051,206
2051,290
2051,362
2051,434
2051,500
2051,708
2051,744
2051,765
2051,767
2051,858
2051,864
2051,871
2051,886
2051,916
2051,945
2051,1011
2051,1103
2051,1123
2051,1127
2051,1152
2051,1174
2051,1230
2051,1382
2051,1494
2051,1565
2051,1599
2051,1628
2051,1630
2051,1677
2051,1695
2051,1786
2051,1951
2051,1982
2051,2044
2051,2099
2051,2176
2051,2202
2051,2330
2051,2396
2051,2428
2051,2453
2051,2497
2051,2515
2051,2558
2051,2676
2051,2707
2051,2730
2051,2803
1625,30
30,598
30,991
30,1428
30,2034
30,2522
30,2760
79,31
79,238
79,329
79,777
79,1388
79,1425
79,1636
79,2119
79,2360
2560,31
2560,238
2560,777
2560,1388
2560,1425
2560,1636
2560,2119
2560,2360
31,301
31,1733
1333,32
1333,153
1333,311
1333,353
1333,388
1333,456
1333,615
1333,656
1333,663
1333,1290
1333,1804
1333,1853
1333,1860
1333,2138
1333,2217
1333,2341
1333,2342
1333,2488
1333,2615
1333,2623
1333,2635
1333,2748
1940,33
1940,1532
1863,33
1863,1532
942,34
942,1178
942,1485
942,1546
1161,34
1161,1178
1161,1546
1161,1627
1161,2108
1476,34
1476,1178
1476,1546
1476,1627
309,34
34,2140
34,427
35,351
35,601
35,850
1869,36
1869,1569
36,810
37,858
1204,38
1204,1166
39,41
39,205
39,205
39,627
39,1180
39,1691
39,2260
39,2260
55,40
2630,40
2630,94
2630,236
2630,287
2630,303
2630,319
2630,460
2630,492
2630,522
2630,622
2630,705
2630,855
2630,990
2630,1119
2630,1156
2630,1255
2630,1385
2630,1396
2630,1822
2630,1963
2630,2166
2630,2363
2630,2464
2630,2628
2630,2764
40,170
2389,41
2389,590
2389,590
2389,590
2813,41
2813,342
2813,426
2813,446
2813,497
2813,650
2813,891
2813,904
2813,983
2813,986
2813,1020
2813,1027
2813,1041
2813,1572
2813,1607
2813,1687
2813,2054
2813,2178
2813,2252
2813,2385
2813,2540
364,41
364,83
364,127
364,205
364,289
364,297
364,323
364,342
364,565
364,627
364,751
364,1020
364,1065
364,1180
364,1251
364,1691
364,1900
364,2260
364,2791
608,41
608,46
608,231
608,235
608,288
608,297
608,356
608,359
608,392
608,539
608,627
608,633
608,672
608,727
608,743
608,856
608,1144
608,1180
608,1251
608,1446
608,1579
608,1687
608,1719
608,1946
608,1980
608,1984
608,2013
608,2023
608,2153
608,2172
608,2178
608,2184
608,2191
608,2194
608,2314
608,2316
608,2375
608,2442
608,2451
608,2668
608,2691
608,2737
608,2788
608,2802
2645,41
2645,231
2645,288
2645,297
2645,568
2645,571
2645,672
2645,856
2645,937
2645,1053
2645,1210
2645,1240
2645,1251
2645,1269
2645,1320
2645,1406
2645,1437
2645,1452
2645,1471
2645,1541
2645,1687
2645,1777
2645,1984
2645,2013
2645,2023
2645,2184
2645,2191
2645,2252
2645,2296
2645,2314
2645,2316
2645,2390
2645,2426
2645,2442
2645,2618
2645,2691
2645,2802
1406,42
1406,190
1406,773
1406,880
1406,946
1406,1092
1406,1204
1406,1424
1406,1816
1406,1897
1406,1942
1406,1976
1406,2097
1406,2129
1406,2183
1406,2471
2316,42
2316,190
2316,773
2316,880
2316,946
2316,1092
2316,1204
2316,1424
2316,1771
2316,1816
2316,1897
2316,1922
2316,1942
2316,1976
2316,2097
2316,2129
2316,2183
2316,2471
42,187
42,292
43,708
43,1494
43,2707
44,155
44,1972
45,226
45,248
45,383
45,596
45,614
45,657
45,1733
45,2019
45,2195
45,2352
45,2431
45,2667
2737,46
2737,83
2737,289
2737,503
2737,565
2737,575
2737,1144
2737,1213
2737,1719
2737,2226
2737,2278
2737,2456
2737,2559
1871,46
1205,47
1205,439
1205,1934
1205,2243
1205,2283
1205,2468
47,1260
47,1767
47,1989
47,2151
2102,48
2102,48
2102,248
2102,308
2102,387
2102,483
2102,483
2102,2275
2102,2275
2102,2492
2102,2492
1667,48
2133,48
1447,48
788,48
1304,48
2725,48
2449,48
481,48
1372,48
1727,48
1727,147
1727,403
1727,483
1727,1742
1727,2237
1727,2275
1727,2492
1727,2557
1727,2570
599,48
599,403
599,483
599,1146
599,1215
599,1916
599,2251
599,2275
599,2492
1134,48
1134,339
1134,483
1134,1088
1134,1916
1134,2068
1134,2275
1134,2492
1134,2512
2302,48
2302,61
2302,174
2302,483
2302,634
2302,1088
2302,1284
2302,2275
2302,2492
1149,48
1149,188
1149,399
1149,483
1149,780
1149,1088
1149,1821
1149,2275
1149,2492
1734,48
1734,76
1734,188
1734,483
1734,1088
1734,1234
1734,1634
1734,2275
1734,2492
2461,48
2461,61
2461,483
2461,1088
2461,2084
2461,2275
2461,2402
2461,2492
2461,2810
2003,48
2003,483
2003,2275
2003,2352
2003,2492
2392,48
2392,483
2392,614
2392,2275
2392,2352
2392,2492
1207,48
1207,483
1207,596
1207,614
1207,2275
1207,2352
1207,2492
2814,48
2814,48
2814,301
2814,301
2814,461
2814,483
2814,483
2814,590
2814,590
2814,810
2814,1390
2814,1428
2814,1428
2814,1436
2814,1940
2814,2275
2814,2275
2814,2366
2814,2492
2814,2492
2814,2522
2814,2522
2814,2735
2814,2735
2815,48
2815,461
2815,483
2815,810
2815,1436
2815,1940
2815,2275
2815,2492
819,48
819,301
819,483
819,2275
819,2492
2078,48
2078,301
2078,483
2078,2275
2078,2492
1730,48
1730,301
1730,483
1730,2275
1730,2492
541,48
541,301
541,483
541,2275
541,2492
372,48
372,301
372,483
372,2275
372,2492
2807,48
2807,301
2807,483
2807,2275
2807,2492
417,48
417,301
417,483
417,2275
417,2492
2792,48
2792,483
2792,2275
2792,2492
1586,48
1586,483
1586,2275
1586,2492
170,48
170,483
170,2275
170,2492
1288,49
768,49
768,641
768,782
768,1226
768,1376
768,1464
768,1496
768,2272
768,2395
49,1127
2816,50
2816,230
2816,231
2816,235
2816,294
2816,443
2816,558
2816,611
2816,794
2816,856
2816,869
2816,896
2816,977
2816,1054
2816,1188
2816,1320
2816,1522
2816,1541
2816,1763
2816,1837
2816,1937
2816,1945
2816,1961
2816,2154
2816,2426
2816,2443
2816,2500
2816,2666
2612,50
2612,1937
995,51
995,914
1103,51
1103,914
1103,1428
1103,1681
1103,2522
1103,2569
2359,51
2359,207
2359,234
2359,242
2359,440
2359,454
2359,482
2359,693
2359,712
2359,733
2359,1033
2359,1105
2359,1287
2359,1350
2359,1391
2359,1400
2359,1439
2359,1458
2359,1459
2359,1563
2359,1693
2359,1721
2359,1912
2359,1990
2359,2021
2359,2034
2359,2123
2359,2212
2359,2213
2359,2539
2359,2574
2359,2665
2522,51
852,51
852,207
852,234
852,242
852,440
852,454
852,482
852,693
852,712
852,733
852,1033
852,1105
852,1287
852,1350
852,1391
852,1400
852,1439
852,1458
852,1459
852,1563
852,1693
852,1721
852,1912
852,1990
852,2021
852,2034
852,2123
852,2212
852,2213
852,2539
852,2574
852,2665
52,918
52,1947
53,2700
1164,54
1164,120
1164,962
1164,1455
1164,2240
1164,2435
1423,54
1423,101
1423,408
1423,915
1423,1246
1423,1765
1423,1964
1423,2608
54,755
54,1014
1970,55
1970,170
1970,1005
1970,1645
56,2535
1553,57
206,57
206,1283
206,1410
206,1428
206,2123
206,2522
206,2571
57,1198
57,1491
57,1790
57,2367
67,58
67,710
67,981
67,1100
67,2441
67,2535
59,461
59,810
59,1390
59,1436
59,1940
59,2366
1788,60
1788,60
2519,61
188,61
406,61
406,266
406,1794
2472,61
2472,924
2472,931
61,2570
483,62
1192,62
1192,90
1192,244
1192,367
1192,389
1192,462
1192,532
1192,588
1192,602
1192,643
1192,802
1192,823
1192,893
1192,968
1192,997
1192,1125
1192,1137
1192,1160
1192,1200
1192,1282
1192,1473
1192,1560
1192,1657
1192,1671
1192,1741
1192,1808
1192,1823
1192,1971
1192,2000
1192,2248
1192,2633
1192,2734
63,918
63,1947
1971,64
1971,1058
1971,1080
1971,1780
64,870
64,1113
64,2207
64,2274
65,1736
1574,66
1574,1330
2144,67
2144,81
2144,107
2144,199
2144,302
2144,598
2144,607
2144,684
2144,708
2144,744
2144,864
2144,871
2144,886
2144,943
2144,1152
2144,1161
2144,1164
2144,1175
2144,1230
2144,1236
2144,1410
2144,1444
2144,1463
2144,1490
2144,1492
2144,1556
2144,1620
2144,1717
2144,1776
2144,1824
2144,1831
2144,1925
2144,2004
2144,2031
2144,2163
2144,2167
2144,2306
2144,2396
2144,2428
2144,2440
2144,2569
2144,2571
2144,2664
2144,2698
434,67
434,1172
434,1428
434,1458
434,1700
434,2522
2046,67
1351,68
1351,316
1351,1414
1351,1520
1351,2221
1351,2369
1351,2616
68,1780
68,2319
68,2416
69,224
1273,71
1273,735
1273,2027
2202,71
2202,735
2202,2027
224,71
224,394
71,855
1775,72
1775,1797
1775,2736
533,72
533,1797
703,72
703,1775
703,1797
1238,72
1238,964
1238,1797
2589,72
2589,1797
959,72
959,1238
959,1797
1670,73
1670,115
1670,401
1670,808
1670,1307
1670,1523
1670,2261
1670,2356
1670,2503
73,1517
74,632
74,1071
1776,75
1776,424
2707,75
2707,512
2707,1642
1397,75
1397,512
1397,1642
1058,75
1058,796
1058,1024
1058,1883
708,75
708,424
75,2242
2299,76
2299,88
2299,180
2299,369
2299,399
2299,501
2299,634
2299,1215
2299,1352
2299,1369
2299,1699
2299,1738
2299,2068
2299,2116
2299,2196
2299,2288
2299,2402
2299,2502
2299,2557
2299,2673
2299,2732
1615,76
1615,78
1615,886
1615,1382
1615,1634
1615,2730
76,461
76,810
76,1436
76,1940
77,2569
1974,78
1974,79
1974,632
1974,969
1974,1383
1974,1484
1974,1637
1974,2560
1974,2749
1974,2758
1122,78
1122,969
1122,1383
1122,1484
1122,1637
1122,2749
1122,2758
1234,78
1071,79
1071,215
1071,256
1071,339
1071,546
1071,632
1071,690
1071,780
1071,1181
1071,1229
1071,1234
1071,1284
1071,1645
1071,2084
1071,2237
1071,2251
1071,2560
1071,2627
1071,2697
2651,79
2651,140
2651,411
2651,457
2651,690
2651,1122
2651,1484
2651,1602
2651,1668
2651,2560
2651,2758
2651,2773
80,695
829,81
81,2530
81,2595
82,109
1144,83
1144,289
1144,359
1144,503
1144,565
1144,575
1144,1037
1144,1213
1144,1579
1144,1631
1144,2194
1144,2226
1144,2456
2767,83
2767,127
2767,289
2767,297
2767,323
2767,342
2767,565
2767,1020
2767,1065
2767,1180
2767,1251
2767,1900
2767,2791
83,1067
83,1480
83,2747
1199,84
1199,236
1199,1254
1199,2264
84,2056
2308,85
2308,163
2308,247
2308,476
2308,523
2308,585
2308,659
2308,718
2308,764
2308,846
2308,936
2308,1135
2308,1380
2308,1504
2308,1616
2308,1716
2308,1725
2308,1799
2308,1817
2308,1913
2308,1960
2308,2066
2308,2105
2308,2141
2308,2411
2308,2719
2308,2799
943,86
943,952
943,980
943,1087
943,1206
1124,86
1124,952
1124,1087
1124,1206
86,1689
86,1986
87,1205
87,1675
87,1682
87,1852
87,2649
87,2654
2583,88
2583,369
2583,1305
2583,1699
2583,1782
2583,2288
1338,88
1338,296
1338,457
1338,1148
1338,1602
1338,1668
1338,2116
1338,2502
1155,88
1155,369
1155,1305
1155,1699
1155,1782
1155,2288
1051,88
1051,296
1051,604
1051,1165
1051,1351
1051,1538
1051,2187
1051,2583
1051,2616
88,461
88,810
88,1436
88,1940
2387,89
2387,161
2387,1428
2387,2391
2387,2522
1671,89
1671,2067
1671,2656
2734,89
2734,2067
2734,2656
498,89
498,1428
498,2219
498,2391
498,2522
567,89
567,715
567,1428
567,2391
567,2522
89,852
2275,90
2739,91
2739,1046
2482,92
2762,92
92,791
92,1428
92,1556
92,1721
92,2522
92,2766
435,93
435,130
435,158
435,191
435,197
435,264
435,312
435,345
435,1010
435,1023
435,1097
435,1241
435,1272
435,1281
435,1343
435,1405
435,1472
435,1485
435,1640
435,1689
435,1769
435,1779
435,1790
435,1800
435,1889
435,2118
435,2147
435,2189
435,2205
435,2227
435,2311
435,2418
435,2448
435,2460
435,2660
2241,93
2241,203
2241,418
2241,587
2241,626
2241,1430
2241,2249
2241,2524
2348,93
2348,130
2348,158
2348,191
2348,197
2348,264
2348,312
2348,345
2348,1010
2348,1023
2348,1097
2348,1241
2348,1272
2348,1281
2348,1343
2348,1405
2348,1472
2348,1485
2348,1640
2348,1689
2348,1769
2348,1779
2348,1790
2348,1800
2348,1889
2348,2118
2348,2147
2348,2189
2348,2205
2348,2227
2348,2311
2348,2418
2348,2448
2348,2460
2348,2660
2280,93
2280,618
2280,1855
2280,2120
2280,2679
93,1608
2600,94
2600,236
2600,287
2600,370
2600,492
2600,855
2600,990
2600,1255
2600,1385
2600,1396
2600,1802
2600,1963
2600,2628
888,94
888,236
888,287
888,370
888,492
888,855
888,990
888,1255
888,1385
888,1396
888,1802
888,1963
888,2628
1722,94
2404,94
2404,236
2404,287
2404,492
2404,855
2404,990
2404,1255
2404,1385
2404,1963
2404,2628
95,2803
473,96
473,128
473,276
473,292
473,300
473,336
473,455
473,517
473,605
473,672
473,736
473,783
473,843
473,951
473,972
473,1000
473,1166
473,1271
473,1360
473,1406
473,1512
473,1552
473,1579
473,1596
473,1650
473,1662
473,1663
473,1735
473,1843
473,1845
473,2060
473,2085
473,2114
473,2168
473,2199
473,2297
473,2310
473,2316
473,2691
473,2778
473,2787
571,96
571,184
571,276
571,292
571,300
571,455
571,517
571,605
571,843
571,951
571,972
571,1000
571,1041
571,1166
571,1271
571,1360
571,1512
571,1552
571,1596
571,1607
571,1663
571,1666
571,1735
571,1843
571,1845
571,2060
571,2085
571,2114
571,2131
571,2168
571,2199
571,2297
571,2310
571,2430
571,2745
571,2787
2074,96
2074,1877
669,96
669,184
669,2781
593,96
584,97
584,284
584,734
584,1165
584,1874
584,2187
584,2287
584,2452
584,2561
1355,97
1355,653
1355,734
1355,1165
1355,1874
1355,2287
1355,2561
1355,2756
1365,97
1365,155
1365,174
1365,284
1365,661
1365,1036
1365,1146
1365,1427
1365,1566
1365,1634
1365,1785
1365,1821
1365,1972
1365,2405
1365,2452
1365,2512
1365,2601
1365,2657
1365,2715
1365,2810
97,2784
98,456
98,516
98,1252
98,1938
98,2159
98,2277
98,2284
98,2409
98,2506
2718,99
99,228
99,1189
99,2530
2618,100
2618,402
2618,935
2618,1128
2618,1317
2618,1347
2618,1429
2618,1521
2618,1839
2618,1923
2618,2169
2618,2224
2618,2606
2023,100
2023,402
2023,935
2023,1128
2023,1317
2023,1347
2023,1429
2023,1521
2023,1839
2023,1923
2023,2169
2023,2224
2023,2606
100,1244
100,2085
101,449
101,679
590,102
103,2492
2468,104
2468,261
2468,1675
2468,1862
927,104
927,156
927,210
927,317
927,325
927,407
927,490
927,644
927,775
927,1002
927,1168
927,1989
927,2262
927,2382
927,2463
2366,105
2366,759
1820,105
1820,216
1820,227
1820,333
1820,346
1820,386
1820,477
1820,496
1820,770
1820,787
1820,839
1820,1093
1820,1129
1820,1267
1820,1292
1820,1294
1820,1478
1820,1501
1820,1609
1820,1697
1820,1815
1820,1859
1820,1881
1820,1909
1820,2075
1820,2077
1820,2100
1820,2137
1820,2222
1820,2552
1820,2596
1820,2709
1820,2724
1820,2789
1820,2809
105,237
2235,106
2235,1670
2235,2523
1695,107
1695,1391
1695,1428
1695,1591
1695,2339
1695,2522
2777,107
107,309
107,1111
107,1243
107,1655
107,1927
1390,108
1390,1093
1060,108
1060,239
1060,250
1060,337
1060,464
1060,510
1060,542
1060,759
1060,845
1060,876
1060,1028
1060,1153
1060,1392
1060,1564
1060,1653
1060,1795
1060,2271
1060,2505
1060,2548
1060,2763
1291,108
1291,115
1291,124
1291,239
1291,250
1291,337
1291,401
1291,464
1291,486
1291,510
1291,542
1291,759
1291,808
1291,845
1291,876
1291,1028
1291,1153
1291,1201
1291,1276
1291,1392
1291,1564
1291,1653
1291,1712
1291,1795
1291,1992
1291,2145
1291,2271
1291,2334
1291,2486
1291,2503
1291,2505
1291,2548
1291,2638
1291,2763
2776,108
2776,219
2776,239
2776,250
2776,337
2776,464
2776,510
2776,542
2776,759
2776,845
2776,876
2776,1015
2776,1028
2776,1153
2776,1186
2776,1316
2776,1392
2776,1564
2776,1653
2776,1749
2776,1795
2776,2058
2776,2074
2776,2177
2776,2271
2776,2361
2776,2505
2776,2548
2776,2553
2776,2717
2776,2744
2776,2763
108,1663
108,2300
1940,109
1940,701
1793,109
1793,701
1788,110
1788,110
1203,111
1203,339
1203,1730
111,2363
112,1288
112,1481
112,2098
113,128
113,1845
113,2008
114,695
114,860
114,1342
1882,115
1882,401
1882,808
1882,1307
1882,1517
1882,1523
1882,1603
1882,2356
1882,2503
1543,115
1543,963
1543,1829
2366,115
2366,1478
2650,115
2650,401
2650,527
2650,808
2650,1307
2650,1523
2650,2356
2650,2503
2650,2704
2146,115
2146,124
2146,401
2146,486
2146,808
2146,1060
2146,1201
2146,1307
2146,1523
2146,1992
2146,2145
2146,2334
2146,2356
2146,2486
2146,2503
2146,2638
543,116
543,937
746,116
746,173
746,187
746,271
746,452
746,465
746,489
746,534
746,594
746,628
746,1258
746,1263
746,1286
746,1325
746,1469
746,1543
746,1585
746,1614
746,1680
746,1724
746,1731
746,1758
746,1833
746,1835
746,1851
746,1892
746,1915
746,1924
746,2050
746,2134
746,2193
746,2197
746,2235
746,2254
746,2305
746,2370
746,2516
746,2739
746,2781
116,1107
117,188
117,722
117,1138
1618,118
1618,1407
118,461
1940,119
1940,1656
1679,119
1679,1656
1335,120
1335,962
1335,1455
1335,2435
2225,120
2225,1023
2225,1455
2225,1855
2225,2120
2225,2435
2210,120
120,573
120,696
223,121
223,1899
122,301
1387,123
1387,1449
2132,123
2132,1449
2138,123
1115,123
1115,1449
2774,123
2774,1449
1307,124
1307,2638
1469,124
1469,603
1390,124
1390,1881
1059,125
1059,784
1059,1937
126,894
126,905
126,1813
432,127
432,205
432,627
432,751
432,1180
432,1541
432,1691
432,2260
2451,127
2451,743
2451,1099
2451,1592
2451,2172
2451,2737
1222,127
1222,205
1222,356
1222,627
1222,751
1222,929
1222,1180
1222,1446
1222,1652
1222,1691
1222,1740
1222,2260
1222,2451
127,1694
127,1740
2013,128
2013,184
2013,336
2013,2430
1551,128
1551,184
1551,288
1551,336
1551,672
1551,727
1551,1406
1551,1650
1551,1662
1551,1965
1551,2316
1551,2618
1551,2691
2111,128
337,128
337,832
128,1041
1705,129
1705,987
1705,1071
1705,1162
1705,2036
1705,2464
1705,2635
1529,129
1529,2036
1555,130
1555,264
1555,1640
1622,130
1622,264
1622,1640
352,131
2689,131
2689,778
2689,1122
2689,1974
928,131
131,1351
131,1538
132,1076
1088,133
1088,922
1088,1154
1088,1155
1088,1738
1088,2429
1088,2473
1088,2784
403,133
403,922
403,1154
403,1155
403,1738
403,2429
403,2473
403,2784
133,2350
1924,134
1924,551
1924,1022
135,290
136,151
136,1730
1353,137
1353,2594
858,137
858,482
858,665
858,1428
858,1673
858,1925
858,2522
363,137
363,665
137,990
138,918
138,1855
493,139
493,259
2747,139
2747,774
2747,1810
2747,2061
139,1027
1050,140
1050,1468
2473,140
2473,690
2473,1419
2473,2773
1962,140
1962,561
1962,1434
381,140
381,256
381,1071
140,546
1236,141
1236,263
1236,1069
1236,2782
2425,141
2425,263
2425,2664
2425,2782
1421,141
1421,1281
1421,2782
1223,141
141,1752
141,1111
1658,142
1658,1443
1658,2036
1658,2264
1658,2415
1039,142
1039,2404
1039,2518
1039,2800
1385,142
421,142
421,1855
421,1956
421,2120
421,2311
421,2551
421,2572
2346,142
2346,553
1949,143
1949,2735
1357,143
143,246
1807,144
1807,819
145,149
145,220
145,2024
2045,146
2045,2373
146,2373
215,147
215,301
215,403
215,1742
215,2519
2697,147
2697,301
2697,403
2697,1742
2697,2519
147,1155
147,1738
147,2429
147,2473
147,2784
795,148
795,233
795,245
795,273
795,429
795,441
795,556
795,630
795,910
795,933
795,1221
795,1310
795,1371
795,1408
795,1461
795,1465
795,1518
795,1755
795,1928
795,2139
795,2174
795,2214
795,2465
795,2532
795,2605
2247,148
2247,233
2247,441
2247,556
2247,630
2247,910
2247,960
2247,1221
2247,1310
2247,1331
2247,1371
2247,1408
2247,1465
2247,1518
2247,2121
2247,2149
2247,2174
2247,2234
2247,2532
2247,2605
2247,2721
1808,148
1808,233
1808,273
1808,441
1808,556
1808,630
1808,816
1808,910
1808,982
1808,1221
1808,1310
1808,1371
1808,1408
1808,1461
1808,1465
1808,1466
1808,1518
1808,1755
1808,1856
1808,2139
1808,2174
1808,2347
1808,2605
1184,148
1184,233
1184,273
1184,413
1184,441
1184,556
1184,630
1184,816
1184,847
1184,910
1184,933
1184,1221
1184,1310
1184,1371
1184,1408
1184,1465
1184,1755
1184,1842
1184,2055
1184,2149
1184,2605
148,687
149,362
150,943
1940,152
1940,2702
2740,152
507,152
507,2702
1874,155
1874,411
1874,1668
1874,1972
1742,155
1742,875
1742,1346
1742,1972
1742,2405
604,155
604,875
604,1346
604,1972
604,2405
155,1931
155,2052
2243,156
2243,815
2243,1675
2243,1862
1286,157
1286,676
1286,1025
2294,157
2294,171
2294,183
2294,850
2294,919
2294,1032
2294,1046
2294,1212
2294,1670
2294,1781
2294,1787
2294,1818
2294,1829
2294,1882
2294,2650
229,157
229,919
229,988
229,1032
229,1046
229,1060
229,1291
229,1670
229,1787
229,1818
229,1882
229,2563
229,2650
229,2776
157,2156
157,2806
2379,158
2379,2201
1132,158
1132,255
1132,851
1132,1588
1732,158
1732,196
1732,197
1732,394
1732,553
1732,702
1732,756
1732,961
1732,1151
1732,1242
1732,1268
1732,1281
1732,1343
1732,1472
1732,1485
1732,1608
1732,1626
1732,1689
1732,1790
1732,1800
1732,1889
1732,2118
1732,2124
1732,2189
1732,2205
1732,2227
1732,2418
1732,2448
1732,2460
1732,2594
1732,2597
1732,2602
1732,2660
158,1746
2350,159
2350,550
2350,862
472,159
472,689
472,862
472,922
472,1154
472,2350
472,2784
1528,159
1528,862
1528,2466
1717,160
1717,766
871,160
871,766
160,404
160,618
160,1095
160,1549
160,2241
160,2679
161,1265
161,2067
162,2275
1160,164
1160,1326
1160,1938
1160,2587
164,685
164,1047
164,1633
164,2276
2148,165
165,1084
2271,166
2271,276
491,166
491,194
491,286
491,344
491,351
491,354
491,355
491,430
491,459
491,527
491,592
491,658
491,714
491,739
491,806
491,832
491,836
491,859
491,887
491,992
491,1109
491,1339
491,1409
491,1487
491,1499
491,1603
491,1710
491,1736
491,1754
491,1815
491,1844
491,1877
491,1987
491,2077
491,2190
491,2261
491,2300
491,2312
491,2403
491,2444
491,2459
491,2617
491,2696
491,2759
491,2806
491,2808
166,1390
690,167
690,485
690,629
690,1050
690,1613
690,1709
690,2333
167,180
167,403
167,468
167,1036
167,1748
611,168
611,473
611,620
611,1551
611,2374
168,1719
169,744
169,1677
169,2202
2635,170
2635,372
2635,417
2635,541
2635,819
2635,1043
2635,1498
2635,1586
2635,1730
2635,2078
2635,2792
2635,2807
1661,170
1661,361
420,170
420,1227
987,170
987,372
987,417
987,541
987,819
987,1043
987,1498
987,1586
987,1730
987,2078
987,2138
987,2792
987,2807
2197,171
2197,850
2197,1118
2197,1274
495,171
495,850
495,868
939,171
939,1505
939,2131
2269,171
2269,2617
172,1965
172,2778
1870,173
1870,336
1870,2131
173,293
173,988
173,1060
173,1291
173,2563
173,2776
2273,174
2273,634
2273,1011
2273,1230
2273,1383
2273,1630
175,1785
175,2732
1451,176
1451,188
1451,2086
1138,176
176,372
176,996
176,924
177,1195
1177,179
1177,423
1177,637
1177,699
1177,1448
1177,1888
1177,2685
1177,2783
1975,179
1975,423
1975,637
1975,699
1975,1448
1975,1888
1975,1955
1975,2390
1975,2783
674,179
674,423
674,637
674,699
674,1448
674,1888
674,1955
674,2685
674,2783
2186,179
2186,423
2186,699
2186,1516
2186,1888
2186,2783
198,179
198,423
198,637
198,699
198,1437
198,1448
198,1888
198,1955
198,2390
198,2685
198,2783
179,1027
2113,180
2113,1036
2113,2676
180,461
180,810
180,1436
180,1940
181,552
181,852
181,2359
182,2779
183,1373
183,1829
1347,184
1347,1851
783,184
185,2676
1200,186
1200,948
1200,1757
1200,1780
2053,186
2053,662
2053,847
2053,1018
2053,1058
2053,1130
2053,1145
2053,1248
2053,1326
2053,1335
2053,1605
2053,1928
2053,2121
2053,2130
2053,2347
2053,2623
2053,2771
186,981
186,2441
186,2535
187,1664
187,1818
187,1926
2442,189
2442,321
2442,725
2442,1278
2442,1570
189,380
189,891
189,1106
189,1269
189,1562
189,2161
189,2218
189,2432
190,843
190,1543
741,191
741,1809
741,1855
741,2103
741,2120
741,2573
2048,191
2048,2556
191,1242
192,458
192,495
192,527
192,1505
192,1849
192,2308
192,2326
192,2378
193,1565
1878,194
194,1390
822,195
822,2735
1038,195
475,196
475,394
475,553
475,702
475,756
475,961
475,1242
475,1268
475,1608
475,2124
475,2594
475,2597
475,2602
1241,196
994,196
781,197
781,792
903,197
903,954
903,1223
903,2446
2314,198
2314,674
2314,1177
2314,1975
2314,2186
1136,199
199,654
199,735
200,484
200,999
200,1320
200,1945
201,918
201,1947
1501,202
202,1120
202,2751
1209,203
1209,587
1209,626
1209,941
1209,1430
1209,1440
1209,1510
1209,1644
1209,1711
1209,2122
1209,2249
1209,2524
1917,203
1917,418
1917,587
1917,626
1917,639
1917,1417
1917,1430
1917,1830
1917,1991
1917,2249
1917,2524
1328,203
1328,418
1328,587
1328,626
1328,1010
1328,1430
1328,2182
1328,2249
1328,2524
203,243
203,639
203,841
203,949
203,1986
203,2201
203,2593
203,2607
204,645
204,681
2353,206
1342,206
2020,206
2044,207
2044,741
2044,752
2044,1428
2044,1620
2044,2082
2044,2522
2070,207
2070,2082
2522,207
590,208
208,625
209,2700
2735,210
211,763
211,2387
211,2656
212,1885
212,2345
590,213
214,231
214,289
214,297
214,443
214,565
214,856
214,929
214,930
214,1037
214,1067
214,1099
214,1233
214,1592
214,1631
214,1652
214,2278
214,2456
214,2559
989,215
989,1171
989,1498
2366,216
2366,337
216,298
217,2114
477,218
218,1413
218,2384
219,972
219,2190
1847,220
1847,2024
220,1376
221,483
222,1695
2217,224
2217,349
2217,1117
2217,1183
2217,1353
2217,1526
2217,1649
2217,2125
2217,2346
2217,2517
2217,2541
2217,2658
1018,225
1018,1073
1018,1426
1018,1761
2167,225
2167,1073
2167,1426
2167,1761
2167,2088
2167,2240
2167,2489
1814,225
1814,1073
1814,1426
1814,1769
1814,1855
1814,2120
2441,225
225,511
225,1024
2352,226
2352,256
2352,383
2352,657
2352,1733
2352,2019
2352,2195
2352,2431
2352,2667
596,226
596,308
596,383
596,657
596,1733
596,2019
596,2195
596,2431
596,2667
1388,226
1388,301
614,226
614,308
614,383
614,657
614,1733
614,2019
614,2195
614,2431
614,2667
2366,227
2366,1153
227,1026
1011,228
1011,1189
1011,2530
228,1718
228,1779
228,1855
228,2120
228,2210
2778,229
2778,293
2778,1629
1965,229
1965,293
1965,1629
534,229
534,293
534,1629
230,999
230,1961
484,231
484,611
484,856
484,1188
484,1541
2791,231
231,324
231,854
231,1542
231,2022
231,2043
1263,232
1263,2805
2716,233
2716,374
2716,441
2716,478
2716,556
2716,630
2716,683
2716,687
2716,816
2716,910
2716,933
2716,1221
2716,1310
2716,1335
2716,1371
2716,1408
2716,1461
2716,1465
2716,1518
2716,1525
2716,1658
2716,1755
2716,2069
2716,2174
2716,2284
2716,2605
802,233
802,245
802,273
802,441
802,556
802,630
802,687
802,910
802,933
802,1199
802,1221
802,1310
802,1371
802,1408
802,1465
802,1476
802,1518
802,1755
802,2130
802,2139
802,2149
802,2157
802,2174
802,2465
802,2532
802,2605
233,861
233,2298
2522,234
1245,234
1245,2090
2330,234
2330,1428
2330,2090
2330,2522
1189,236
237,817
237,1623
238,301
238,2019
1390,239
1390,770
239,292
239,714
240,2275
804,241
1940,241
1940,1374
1361,241
1361,1374
1708,242
1708,600
1677,242
1677,600
1677,1428
1677,2522
2522,242
1711,243
1711,1247
1711,1300
1711,2547
2492,244
2354,245
2354,273
2354,374
2354,564
2354,687
2354,861
2354,1145
2354,1256
2354,1289
2354,1518
2354,1659
2354,1755
2354,1856
2354,1884
2354,2139
2354,2149
2354,2157
2354,2298
2354,2465
2354,2506
2354,2754
245,2069
2550,246
2550,2735
246,619
248,1207
248,2003
248,2392
248,2560
249,918
249,1947
1390,250
1390,386
250,2114
250,2459
1436,251
1436,1420
2576,251
2576,1420
252,455
254,325
254,754
254,1682
254,1767
254,2062
1444,255
1444,851
1444,1588
1444,2240
1444,2379
1525,255
1525,851
1525,1588
1525,2379
1772,255
255,1746
255,713
1181,256
1181,2352
308,256
257,333
257,1339
258,960
260,2004
754,261
754,275
754,479
754,688
754,815
754,1205
754,1581
754,1601
754,1611
754,1862
754,1949
754,2151
754,2550
754,2735
754,2735
1581,261
261,815
1788,262
1788,262
263,1281
263,1344
1609,265
266,417
266,1503
266,2084
267,504
1788,268
1788,268
2569,269
2569,578
2569,1549
2569,1911
2569,2026
2246,269
2246,578
2246,1911
2246,2026
269,1800
269,2607
1175,270
1175,697
1175,1100
1175,1768
1175,1772
982,270
982,697
982,1768
982,1772
270,639
270,2660
1128,271
1128,1596
271,732
271,2638
1258,272
1258,2503
273,478
273,683
273,2284
1056,274
1056,988
1056,2434
1056,2563
275,2223
275,2735
773,276
773,1835
1274,276
1686,277
1686,371
1686,375
1686,509
1686,691
1686,692
1686,1090
1686,1239
1686,1321
1686,1354
1686,1394
1686,1404
1686,1593
1686,1688
1686,1836
1686,2128
1686,2304
1686,2321
1686,2394
1686,2641
1686,2684
1686,2729
1686,2755
1788,278
1788,278
1436,279
1436,538
298,279
298,538
1225,280
1225,1303
1436,280
1436,1303
281,2754
496,282
282,1866
282,1901
483,283
483,1282
2029,283
2029,2792
617,283
283,1045
1220,284
284,1514
1724,285
1724,1787
1724,2434
1724,2484
1724,2563
1749,286
1749,1360
1363,286
286,2366
429,287
429,2036
429,2165
429,2264
429,2415
1932,288
1932,571
1932,672
1932,937
1932,1406
1932,1471
1932,1777
1932,2013
1932,2023
1932,2252
1932,2316
1932,2618
1932,2691
288,1666
2194,289
2194,503
2194,565
2194,575
2194,727
2194,930
2194,1067
2194,1213
2194,1233
2194,1452
2194,1480
2194,2153
2194,2456
2194,2747
289,1188
581,290
2614,290
290,440
290,1003
290,1428
290,1463
290,1880
290,2522
790,291
2453,291
2453,454
2453,943
2453,1126
2453,1428
2453,2522
291,952
291,1087
291,1206
291,1689
1548,292
293,551
293,2294
293,2434
294,342
294,1020
2637,295
2637,873
461,295
461,873
1792,295
966,296
296,1619
297,611
297,1188
2159,299
2284,299
456,299
2277,299
1564,300
1564,2696
1976,300
1976,1731
387,301
1425,301
1425,2667
2360,301
2360,657
777,301
777,2195
2119,301
2119,383
1636,301
1636,2431
2712,301
1875,301
428,301
1086,301
2495,301
2817,301
2817,590
2817,1428
2817,2522
2817,2735
2757,302
2757,2306
1123,302
1123,505
1123,720
1123,1287
1123,1428
1123,2117
1123,2135
1123,2306
1123,2522
1123,2797
302,408
302,980
1503,303
303,417
1699,304
1699,1259
1699,2299
306,923
306,1912
1645,308
1645,596
1229,308
1229,614
1591,309
1591,1111
1591,1472
1591,1927
2234,309
2234,1111
2234,1655
2234,1927
2782,309
309,2397
1765,310
1765,1828
310,1436
2797,312
2797,1855
2797,2120
2797,2750
2306,312
2306,505
2306,720
2306,1108
2306,2135
312,756
628,313
628,940
628,1373
314,1683
314,1858
785,315
785,1063
785,2107
785,2287
785,2290
785,2561
1514,315
1514,1063
1514,2107
316,1604
316,1780
316,2416
316,2518
2735,317
2010,318
1293,319
319,819
301,320
301,320
301,320
1479,320
1479,499
1479,2029
1479,2774
2215,320
2215,807
2215,909
2215,2774
2383,320
2383,420
2383,1970
301,320
320,2774
321,891
321,1106
321,1275
321,1562
321,2161
321,2218
321,2432
322,1322
322,2217
323,856
324,1631
899,326
899,393
899,1253
899,1262
899,1412
899,1805
2130,326
2130,410
2130,1412
2130,1805
2504,326
2504,1241
2504,1412
2504,1855
2504,2120
2573,326
326,994
326,2357
327,589
327,987
327,1071
328,1393
328,2404
328,2416
328,2648
1914,330
1914,774
1480,330
1480,493
1480,519
1480,1914
330,1810
331,708
331,1494
331,2707
332,918
332,1947
332,2181
2681,333
2681,2806
2011,333
2011,2312
957,333
957,1109
2652,333
2652,1409
333,458
333,495
333,1505
333,1849
333,2308
333,2326
333,2378
924,334
924,541
2275,334
2275,1808
996,334
334,2007
2222,335
335,2338
335,2508
686,336
686,597
336,1607
338,1754
339,2749
1731,340
1731,1373
1731,2794
1436,341
1436,772
1004,341
1004,772
443,342
443,1020
343,681
343,1500
1015,344
1015,2199
682,344
344,2366
2480,345
2480,1356
2480,1855
2480,2120
2480,2477
2480,2798
1678,345
1678,915
1678,1356
1678,1549
1678,2250
1678,2798
1130,345
1130,1356
1130,1486
1130,2250
1130,2798
345,961
2366,346
2366,486
346,742
766,347
1190,347
347,2103
348,550
348,709
348,1303
487,349
349,1189
349,1268
1788,350
1788,350
510,351
510,2787
351,1390
1653,354
1653,1166
2340,354
354,1390
845,355
845,783
2047,355
355,1390
738,356
357,2315
357,2792
358,918
358,1947
1302,359
961,360
2798,360
1356,360
1031,362
1309,362
362,906
362,1175
362,1428
362,2324
362,2522
362,2574
365,531
365,1105
810,366
810,849
2412,366
2412,849
483,367
483,1428
367,763
367,1265
367,2284
367,2391
2582,368
2582,1624
2582,1686
1737,369
1737,2715
2399,369
2399,546
2399,549
2399,690
2399,1155
2399,1419
2399,1742
2399,2715
2399,2773
369,660
369,1602
370,622
370,2764
2086,372
2086,780
2086,1774
1822,372
810,373
810,474
2286,373
2286,474
2307,376
2307,1864
376,810
1788,377
1788,377
1137,378
1137,905
1137,2592
586,378
586,636
586,1428
586,2447
586,2522
894,378
894,636
894,1428
894,1685
894,2522
1560,378
1560,552
1560,2592
378,852
863,379
863,798
863,2301
379,2395
2296,380
2296,891
2296,908
2296,1275
2296,1448
2296,1562
2296,1888
2296,1907
2296,1955
2296,2161
2296,2216
2296,2432
1278,380
1278,891
1278,908
1278,1106
1278,1275
1278,1562
1278,2161
1278,2216
1278,2432
725,380
725,891
725,1106
725,1269
725,1562
725,2161
725,2216
725,2218
725,2432
1460,382
1460,1115
1460,2513
1460,2519
382,1043
382,2245
382,2697
931,384
931,541
931,1284
384,1156
385,458
385,673
385,868
386,748
397,387
483,389
483,1428
389,636
389,1813
389,2277
389,2775
390,501
390,708
390,1494
390,1566
390,2707
537,391
976,392
976,1480
976,1980
976,2184
976,2314
976,2426
976,2442
976,2747
976,2788
392,700
392,1017
392,1027
392,1516
2571,393
2571,1198
2571,1491
2200,393
2200,761
2200,776
2200,980
2200,1069
2200,1094
2200,1100
2200,1235
2200,1243
2200,1336
2200,1423
2200,1549
2200,1618
2200,1868
2200,1890
2200,2092
2200,2095
2200,2108
2200,2240
2200,2328
2200,2365
2200,2591
2200,2693
2455,393
2455,776
2455,980
2455,1094
2455,1100
2455,1336
2455,1423
2455,1549
2455,1868
2455,1890
2455,2009
2455,2092
2455,2240
2455,2328
2455,2693
2470,393
2470,848
2470,1264
2470,1765
2470,2017
2147,394
394,1910
1788,395
1788,395
2184,396
2184,1231
2184,2238
2184,2770
396,1907
398,2179
398,2731
1861,399
1861,858
1861,969
1861,1821
399,461
399,810
399,1436
399,1940
400,551
400,2378
1851,401
1851,2554
1390,401
1390,839
402,2199
402,2254
485,403
485,661
485,1352
485,1748
1966,405
1966,612
1966,625
1966,831
1966,944
1966,1598
1966,1929
1966,1953
1966,2155
1966,2731
1966,2779
1934,407
1934,1581
1934,1675
1934,1862
408,1825
408,2462
1757,409
1757,623
1757,1332
1757,1594
1895,409
1895,965
916,409
916,965
684,409
684,2642
2428,409
2428,2642
409,1827
607,410
607,899
886,410
886,899
410,1939
2715,411
2715,734
2715,2287
2715,2561
412,1398
413,2036
413,2264
413,2380
413,2415
413,2764
934,414
934,2727
414,2727
415,2300
416,1148
416,1602
416,1641
1794,417
1794,1045
1766,417
1766,1214
2396,419
2396,2470
1193,419
1193,2620
1605,419
1605,848
1605,1264
1605,2017
1628,419
1628,2620
2698,419
2698,2470
419,897
420,909
1174,421
1174,733
1174,1428
1174,1507
1174,2031
1174,2522
548,421
787,422
422,646
422,1066
423,700
423,1017
423,1027
423,1516
424,776
424,796
424,1024
424,1883
424,1988
424,2170
1790,425
1198,425
1491,425
2701,426
2701,650
2701,681
2701,904
2701,1053
2701,1210
2701,1218
2701,1401
2701,1687
2790,426
2790,612
2790,650
2790,681
2790,751
2790,904
2790,1053
2790,1210
2790,1218
2790,1240
2790,1598
2790,1687
2790,1953
2790,2153
2790,2731
2580,426
2580,944
2580,1218
2580,1401
2580,2564
1315,426
1315,681
1315,1218
1315,1401
1500,426
1500,650
1500,1053
1500,1218
1500,1595
426,2155
598,427
598,563
598,833
598,1530
598,2095
991,427
991,833
991,1530
991,1889
2214,427
2214,563
2214,833
2214,1530
427,2203
427,1772
2634,430
430,2366
1069,431
1069,2436
431,461
1833,433
1833,1548
1833,2650
576,434
545,434
545,1226
545,1908
1533,434
436,500
436,864
436,2176
438,1283
438,2123
439,1260
439,1601
439,1675
439,2382
2769,440
2769,1003
2522,440
441,564
793,442
793,730
793,1057
793,1511
793,2416
793,2602
1151,442
1151,730
1151,1057
1151,1511
1151,2416
1640,442
1640,730
1640,1057
1640,2416
907,442
907,1780
1414,442
515,443
515,794
515,2154
515,2426
444,1151
444,2602
1138,445
1138,2807
2275,445
2275,802
1045,445
445,996
447,2168
1565,448
1565,1236
1565,1421
1565,1428
1565,1693
1565,2522
1565,2664
1009,448
1009,1693
1428,448
1252,448
1252,480
1252,531
1252,583
1252,600
1252,707
1252,914
1252,923
1252,1003
1252,1126
1252,1283
1252,1358
1252,1470
1252,1502
1252,1507
1252,1597
1252,1632
1252,1673
1252,1700
1252,2006
1252,2082
1252,2089
1252,2090
1252,2117
1252,2259
1252,2324
1252,2329
1252,2339
1252,2610
1252,2653
1252,2760
1252,2766
2409,448
2409,480
2409,531
2409,583
2409,600
2409,707
2409,914
2409,923
2409,1003
2409,1126
2409,1283
2409,1358
2409,1470
2409,1502
2409,1507
2409,1597
2409,1632
2409,1673
2409,1700
2409,2006
2409,2082
2409,2089
2409,2090
2409,2117
2409,2259
2409,2324
2409,2329
2409,2339
2409,2610
2409,2653
2409,2760
2409,2766
450,1103
451,2275
935,452
935,1735
452,486
452,2111
453,918
453,1947
2522,454
2030,454
2030,1126
1429,455
1429,2110
2058,455
2058,1710
478,456
478,1938
478,2159
478,2277
1125,456
1125,1252
1125,1813
1125,2409
457,660
457,1699
457,1738
457,2288
2033,458
2033,495
2033,1505
2033,1849
2033,2261
2033,2308
2033,2326
2033,2378
1840,458
1840,495
1840,1505
1840,1603
1840,1849
1840,2308
1840,2326
1840,2378
1811,458
1811,1849
1811,2308
1811,2378
1544,459
542,459
542,1271
459,2366
2639,460
460,2807
2076,461
1589,461
805,461
2579,461
2686,461
1370,461
2557,461
2557,810
2557,1436
2557,1940
1215,461
1215,810
1215,1436
1215,1940
2068,461
2068,810
2068,1436
2068,1940
634,461
634,810
634,1436
634,1940
2402,461
2402,810
2402,1436
2402,1940
1352,461
1352,810
1352,1436
1352,1940
501,461
501,810
501,1436
501,1940
2732,461
2818,461
2818,810
2818,1436
2818,1940
2275,462
463,2297
1390,464
1390,1909
464,736
464,2759
2183,465
2183,1512
465,706
465,828
465,1829
466,2492
467,1401
467,2054
1709,468
1709,501
1709,922
1709,1005
1709,1566
1709,1748
2773,468
2773,1005
2773,1468
2773,1748
2773,2204
2773,2643
2773,2655
807,468
807,1229
807,1586
807,1669
1210,469
1210,613
1210,716
1210,882
1210,917
1210,1968
1210,2564
1210,2726
469,2735
2107,470
2107,572
2107,1351
2107,1538
2107,2369
2107,2616
979,470
979,572
979,604
979,1351
979,1538
979,1737
979,2369
979,2583
979,2616
1788,471
1788,471
1390,477
1390,2548
2542,478
2542,1884
2542,2284
479,2496
479,2735
2176,480
2176,1428
2176,2213
2176,2522
2613,480
2613,2213
1428,480
2522,482
1887,482
1887,1673
2320,483
1729,483
2678,483
2713,483
889,483
2327,483
1008,483
2005,483
1648,484
1648,1320
1648,1945
1648,1946
2356,486
2356,1201
2356,2145
2356,2486
488,1656
1298,489
1298,1607
489,1107
2735,490
1848,492
1933,492
1933,1414
1933,1557
1933,1604
1933,2549
1933,2599
1584,494
1584,2025
494,1940
2765,495
2765,2077
2765,2326
2683,495
2683,653
2683,1165
2683,2077
2683,2326
2683,2756
2366,496
2366,1564
1573,498
1573,763
1573,2656
499,1181
499,1748
499,2746
499,2792
970,500
970,864
970,2176
2514,500
2514,864
2514,2176
500,2207
500,2680
2819,502
503,1541
504,2481
504,2493
2049,505
2049,720
2049,2135
2049,2797
1356,505
505,2083
505,2017
506,1172
2709,507
2056,508
2632,508
750,508
1007,508
508,1324
1390,510
1390,2137
1426,511
511,1626
511,1868
511,2092
511,2328
511,2693
2125,512
2125,2597
512,2628
1142,513
513,2072
514,2301
2464,516
2464,552
763,516
1606,516
1606,552
1606,586
1813,516
893,516
893,636
893,2159
893,2775
1323,517
1839,517
1839,2134
2744,517
2744,2403
518,1482
519,1914
519,2061
520,2287
520,2290
520,2561
2386,521
2386,2501
2746,522
522,2792
1279,524
1279,2590
810,524
810,2590
525,951
526,918
526,1855
527,1390
527,2366
528,2199
529,918
529,1855
1436,530
1436,2160
920,530
2016,530
2016,2160
1630,531
1630,1105
1630,1428
1630,2522
1428,531
48,532
48,2522
532,852
532,905
532,2359
2666,533
2666,680
2666,703
2666,959
2666,1116
2666,1140
2666,1238
2666,1770
2666,1775
2666,1837
2666,2042
2666,2388
535,1096
535,1586
536,1048
536,2669
1386,537
902,539
540,2454
540,2661
2692,541
2692,1948
1156,541
2366,542
2366,2222
672,543
672,1298
2608,544
2608,2332
547,896
547,2042
1185,549
1070,549
1070,561
1070,1155
1070,1742
1070,2473
549,922
549,1154
549,2350
2516,551
2516,1061
2516,2294
2516,2434
2516,2563
2500,551
2500,784
2500,1684
2500,2443
905,552
2656,552
2311,553
553,2336
554,918
554,1308
554,1855
555,2454
556,1884
1436,557
1436,2575
742,557
742,2575
1982,559
1982,712
1982,1428
1982,1502
1982,2004
1982,2522
1435,559
559,925
559,1133
559,1918
559,2448
560,858
1419,561
1419,1185
1419,1224
1419,1368
1419,1434
883,561
883,1434
2738,561
2738,1434
562,1011
562,1230
562,1630
563,1889
563,2080
1371,564
564,2700
565,611
566,661
566,767
566,871
566,1352
566,1951
826,568
826,1053
826,1210
826,1240
826,1687
826,2191
568,681
633,569
633,902
633,1072
633,2104
633,2281
569,2668
570,765
762,572
762,604
762,1737
762,2583
1668,572
1668,1351
1668,1538
1668,2616
1455,573
573,702
824,574
2768,575
2768,983
2281,575
575,1452
1650,577
1650,2131
1650,2430
1650,2745
1471,577
1471,667
1471,1773
577,1607
1681,578
1681,1800
1681,1911
1681,2026
578,898
2424,579
2424,1336
579,2632
2136,581
2136,1624
2136,1686
2136,2073
582,1699
582,2288
1208,583
1208,1459
2803,583
2803,903
2803,1428
2803,1459
2803,2163
2803,2522
1428,583
2275,588
1706,589
1706,987
1706,1071
589,2635
591,1159
591,2654
1028,592
1028,1552
2544,592
592,2366
2169,594
2169,1843
2365,595
2365,2686
597,1691
2562,598
1428,600
48,602
48,1389
603,783
2490,604
2490,1131
2490,1152
2490,2330
2490,2558
2490,2583
2674,604
2674,1123
2674,1131
2674,2583
2528,604
2528,1131
2528,1174
2528,1484
2528,2557
2528,2583
1030,605
1092,605
1092,1724
2763,605
2763,887
1788,606
1788,606
740,607
897,610
610,1827
1218,612
1218,831
1218,1598
1218,1929
1218,1953
1218,2731
1218,2779
1418,612
1418,1261
1418,1519
1418,2054
2796,612
613,2735
616,1844
909,617
909,1586
483,617
483,643
1227,617
662,618
662,766
662,2241
662,2679
2675,618
618,2536
618,1809
688,619
688,2735
620,743
621,809
621,2807
1171,622
2750,622
2587,622
2642,623
2642,1235
2642,1332
2642,1594
623,1991
623,2418
624,945
2127,625
2127,917
2127,2054
2127,2109
626,749
626,792
626,1197
626,1247
626,1344
626,1796
626,1991
626,2080
627,1740
946,628
946,1271
629,1468
629,2204
629,2643
630,878
630,1145
630,1256
1680,631
1680,1992
1456,635
1456,673
1456,1016
1456,1143
1456,1192
1456,1324
1456,1728
636,2409
637,1516
461,638
461,1179
1026,638
1026,1179
1515,638
640,2481
640,2493
2073,641
641,1599
2318,642
642,1977
642,2430
643,2093
643,2625
643,2771
2735,644
645,1900
461,646
461,1066
647,739
648,1132
649,1953
649,2041
650,2155
651,2044
652,938
652,1228
2420,653
2420,734
2420,2756
801,653
801,2756
1815,653
1815,2756
744,654
744,735
654,696
654,776
654,1078
654,2106
654,2608
2206,655
2206,713
2206,2227
2206,2780
1588,655
655,1920
655,685
2505,658
2505,2060
2258,658
658,2366
660,1148
1282,662
1282,1722
1282,2425
664,1043
665,901
665,1272
665,1582
665,1855
665,2120
665,2357
2205,666
2040,666
667,1041
668,831
668,2229
670,1431
671,1735
2476,673
2476,1143
675,1077
675,2671
818,677
818,1203
818,1916
924,677
677,1730
677,2007
677,857
678,1814
679,1436
680,1140
680,2589
830,684
1556,685
1556,1047
1556,1094
1556,1633
1556,2276
791,685
791,1047
791,1633
791,2118
685,1488
685,2026
1016,686
2323,689
689,2466
1738,690
1738,1962
1738,2773
2784,690
2784,1962
2784,2773
1951,693
1951,1428
1951,1470
1951,2522
771,693
771,1470
2522,693
694,741
694,752
2741,695
2741,2303
1044,695
1044,860
847,696
847,735
847,1078
847,2106
2027,696
2027,1078
2027,1855
2027,2120
2027,2147
696,1910
696,1956
906,697
906,1768
906,1772
906,2660
833,697
697,2344
697,1588
2100,698
698,2565
698,2722
699,700
1810,700
1074,700
1023,702
1770,703
1770,2589
704,989
704,1115
704,1147
704,2519
1669,705
705,1586
765,707
765,1428
765,1814
765,2167
765,2522
765,2539
1610,707
1610,2539
1428,707
709,1261
709,1519
2367,711
952,711
711,2010
2522,712
1079,712
1079,1502
713,1920
713,1633
2414,714
714,1390
716,2735
717,2206
2441,719
2441,1097
2441,2720
719,1073
1454,720
720,897
722,1234
722,2639
722,2807
2440,723
2440,1094
2440,1190
2440,1313
2440,1328
2440,1762
2440,2675
977,724
977,1054
1202,724
1202,896
726,922
726,1154
726,2350
726,2784
1084,728
2012,728
2012,1997
2137,729
729,844
729,2413
2549,730
2319,730
1393,730
1393,1396
1940,731
1940,789
1936,731
1936,789
1187,733
1187,1507
2522,733
735,2265
1664,736
736,1666
590,737
737,1929
1188,738
1188,1302
1188,1378
1188,1871
1188,2790
2553,739
2553,1735
739,2366
2710,744
2710,1146
2710,1215
2710,1637
2710,1677
2710,2202
2272,744
2272,1677
2272,2202
745,1076
1788,747
1788,747
748,1415
748,1547
1655,749
1655,1472
2122,749
2122,1108
2122,1986
2122,2556
825,750
825,1336
1977,751
2517,752
2517,1242
752,1255
753,1103
2142,754
2142,984
2142,1261
2142,1682
2142,1767
1526,756
1526,2750
756,2083
1235,757
1235,1370
2264,758
1466,758
1466,855
1466,890
1466,2036
1466,2319
759,843
759,992
760,1925
1741,763
1741,1265
1741,1938
1741,2391
1554,765
1760,765
1760,1686
1760,2255
767,766
767,1559
767,2280
2355,766
2355,1559
2355,2280
2381,767
2381,871
2381,1951
1834,767
1834,871
1834,1951
2009,768
2009,1908
2009,2632
1046,769
1046,1109
2220,769
769,1056
770,1279
2646,772
774,1017
2735,775
778,1324
779,1565
780,969
2163,781
2163,954
2163,1223
2163,1618
2163,2446
2093,781
2093,954
2093,1223
2093,2446
860,782
782,1628
782,2396
782,2497
2714,784
2714,2426
2714,2443
947,784
947,1240
947,1269
947,1437
947,1471
947,1777
947,2184
947,2296
947,2314
947,2390
947,2442
947,2443
947,2747
1715,786
1715,2578
786,810
2366,787
2366,1795
2295,789
1510,792
1510,867
1510,949
1510,2182
796,941
796,1405
796,1440
796,1510
796,1644
796,1711
796,1917
796,2122
796,2525
796,2547
1441,797
797,904
797,1210
798,1103
799,1524
941,800
941,1197
941,1577
941,2593
1805,800
1805,1241
2249,800
2249,1417
2249,2182
2249,2433
2249,2507
2249,2547
2249,2556
800,1947
800,2120
1243,805
1243,2662
2180,806
2180,868
2177,806
2177,1596
806,1390
1325,808
1325,1032
1390,808
1390,1697
2345,810
821,810
1048,810
2671,810
1683,810
2196,810
811,1537
811,2192
1442,812
812,2481
812,2493
2502,813
1641,813
1641,1619
1641,2538
813,883
2742,814
2742,956
814,1464
2465,816
2465,2055
461,817
461,1623
1399,819
1399,1713
1399,2237
820,1414
820,1557
820,1604
820,2549
820,2599
950,821
950,1237
2649,822
2649,1040
2649,1169
2649,1576
2649,1682
2649,1690
2649,1767
2649,2228
2649,2735
2492,823
2426,826
2426,1932
2438,827
827,1308
1462,831
1857,832
832,2366
1546,833
833,2203
2357,834
901,834
834,2594
1892,835
1892,919
1892,2663
2112,836
2361,836
2361,1845
836,2366
1928,837
1928,901
1928,1582
1928,2357
1925,837
1925,901
1925,1582
1925,1890
1925,2018
1925,2126
1925,2357
837,1272
837,2507
2812,838
2812,850
2812,1849
839,1361
1311,840
1311,1643
1463,840
1463,1643
1463,1890
1463,2010
1463,2703
1880,840
1880,1343
1880,1643
1880,2010
1985,840
1985,1643
1985,2010
1985,2703
1198,840
840,1257
840,1555
2703,841
2703,1343
1972,842
1972,1365
1972,2087
1665,843
1940,844
1940,2413
1390,845
1390,2709
848,1577
848,2460
2636,851
851,1327
2285,852
2285,1428
2285,1756
2285,2409
2285,2522
853,2515
854,929
856,1617
856,1879
856,1996
856,2233
856,2475
1954,857
1954,1916
1954,2091
857,1389
857,2078
857,1654
1364,859
859,1390
910,861
2458,861
878,861
878,2506
864,2081
864,2207
865,1183
865,1789
865,1981
1157,867
1157,2311
867,1947
867,2120
869,953
869,2331
2081,870
2081,1113
2081,2274
2081,2591
2680,870
2680,2189
2680,2274
1918,870
870,1806
870,2446
921,872
872,1486
872,2480
874,918
874,1947
1931,875
1931,1346
2052,875
2052,1346
875,1365
1390,876
1390,1501
876,1000
876,1754
1367,877
1367,1336
877,2632
2174,878
2174,1145
2174,1256
1221,878
1221,1145
1221,1256
1788,879
1788,879
880,1277
880,2297
881,945
882,2045
882,2598
2624,883
2491,883
2491,2466
884,1066
885,1552
2230,886
2230,1382
2230,2730
2611,886
2611,1382
2611,2730
1550,887
887,2366
890,2056
892,1119
48,893
48,1428
895,1953
896,976
896,2645
1047,898
898,952
900,2167
1412,901
901,2210
2185,903
2687,905
2687,1813
2687,2285
1651,906
2218,908
1231,908
1269,908
1269,1275
909,2029
911,2355
912,1076
912,2038
912,2586
590,913
1428,914
915,1692
915,1896
2509,916
2509,1786
2509,2428
2337,916
2337,1786
2337,2428
2753,916
2753,1786
2753,2428
917,2735
2181,918
2181,1947
1745,918
1745,1947
1583,918
1583,1947
1701,918
1701,1947
1580,918
1580,1947
2291,918
2291,1947
1403,918
1403,1947
2419,918
2419,1947
1921,918
1921,1947
2349,918
2349,1947
1308,918
1308,1855
1064,918
1064,1855
1753,918
1753,1855
2079,918
2079,1855
1959,918
1959,1855
1182,918
1182,1855
1536,918
1536,1855
2015,918
2015,1855
2115,918
2115,1855
2478,918
2478,1855
2173,918
2173,1855
2406,918
2406,1855
2786,918
2786,1855
2270,918
2270,1855
2820,918
2821,918
919,1012
919,2312
922,1205
922,2649
922,2654
1786,923
1786,1428
1786,1912
1786,2522
1428,923
2004,925
2004,1133
2004,1918
2004,2365
2004,2467
1827,925
925,2292
1585,926
1585,2621
926,1360
2577,928
2577,2369
2022,930
1941,932
933,1884
1994,934
1994,1240
1761,941
1761,1440
1761,1510
1761,1644
1761,1711
1761,1769
1761,1917
1761,2122
1761,2433
1761,2525
981,941
981,1097
981,1417
981,1440
981,1510
981,1644
981,1711
981,1917
981,2122
981,2525
2099,942
2099,1161
2099,1350
2099,1428
2099,2522
2099,2610
978,942
1751,944
2437,945
945,1033
945,1428
945,1490
945,1597
945,2206
945,2522
948,1414
948,1557
948,1604
948,2549
948,2599
948,2628
2276,949
2276,2118
1424,951
1424,2305
1795,951
1795,1736
1854,953
1854,1522
1854,2331
2292,954
954,1545
2305,955
2305,1781
2305,2236
1943,956
1943,2622
2677,956
958,1901
2055,960
2055,2721
1784,960
1183,961
1183,2477
962,1023
962,1714
965,1332
965,1594
965,2418
810,967
810,1379
974,967
974,1379
48,968
48,2007
1527,970
1527,2454
971,1433
1025,972
2785,972
2785,1666
2785,1892
1024,973
1883,973
973,2597
975,1130
975,1789
975,1981
975,2246
975,2284
1620,980
1620,1101
1620,1809
1620,1958
1620,2048
1620,2103
1620,2573
1438,984
1438,2646
2706,984
985,1164
1764,988
1764,2077
2585,991
2198,992
992,2366
993,1599
1412,994
48,996
48,2000
2492,997
2538,998
2538,2107
2538,2372
1973,998
1973,1148
1973,1602
1973,1641
1973,2107
1973,2372
2494,1000
1897,1000
1897,1286
1001,1067
2735,1002
1428,1003
2809,1004
1006,1487
1674,1007
1674,1336
2672,1010
2672,1190
2672,1313
2672,1855
2672,2120
2672,2675
1010,2124
1376,1011
1376,1230
1376,1630
1341,1012
1012,2220
1013,2731
1014,1436
2325,1017
2783,1017
1021,1826
1642,1024
1642,1405
1642,1855
1642,1883
1642,2120
1024,1313
2366,1028
2366,1609
1029,2275
1032,1339
1032,2220
2335,1033
2335,1597
2522,1033
2822,1034
1035,1193
1617,1037
1040,1038
1040,2735
2096,1038
1816,1041
1816,1614
1042,1532
1789,1043
2513,1043
2275,1045
2275,2633
1327,1047
1049,2275
1053,1418
1053,1886
1053,2109
1055,1400
1055,2259
1787,1056
2800,1057
2800,1393
2800,2477
2518,1057
1557,1057
1557,2518
2418,1062
1332,1062
1594,1062
1065,1452
1065,1541
1065,2456
1906,1067
1906,1684
1068,2044
1068,2402
1068,2758
1068,2810
2631,1071
1072,2375
1073,2242
2788,1074
2788,1114
2788,2325
2788,2439
1075,1351
1455,1078
1078,1910
1078,2551
1080,1414
1080,1557
1080,1604
1080,1963
1080,2549
1080,2599
1081,2001
1082,2175
1083,1166
2789,1085
2026,1087
1087,1457
1087,1491
1091,2051
1091,2221
1093,1936
2031,1094
2031,1157
2031,1956
2031,1964
2031,2551
2031,2572
1172,1097
1172,1855
1172,2120
1172,2441
1172,2535
1097,1151
590,1098
1996,1099
2595,1100
2595,1246
2595,1718
2595,2210
2595,2498
2781,1102
2781,1139
1104,1837
1104,2042
2522,1105
1106,1907
1108,1947
1108,2120
1109,1390
1109,2366
1110,2437
1110,2454
1110,2661
1111,2397
1111,1546
1113,1247
1113,2189
1114,1980
301,1115
301,1115
2388,1116
2388,2589
1116,1770
1116,2589
1865,1117
1117,1848
1117,2124
810,1120
810,2751
2422,1122
2422,2132
1496,1123
1270,1123
2064,1124
2064,1248
2064,1981
2064,2159
483,1125
483,1428
1428,1126
1319,1127
1319,2068
1319,2512
1319,2749
2282,1127
1390,1129
1390,1392
1129,1863
1131,1668
2515,1132
2515,1358
2515,1428
2515,1444
2515,2212
2515,2522
1594,1133
1133,2313
1133,2274
48,1137
48,2522
1794,1138
1140,2388
1140,2589
1141,1824
1935,1143
1935,1192
1935,1728
2520,1143
2520,1829
1694,1144
1694,2194
1694,2451
1694,2737
1398,1145
1398,1256
2513,1147
1147,1498
1788,1150
1788,1150
2720,1151
2720,1868
2720,2092
2720,2328
2720,2693
2065,1151
2371,1152
2371,2330
2371,2558
2395,1152
2395,2330
2395,2558
1152,1486
1152,1678
1153,1987
1153,2297
1224,1155
1224,2473
1326,1157
1326,1956
1326,2551
1326,2572
1158,2502
1159,1638
1902,1161
1872,1162
1872,2635
1162,1483
1162,2138
1163,2196
1163,2601
2405,1165
2405,2715
1167,1492
2735,1168
1169,2694
1169,2735
2187,1170
2290,1170
2290,1514
2290,2624
1170,2107
1170,2629
1464,1174
2244,1174
1345,1175
1758,1176
1176,1843
1178,2531
1180,1740
1186,1499
1186,1512
2771,1190
2771,1313
2771,1328
2771,2675
2242,1190
1191,1410
1191,2571
1194,2060
1599,1195
1599,1428
1599,1831
1599,2021
1599,2089
1599,2522
2309,1196
2309,1783
1627,1197
1627,1485
1359,1198
1359,1410
1359,1491
1206,1198
2492,1200
1390,1201
1390,1859
2134,1201
2134,1999
1911,1206
1206,1457
2221,1211
1957,1211
2193,1212
2193,2039
2193,2268
1524,1212
1524,1829
1540,1212
1540,2745
1213,1900
1216,2346
2317,1217
2317,2427
1219,1399
1219,1654
1219,2570
2274,1223
1267,1225
2492,1227
2492,1971
1228,1940
1230,2530
1230,2595
1232,2803
2233,1233
1983,1236
1983,2664
2351,1242
1246,1531
1246,2695
1248,2306
1249,2492
1297,1250
2775,1252
1265,1252
1756,1252
1756,2359
2625,1255
1643,1257
1343,1257
2224,1258
2224,1360
1862,1260
2283,1260
2283,1767
2283,1978
2283,2262
1260,1682
2062,1261
2062,1467
2062,1519
2109,1261
2109,1519
2373,1261
2373,1519
1521,1263
1521,2168
2620,1264
2620,1855
2620,2017
2620,2120
2620,2460
2135,1264
1264,1676
1264,2040
2219,1265
2219,2067
2723,1265
2723,2067
2091,1266
2091,2078
2091,2251
1266,2166
2366,1267
2366,2334
1779,1268
2555,1268
2484,1271
1272,2594
2711,1273
2238,1275
1276,1334
1280,2190
1281,1752
1428,1283
1284,1383
2543,1285
1453,1285
1453,1997
1453,2543
1453,2728
2522,1287
1575,1287
1575,2117
1493,1288
1493,2098
2605,1289
2366,1292
2366,2503
1292,2576
2366,1294
2366,2505
1294,1646
1295,2116
2521,1296
2521,2301
1296,1565
1312,1299
1312,1832
1299,1832
2106,1300
2106,2147
1300,1947
1300,2120
1301,1877
1375,1305
1375,1782
1539,1305
1539,1782
1305,2299
1788,1306
1788,1306
1310,2754
2358,1312
1313,2485
1313,2679
1314,1789
1314,1981
1316,1487
1316,2168
1317,1585
1317,1663
1318,2517
1320,2456
2370,1323
2648,1324
2780,1327
1329,2275
1330,1940
2040,1332
1332,1918
1334,2776
1337,1475
1339,1390
1339,2366
1340,2413
1818,1341
1818,1409
2156,1341
2525,1344
2525,1430
2525,2524
2525,2607
1346,1867
1348,2453
2529,1350
2529,2610
2522,1350
2401,1353
1956,1356
1611,1357
1611,2735
2223,1357
1428,1358
1791,1358
1791,2212
1474,1359
1474,1605
1474,2277
1362,1398
1366,2031
1368,1742
1368,2473
2705,1369
2705,2657
1369,1940
2288,1375
2288,1539
1377,1695
1378,2172
1696,1381
1381,2481
1381,2493
1382,1428
1382,1990
1382,2522
1382,2653
1384,1391
1384,2339
2007,1389
2077,1390
2077,2366
2459,1390
2759,1390
2190,1390
1754,1390
2444,1390
2300,1390
1877,1390
2808,1390
2403,1390
2617,1390
2312,1390
2312,2366
1409,1390
1409,2366
2806,1390
2806,2366
1603,1390
1603,2366
2261,1390
2261,2366
2823,1390
2823,2366
2824,1390
2824,2366
2522,1391
1392,2085
1392,2808
2471,1395
2471,1666
1396,2477
1396,2750
2059,1397
1535,1398
2408,1398
2522,1400
2497,1400
2497,1428
2497,2259
2497,2522
1401,2155
2825,1402
1405,2597
1408,1659
1410,1790
1410,2367
1410,2593
1411,2464
1809,1412
810,1413
810,2384
810,1415
810,1547
2108,1416
2108,1589
1417,1947
1417,2120
1513,1421
1513,2664
2535,1426
1426,1883
2699,1427
2699,2673
2676,1428
2676,1563
2676,1848
2676,2329
2676,2440
2676,2522
2676,2672
1494,1428
1494,1439
1494,1632
1494,2522
483,1428
483,1741
1430,2250
1432,2034
1432,2760
1825,1436
1896,1436
2332,1436
2695,1436
2673,1436
1647,1439
1647,1632
2522,1439
1440,1714
1440,1796
1440,2201
1440,2433
1443,2056
2101,1444
2001,1445
2374,1446
1450,1499
1900,1452
2226,1452
1482,1453
1486,1454
2572,1454
1718,1455
1689,1457
2152,1458
2152,1700
2522,1458
2522,1459
1461,2157
1876,1463
1465,1884
2333,1468
2333,2204
2333,2643
2333,2655
1613,1468
1613,2643
1428,1470
1472,2397
2275,1473
2532,1475
2407,1475
2596,1477
1477,1638
1477,2619
1478,2637
1481,2515
2237,1484
1485,2140
1824,1486
1824,1678
2558,1486
2558,2480
1487,2366
1633,1488
2118,1488
1489,1982
2398,1490
1491,1643
1492,2081
1492,2207
1495,1880
2659,1496
1639,1498
1981,1498
1499,2366
1428,1502
1612,1505
1428,1507
1509,1628
1509,2396
1509,2497
1944,1512
2685,1516
1980,1516
1517,2704
1518,1995
2727,1519
1520,1780
1520,2319
1520,2518
1523,1992
1523,2334
2644,1526
2644,1981
2531,1530
1530,2636
1915,1534
1534,2787
1542,1592
2664,1545
1545,1927
1546,2140
1942,1552
1942,2263
1621,1556
2541,1559
2541,1608
1559,1963
48,1560
48,2522
1570,1562
1570,1907
1570,2161
1570,2218
1570,2432
2279,1563
2279,2329
2522,1563
1788,1567
1788,1567
1571,2440
1576,1841
1576,2735
1577,1947
1577,2120
1601,1581
1939,1582
1582,2511
1587,2479
1588,1746
1590,1624
1590,1686
1846,1591
1428,1597
2527,1598
2526,1598
2474,1599
2343,1600
1600,1686
2151,1601
1604,2319
2536,1608
2326,1612
2326,1811
1619,2107
1619,2629
1998,1620
1643,1622
2266,1623
2393,1624
2393,1686
2393,2073
1769,1626
2626,1628
2626,2396
2626,2497
1428,1632
1633,1911
2457,1635
1838,1635
1838,2457
2251,1637
1436,1638
1436,2619
1646,1720
1646,1930
2688,1649
2475,1652
1390,1653
1390,2075
1654,2513
2275,1657
1660,2515
2743,1663
2691,1666
48,1671
48,2522
1672,1929
1672,2417
1428,1673
1675,1767
2017,1676
2460,1676
1859,1679
1702,1681
1685,2592
1685,2775
1908,1686
1690,2545
1690,2735
2522,1693
2802,1694
2802,1740
1984,1694
1984,1740
1697,2286
1781,1698
1428,1700
1703,1819
1703,2098
1707,1848
1707,2672
2209,1710
1710,2366
1712,2146
1714,1947
1714,2120
2566,1717
2347,1718
2347,2210
2347,2498
2347,2530
2357,1718
1718,2555
461,1720
461,1930
2256,1721
2256,2766
2522,1721
2728,1723
2363,1730
1736,2366
1739,2163
1743,2700
1744,1776
1747,2324
1747,2574
1750,2024
1750,2337
590,1751
2782,1752
1881,1759
1759,1873
1759,2150
1763,1937
1763,2331
1768,2636
1771,2114
1771,2739
1772,2344
1773,2540
1774,1822
2498,1779
2498,1830
1782,2537
1783,1940
918,1788
918,1788
918,1788
918,1788
918,1788
918,1788
918,1788
918,1788
918,1788
918,1788
918,1788
918,1788
918,1788
918,1788
918,1788
918,1788
918,1788
918,1788
918,1788
918,1788
918,1788
918,1788
918,1788
918,1788
918,1788
918,1788
918,1788
918,1788
918,1788
918,1788
918,1788
918,1788
918,1788
918,1788
918,1788
918,1788
1855,1788
1855,1788
1855,1788
1855,1788
1855,1788
1855,1788
1855,1788
1855,1788
1855,1788
1855,1788
1855,1788
1855,1788
1855,1788
1855,1788
1855,1788
1855,1788
1855,1788
1855,1788
1855,1788
1855,1788
1855,1788
1855,1788
1855,1788
1855,1788
1855,1788
1855,1788
1855,1788
1855,1788
1855,1788
1855,1788
1855,1788
1855,1788
1855,1788
1855,1788
1855,1788
1855,1788
1947,1788
1947,1788
1947,1788
1947,1788
1947,1788
1947,1788
1947,1788
1947,1788
1947,1788
1947,1788
1947,1788
1947,1788
1947,1788
1947,1788
1947,1788
1947,1788
1947,1788
1947,1788
1947,1788
1947,1788
1947,1788
1947,1788
1947,1788
1947,1788
1947,1788
1947,1788
1947,1788
1947,1788
1947,1788
1947,1788
1947,1788
1947,1788
1947,1788
1947,1788
1947,1788
1947,1788
2120,1788
2120,1788
2120,1788
2120,1788
2120,1788
2120,1788
2120,1788
2120,1788
2120,1788
2120,1788
2120,1788
2120,1788
2120,1788
2120,1788
2120,1788
2120,1788
2120,1788
2120,1788
2120,1788
2120,1788
2120,1788
2120,1788
2120,1788
2120,1788
2120,1788
2120,1788
2120,1788
2120,1788
2120,1788
2120,1788
2120,1788
2120,1788
2120,1788
2120,1788
2120,1788
2120,1788
2826,1788
2586,1788
2586,1855
2586,1947
2586,2120
2724,1793
2029,1794
2467,1796
2467,2448
1798,2444
1800,2362
1801,1838
1788,1803
1788,1803
2189,1806
2274,1806
2121,1809
2121,2048
2121,2103
2121,2573
1809,2351
1812,2492
1819,1982
483,1823
1830,1947
1830,2120
2071,1831
1835,1882
1835,2094
1835,2494
2545,1841
1841,2096
2717,1843
2717,2617
1844,2366
2211,1845
1850,2138
1850,2635
461,1866
461,1901
1940,1873
1940,2150
2421,1873
1879,2559
1883,2675
1886,2735
1889,2203
1891,2099
1893,2616
1894,2275
2377,1895
1898,2492
1899,1940
2770,1900
2510,1900
2510,1915
2510,2430
1788,1903
1788,1903
590,1904
1905,2310
1909,2231
1911,2362
2522,1912
1916,2570
1918,2313
1788,1919
1788,1919
2227,1920
1922,2516
1922,2745
1923,2540
1923,2603
1927,2531
2103,1939
2427,1940
2501,1940
2192,1940
2250,1947
2250,2120
2507,1947
2507,2120
2556,1947
2556,2120
2524,1947
2524,2120
2182,1947
2182,2120
2547,1947
2547,2120
2433,1947
2433,2120
1950,2338
2376,1952
2376,2078
1956,2336
1967,1987
1968,2735
1969,2099
2804,1974
1978,2151
1979,2676
2061,1980
2014,1982
1987,2366
2584,1990
2584,2653
2522,1990
2366,1992
2366,2789
1999,2085
2063,2002
2002,2181
2690,2006
2690,2665
1428,2006
2522,2021
2143,2021
2143,2089
2499,2024
2026,2362
2032,2658
2522,2034
2035,2453
2043,2278
2533,2044
2050,2145
2050,2567
2380,2056
2165,2056
2057,2700
2129,2060
2129,2197
2067,2359
2075,2232
2095,2076
2095,2257
2166,2078
1428,2082
2135,2083
2084,2758
1428,2089
1428,2090
2228,2096
2228,2735
2097,2235
2097,2310
2400,2098
2303,2099
2366,2100
2366,2486
2116,2538
1428,2117
2522,2123
2485,2124
2801,2125
2798,2135
2158,2138
2158,2635
2366,2145
2366,2809
2795,2155
2487,2155
2704,2156
2162,2754
2827,2164
2828,2164
2828,2164
1788,2171
1788,2171
2175,2207
2175,2680
2647,2187
1788,2188
1788,2188
2207,2292
1788,2208
1788,2208
2210,2555
2522,2212
2522,2213
2496,2223
2439,2226
1788,2239
1788,2239
2245,2764
2275,2248
2253,2453
2254,2368
2254,2486
1428,2259
2435,2265
2265,2572
2267,2698
1390,2271
1390,2552
2661,2272
2322,2275
2811,2275
1788,2289
1788,2289
2293,2459
2548,2310
2548,2444
2448,2313
2415,2319
2415,2549
1428,2324
1428,2329
2551,2336
461,2338
461,2508
1428,2339
2660,2344
2573,2351
2592,2359
2364,2452
2696,2366
2606,2370
2606,2787
2391,2409
2423,2410
2552,2412
2599,2416
2540,2430
2511,2435
1788,2445
1788,2445
2446,2782
2447,2592
2447,2775
1788,2450
1788,2450
2452,2624
2735,2463
1788,2469
1788,2469
2477,2764
2591,2483
2591,2579
2675,2485
2530,2511
48,2522
48,2734
2534,2541
2535,2720
2679,2536
2522,2539
2694,2545
1788,2546
1788,2546
2551,2798
2564,2735
1436,2565
1436,2722
1788,2568
1788,2568
2679,2573
2522,2574
2366,2596
2366,2763
2604,2759
1788,2609
1788,2609
1428,2610
2622,2803
1390,2638
1390,2724
2829,2640
1428,2653
2522,2665
1788,2670
1788,2670
2830,2682
2752,2696
2708,2779
2726,2735
1428,2760
1428,2766
1788,2772
1788,2772
301,2774
301,2774
301,2774
301,2774
2793,2808
