;1;2;3
;1;4
;1;5
;1;6
;1;7
;1;8
;1;9
;1;2;10;11
;1;2;10;12
;13;14;15
;1;16
;1;17
;13;18;19
;1;20
;1;21
;1;22
;23;24;25
;1;2;26
;1;27
;1;28
;1;29
;1;30
;1;31
;13;32;33
;1;34
;1;35
;1;36
;1;37
;13;38;39
;1;40
;1;41
;1;42
;1;43
;13;18;44
;1;45
;1;2;46
;13;32;47
;1;48
;1;2;49;50;51
;23;24;52
;1;53
;54;55;56
;1;2;49;57;58
;1;59
;13;14;60
;1;61
;54;55;62
;23;63;64;65;66;67;68;69
;1;70;71;65;72
;1;73
;54;55;74;75
;1;76
;1;77;78;65;79;80;81;82
;1;83
;1;84
;1;85
;1;86
;1;87
;1;88
;89;90
;1;91
;1;92
;1;93
;1;77;78;65;79;80;81;94
;1;95
;1;2;96
;13;14;97
;1;98
;1;99
;1;100
;13;38;19
;1;101
;54;55;102
;1;2;103;104
;1;105
;1;106
;13;32;107
;1;108
;1;109
;1;110
;1;111
;1;112
;13;113;114
;54;55;115
;1;116
;1;2;117
;1;118
;23;63;64;65;66;67;119
;120;121
;1;122
;1;123
;1;2;103;124
;1;125
;1;126
;1;127
;1;128
;1;2;49;57;129
;13;130;131
;1;132
;1;133
;1;2;49;57;134
;1;135
;23;24;136
;1;137
;23;138
;1;2;139
;1;2;103;140
;1;141
;1;2;103;142
;13;38;143
;1;144
;1;145
;1;146
;1;2;49;57;147
;1;148
;1;2;103;149
;1;2;49;50;150
;1;151
;13;32;152
;13;18;153
;1;154
;13;14;155
;1;156
;1;157
;1;2;103;158
;54;55;74;159
;1;160
;54;55;161
;1;2;49;57;162
;1;163
;1;164
;1;165
;89;166
;13;167;168
;1;2;10;169
;1;170
;1;171
;1;172
;1;77;78;65;79;173;81;174
;54;55;175
;1;176
;1;177
;1;178
;23;63;64;65;66;179;180
;1;181
;1;182
;23;24;183
;13;167;102
;1;184
;1;185
;1;186
;1;187
;13;38;188
;1;189
;1;190
;13;14;191;192
;23;193
;1;2;103;194
;1;195
;13;196;197
;1;198
;1;199
;1;200
;1;2;201
;1;202
;89;203;204
;1;2;103;205
;1;206
;54;55;207
;1;208
;1;209
;1;2;210;211
;1;2;49;50;212
;1;2;49;50;213
;13;14;214
;1;215
;1;216
;1;217
;1;218
;54;55;219
;13;32;220
;1;221
;23;24;222
;1;2;210;223
;1;2;49;57;224
;1;225
;1;226
;1;2;49;50;227
;1;228
;54;55;229;230
;1;2;49;57;231
;1;232
;1;2;233
;1;234
;1;2;103;235
;23;63;64;65;66;236;237
;1;238
;1;239
;54;55;240
;1;241
;54;55;74;242
;1;77;78;65;79;80;81;243
;13;244;245
;1;246
;23;24;247
;54;55;248
;1;249
;1;250
;23;24;251
;1;252
;23;253
;1;254
;1;255
;23;24;256
;54;55;257
;1;258
;1;2;259
;1;2;10;260
;13;244;261
;1;2;103;262
;1;263
;1;264
;1;265
;1;266
;1;267
;1;268
;1;269
;1;2;270
;1;271
;1;2;49;50;272
;54;55;74;273
;54;55;274
;1;2;103;275
;1;276
;1;277
;54;55;74;278
;1;279
;13;244;280
;1;281
;1;2;103;282
;1;283
;13;38;284
;1;285
;1;286
;1;287
;1;288
;23;63;64;65;66;179;289
;1;2;290
;1;291
;1;77;78;65;79;80;81;292
;1;2;103;293
;13;18;294
;1;2;10;295
;1;296
;23;63;64;65;66;67;297
;1;298
;1;299
;1;2;300
;1;301
;54;55;302
;1;303
;23;63;64;65;66;67;68;289
;1;304
;1;305
;1;306
;13;244;307
;1;308
;1;309
;1;310
;1;311
;1;312
;1;2;49;50;313
;1;2;10;314
;1;315
;1;2;103;316
;23;63;64;65;66;179;69
;1;2;49;57;317
;1;318
;1;319
;13;38;320
;13;18;321
;1;322
;13;244;323
;1;324
;13;325;326
;1;2;103;327
;1;2;103;328
;1;329
;1;2;49;57;330
;54;55;331
;1;332
;1;333
;1;2;49;57;334
;1;2;49;50;335
;54;55;336
;13;38;337
;13;338;339
;54;55;340
;13;244;341
;1;342
;1;2;49;57;343
;1;344;71;65;345
;1;346
;1;347
;13;32;348
;23;24;349
;1;350
;1;351
;1;352
;1;353
;13;32;97
;1;354
;1;355
;1;2;10;356
;1;357
;13;358;359
;1;360
;23;361
;1;362
;1;363
;1;364
;54;55;229;365
;1;366
;54;55;367
;54;55;368
;23;369
;1;370
;1;371
;1;372
;1;373
;54;55;374
;1;375
;1;77;78;65;79;80;81;376
;1;2;377;378
;1;379
;13;244;380
;1;2;49;57;381
;1;2;103;382
;1;2;383
;1;384
;1;2;103;385
;13;18;386
;54;55;387
;23;24;388
;1;2;103;389
;1;390
;1;2;391
;1;392
;23;24;393
;1;394
;1;395
;1;2;103;396
;1;397
;1;398
;1;2;103;399
;1;2;103;400
;54;55;401
;1;402
;1;77;78;65;79;80;81;403
;54;55;404
;1;405
;1;406
;1;407
;1;408
;54;55;409
;1;410
;13;38;411
;1;412
;1;413
;13;414;415
;1;416
;1;417
;1;418
;13;38;419
;1;420
;1;421
;13;32;422
;1;423
;1;424
;1;425
;54;55;229;426
;1;427
;1;428
;1;429
;1;430
;1;2;377;431
;1;2;432
;1;433
;1;434
;1;435
;1;436
;89;437
;54;55;438
;1;439
;1;440
;1;441
;54;55;229;442
;1;443
;23;24;444
;13;32;445
;1;2;210;446
;1;2;103;447
;1;2;49;57;448
;13;167;449
;1;450
;23;24;451
;1;452
;23;453
;1;454
;1;455
;1;456
;13;244;457
;1;458
;1;459
;23;24;460
;1;2;461
;13;338;462
;1;463
;1;464
;1;465
;1;466
;1;467
;13;244;468
;54;55;469
;1;470
;1;471
;23;24;472
;1;473
;1;474
;1;475
;1;2;103;476
;13;32;477
;54;55;478
;1;2;103;479
;1;480
;1;481
;1;482
;1;483
;1;484
;23;63;64;65;66;67;68;485
;1;486
;1;487
;1;488
;54;55;489
;1;490
;1;491
;23;24;492
;1;2;10;493
;1;494
;13;14;477
;1;495
;1;496
;1;2;49;50;497
;1;77;78;65;79;80;81;498
;1;499
;1;2;49;57;500
;1;501
;13;502;457
;1;2;503
;1;2;103;504
;1;505
;120;71;65;506
;1;507
;1;2;10;508
;1;2;103;509
;1;2;49;50;510
;1;511
;23;24;512
;1;513
;23;24;514
;1;515
;1;516
;13;196;517
;54;55;518
;13;18;419
;1;519
;1;2;520
;1;2;521
;1;522
;23;63;64;65;66;179;523
;1;524
;1;525
;1;526
;1;70;71;65;527
;54;55;528
;1;529
;1;2;103;530
;1;531
;13;113;532
;1;2;49;50;533
;23;534
;1;2;103;535
;1;536
;54;55;537
;13;32;538
;1;2;377;539
;1;2;540
;54;55;541
;1;542
;1;543
;1;544
;13;32;545
;546
;54;55;547
;1;548
;1;549
;1;550
;13;244;551
;1;552
;1;553
;1;2;103;554
;1;555
;1;556
;23;24;557
;1;558
;54;55;74;559
;1;560
;1;2;49;57;561
;89;204
;54;55;562
;13;325;462
;13;14;563
;1;564
;1;2;565
;13;18;566
;1;2;10;567
;1;77;78;65;79;173;81;82
;1;2;103;568
;1;2;10;569
;1;77;78;65;79;173;81;570
;13;38;571
;1;572
;1;573
;54;55;574
;1;2;49;50;575
;1;576
;1;577
;89;578;579
;13;18;320
;54;55;580
;1;581
;1;582
;1;2;103;583
;1;2;49;57;584
;13;14;585
;1;586
;1;587
;54;55;74;588
;1;589
;13;196;590
;13;113;457
;1;2;210;591
;1;592
;1;593
;1;77;78;65;79;173;81;376
;1;594
;1;595
;13;38;596
;54;55;74;597
;1;598
;1;599
;13;600;601
;1;602
;1;603
;1;604
;54;55;605
;1;606
;1;607
;23;24;608
;54;55;609
;1;610
;1;2;49;611;612
;13;613;614
;1;615
;1;616
;54;55;617
;1;618
;1;2;49;57;619
;1;620
;1;621
;1;2;377;622
;1;623
;13;32;60
;1;624
;13;325;517
;1;2;625
;1;626
;1;627
;1;628
;1;629
;23;630;631;65;66;632;633;634
;23;635
;1;2;103;636
;1;2;10;637
;1;2;49;50;638
;13;14;639
;1;640
;1;2;49;57;641
;1;642
;1;643
;1;644
;1;2;377;645
;1;646
;1;2;10;647
;13;648;649
;1;2;49;57;650
;1;651
;1;652
;54;55;74;653
;1;654
;1;655
;54;55;656
;23;24;657
;23;24;658
;1;659
;1;660
;1;2;661
;1;662
;1;663
;23;63;64;65;66;179;237
;54;55;664
;1;665
;1;666
;1;667
;1;668
;23;24;669
;1;670
;54;55;671
;1;2;49;50;672
;1;673
;1;674
;1;2;10;675
;1;676
;54;55;677
;13;32;214
;13;14;678
;1;679
;54;55;680
;13;38;681
;1;682
;1;683
;1;684
;1;2;49;57;685;686
;1;687
;23;688
;23;24;689
;13;18;690
;1;2;691
;1;692
;23;24;693
;23;24;694
;1;695
;1;696
;1;2;103;697
;1;698
;1;699
;1;700
;1;701
;1;2;103;702
;1;2;703
;13;502;704
;13;14;705
;1;706
;1;707
;1;708
;1;709
;1;710
;1;2;49;57;711
;23;24;712
;1;2;49;57;713
;714;578;715
;1;2;10;716
;1;2;49;57;717
;1;718
;54;55;719
;1;720
;1;2;103;721
;1;722
;1;723
;13;32;724
;54;55;725
;23;24;726
;1;2;727
;1;728
;1;729
;1;730
;1;2;49;57;731;686
;1;732
;23;63;64;65;66;179;733
;13;196;339
;1;734
;1;735
;1;736
;1;737
;1;738
;1;739
;1;740
;1;741
;13;244;742
;54;55;743
;54;55;744
;13;18;143
;1;745
;54;55;746
;1;747
;1;748
;1;2;10;749
;1;750
;1;751
;23;24;752
;1;753
;1;754
;1;755
;1;756
;1;2;103;757
;1;758
;23;24;759
;1;760
;1;2;761
;1;762
;1;763
;764
;1;765
;1;766
;54;55;74;767
;54;55;229;768
;23;769
;54;55;770
;89;771
;13;244;772
;1;773
;13;18;774
;1;2;10;775
;1;776
;1;2;777
;1;778
;1;2;49;57;779
;23;24;780
;54;55;781
;1;2;103;782
;1;783
;1;784
;13;244;785
;54;55;786
;1;787
;89;788
;1;2;49;50;789
;1;790
;13;244;791
;1;792
;1;793
;54;55;794
;1;795
;1;796
;23;797
;13;14;798
;1;799
;13;14;800
;1;801
;1;2;103;802
;1;803
;1;804
;13;613;805
;1;806
;1;2;807
;1;808
;1;809
;1;810
;1;449
;1;2;103;811
;1;2;812
;1;813
;13;38;386
;1;2;49;57;814
;54;55;815
;23;816
;1;817
;1;818
;1;819
;1;820
;1;821
;1;822
;1;823
;1;2;49;57;824
;54;55;74;825
;13;244;826
;13;32;563
;1;2;827
;1;828
;13;38;774
;1;829
;1;830
;1;831
;1;832
;54;55;74;833
;1;834
;1;835
;23;24;836
;1;837
;1;2;210;838;839
;1;840
;1;2;103;841
;1;842
;1;843
;13;113;844
;13;32;845
;1;2;103;846
;1;847
;1;2;103;848
;1;849
;120;71;65;850
;1;851
;1;852
;13;338;853
;1;854
;23;63;64;65;66;67;68;237
;1;855
;13;18;856
;1;857
;1;858
;1;859
;13;32;860
;23;63;64;65;66;236;733
;1;861
;1;862
;1;863
;54;55;864
;1;77;78;65;79;865;866
;1;2;103;867
;1;868
;1;869
;23;24;870
;1;2;103;871
;1;872
;1;873
;1;2;103;874
;1;2;103;875
;1;876
;1;2;49;57;685;877
;1;2;878
;1;879
;1;880
;13;14;348
;1;2;49;57;881
;13;18;882
;1;2;103;883
;1;2;884
;1;885
;1;886
;13;18;411
;1;2;210;887
;1;888
;1;889
;1;890
;54;55;891
;1;892
;54;55;893
;1;894
;1;895
;1;2;103;896
;1;897
;1;898
;13;196;899
;1;900
;1;901
;1;902
;1;903
;1;904
;1;2;377;905
;54;55;74;906
;1;907
;1;908
;1;909
;13;18;337
;1;77;78;65;79;80;81;910
;13;14;191;911
;1;2;103;912
;1;913
;1;914
;1;915
;1;2;49;57;916
;1;917
;23;24;918
;13;600;919
;13;113;468
;1;2;10;920
;1;921
;1;2;103;922
;1;923
;1;924
;1;925
;54;55;229;926
;1;927
;1;928
;1;929
;23;24;930
;54;55;931
;1;932
;1;933
;1;934
;1;935
;1;936
;54;55;937
;1;938
;23;24;939
;1;940
;1;941
;1;942
;54;55;229;943
;1;944
;1;945
;1;946
;89;947
;23;24;948
;1;949
;1;950
;1;951
;23;24;952
;1;77;78;65;79;953;954;65;955
;1;2;103;956
;13;113;957
;1;958
;23;959
;1;960
;1;961
;1;962
;1;2;10;963
;23;964
;1;965
;54;55;966
;54;55;967
;1;968
;89;578;437
;1;969
;23;24;970
;1;2;49;57;971
;1;2;972
;1;2;49;57;973
;13;14;724
;1;2;210;974
;1;2;103;975
;1;976
;1;977
;1;978
;23;24;979
;1;980
;1;2;49;57;981
;54;55;74;982
;1;983
;1;984
;1;985
;1;2;49;57;986
;1;987
;54;55;74;988
;1;989
;1;2;103;990
;1;991
;1;2;992
;13;113;323
;54;55;993
;1;994
;1;995
;1;996
;1;2;10;997
;54;55;998
;1;999
;13;338;1000
;13;18;1001
;1;1002
;1;1003
;1;1004
;54;55;1005
;1;2;49;57;1006
;1;1007
;13;244;1008
;1;1009
;54;55;1010
;54;55;74;1011
;1;1012
;1;1013
;1;1014
;1;1015
;1;1016
;54;55;1017
;23;1018
;1;1019
;23;24;1020
;1;1021
;1;2;103;1022
;1;1023
;1;1024
;1;1025
;1;2;103;1026
;1;1027
;1;1028
;1;1029
;1;1030
;1;1031
;13;1032;1033
;54;55;74;1034
;1;2;49;57;1035
;54;55;1036
;23;1037
;1;1038
;13;244;1039
;1;1040
;1;2;1041
;1;1042
;1;1043
;1;1044
;1;1045
;1;1046
;1;2;103;1030
;23;24;1047
;13;32;1048
;1;2;103;1049
;1;2;49;57;731;839
;54;55;1050
;1;1051
;54;1052
;54;55;1053
;1054
;1;2;103;1055
;1;1056
;1;1057
;1;2;10;1058
;13;244;1059
;54;55;1060
;1;2;103;1061
;1;1062
;1;2;10;1063
;1;1064
;1;2;103;1065
;1;1066
;1067
;1;1068
;13;14;220
;54;55;1069
;23;63;64;65;66;236;289
;1;1070
;23;63;64;65;66;236;1071
;1;2;49;57;1072
;13;113;1073
;1;1074
;1;1075
;1;1076
;1;2;103;1077
;1;1078
;13;32;155
;1;1079
;1;1080
;1;1081
;13;1082;1083
;23;24;1084
;54;55;74;1085
;1;1086
;1;2;103;1087
;1;1088
;1;1089
;54;55;74;1090
;1;2;103;1091
;1;2;103;1092
;1;1093
;13;358;1033
;1;77;78;65;79;173;81;1094
;54;55;1095
;13;38;690
;54;55;1096
;1;1097
;1;1098
;13;600;1099
;1;1100
;54;55;1101
;1;1102
;54;55;1103
;1;1104
;89;1105
;13;14;33
;1;1106
;1;1107
;1;1108
;714;578;204
;1;1109
;1;2;10;1110
;89;203;579
;13;244;1111
;1;1112
;1;1113
;13;167;1114
;1;1115
;1;1116
;1;1117
;1;2;49;57;1118
;1;2;1119
;1;1120
;1;1121
;1;1122
;1;1123
;23;24;1124
;54;55;1125
;1;1126
;1;1127
;1;2;103;1128
;1;1129
;54;55;74;1130
;1;1131
;54;55;229;1132
;1;2;10;1133
;1;1134
;1;2;103;1135
;1;1136
;1;1137
;1;1138
;1;1139
;54;55;1140
;1;1141
;54;55;1142
;1;1143
;1;2;103;1144
;1;1145
;13;38;1146
;13;113;307
;1;1147
;1;1148
;1;1149
;1;1150
;1;1151
;1;1152
;1;2;49;57;1153
;1;2;1154
;1;1155
;13;1156;102
;1;1157
;1;1158
;1;1159
;1;2;1160
;1;1161
;1;1162
;1;1163
;1;2;10;1164
;54;55;1165
;1;1166
;23;24;1167
;1;1168
;54;55;1169
;1;1170
;13;14;1171
;1;1172
;13;338;1173
;1;1174
;1;1175
;1;1176
;1;1177
;1;2;103;1178
;23;1179
;13;130;1180
;1;1181
;1;1182
;13;338;1183
;13;113;1184
;1;1185
;1;1186
;1;1187
;1;1188
;1;1189
;1;2;590
;1;2;49;57;1190
;1;1191
;23;1192
;23;63;64;65;66;236;523
;13;325;1193
;1;1194
;1;1195
;1;1196
;1;1197
;1;1198
;1;2;10;1199
;54;55;1200
;1;1201
;13;18;681
;54;55;1202
;1;1203
;1;77;78;65;79;173;81;1204
;1;1205
;1;1206
;13;600;1207
;1;2;103;1208
;1;1209
;54;55;1210
;1;1211
;1;1212
;1;1213
;1;1214
;1;1215
;1;2;10;1216
;1;1217
;13;14;1218
;1;1219
;1;1220
;1;1221
;1;1222
;1;2;103;1223
;54;55;74;1224
;1;1225
;1;2;49;57;1226
;23;63;64;65;66;67;1227
;1;1228
;1;1229
;1;1230
;1;1231
;23;24;590
;1;1232
;1;2;210;1233
;54;55;1234
;1;1235
;13;32;1171
;1;1236
;13;14;845
;23;24;1237
;1;1238
;13;325;1239
;1;1240
;54;55;1241
;1;1242
;13;600;1243
;13;244;1244
;1;1245
;1;104
;13;32;798
;1;1246
;1;1247
;54;55;229;1248
;1;1249
;54;55;1250
;1;1251
;1;1252
;1;1253
;13;14;1254
;54;55;1255
;1;1256
;23;24;1257
;1;1258
;1;1259
;1;1260
;1;2;49;50;1261
;1;1262
;1;1263
;1;1264
;1;1265
;1;1266
;1;1267
;54;55;1268
;1;1269
;1;1270
;1;1271
;1;1272
;1;1273
;1;1274
;1;2;49;50;1275
;13;32;1276
;23;63;64;65;66;67;1277
;23;24;1278
;1;1279
;1;2;49;50;1280
;1;1281
;1;1282
;1;1283
;1;2;1284
;1;1285
;54;55;229;1286
;1;1287
;1;2;49;57;1288
;1;1289
;1;1290
;1;2;10;1291
;54;55;229;1292
;1;2;103;1293
;1;2;49;50;1294
;54;55;229;1295
;13;244;1296
;1;2;1297
;1;1298
;1;1299
;1;1300
;1;1301
;89;1302
;1;2;49;50;1303
;1;1304
;1;1305
;1;1306
;1;1307
;1;2;49;50;1308
;1;2;1309
;1;1310
;1;2;1311
;13;338;1239
;1;1312
;1;1313
;1;2;49;57;1314
;1;2;49;50;1315
;1;1316
;1;2;1317
;54;55;1318
;13;38;321
;1;1319
;13;32;191;911
;1;1320
;1;2;103;1321
;1;77;78;65;79;173;1322;1323
;1;1324
;1;1325
;1;1326
;1;2;49;50;1327;686
;1;1328
;1;1329
;23;24;1330
;1;2;103;1331
;1;2;49;57;1332
;1;1333
;1;1334
;54;55;1335
;1;1336
;1;1337
;1;2;10;1338
;1;1339
;1;2;49;50;1340
;1;1341
;1;1342
;1;1343
;1;1344
;13;32;1345
;1;1346
;1;1347
;1;1348
;1;2;103;1349
;1;1350
;1;1351
;1;1352
;13;338;517
;1;2;103;1353
;13;113;772
;1;2;103;491
;1;1354
;1;1355
;1;1356
;1;1357
;13;14;191;1358
;1;2;49;57;1359
;1;1360
;1;1361
;1;1362
;1;1363
;13;32;705
;1;1364
;1;1365
;1;2;103;1366
;1;1367
;23;63;64;65;66;179;1368
;1;1369
;1;1370
;1;2;49;57;1371
;13;244;844
;1;1372
;1;2;1373
;1;2;1374
;13;14;1375
;1;1376
;1;1377
;13;600;1378
;13;32;1379
;13;32;1380
;1;1381
;1;1382
;1;2;210;1383
;13;18;284
;13;32;191;1384
;1;1385
;1;1386
;54;55;1387
;13;38;1001
;1;2;1388
;1;1389
;1;1390
;1;1391
;1;1392
;1;1393
;89;578;204
;1;1394
;1;1395
;1;1087
;1;2;103;1396;71;65;345
;1;1397
;1;2;103;1398
;1;1399
;1;1400
;1;2;49;50;1401
;1;1402
;1;1403
;1;1404
;1;1405
;1;1406
;23;24;1407
;1408
;1;77;78;65;79;80;81;1409
;1;1410
;1;1411
;1;2;49;57;1412
;13;14;1413
;1;1414
;1;2;103;1415
;1;1416
;1;1417
;1;1418
;13;18;1419
;1;1420
;13;18;1421
;13;14;1380
;1;1422
;23;24;1423
;13;600;1424
;13;38;294
;1;1425
;1;1426
;1;378
;1;2;49;57;1427
;1;1428
;1;1429
;13;14;1430
;1;1431;71;65;345
;1;2;49;57;1432
;1;1433
;714;578;437
;1;1434
;54;55;1435
;13;600;1436
;1;1437
;120;71;65;1438
;54;55;1439
;23;1440
;1;1441
;1;1442
;23;24;1443
;1;1444
;1;1445
;1;1446
;714;578;1447
;54;55;1448
;1;1449
;54;55;1450
;1;1451
;1;2;1452
;1;1453
;54;55;1454
;89;1455
;1;1456
;1;1457
;1;1458
;1;1459
;1;1460
;1;1461
;1;1462
;1;1463
;23;24;1464
;1;1465
;1;1466
;1;1467
;1;1468
;23;24;1469
;1;1470
;1;2;49;50;1471
;1;1472
;1;2;49;611;1473
;1;1474
;1;1475
;1;1476
;1;1477
;1;1478
;13;244;1184
;1;2;1479
;1;1480
;54;55;1481
;1;1482
;89;715
;1;1483
;1;1484
;1;1485
;1;1486
;1;2;103;1487
;1;1488
;1;1489
;1;1490
;1;1491
;1;1492
;1;1493
;1;1494
;1;1495
;1;1496
;13;18;39
;1;1497
;1;2;103;1498
;23;24;1499
;1;2;1500
;1;1501
;1;1502
;1;2;1503
;1;2;377;1504
;1;2;49;57;1505
;1;1506
;714;578;1507
;1;1508
;1;1509
;1;1510
;1;2;49;57;1511
;1;1512
;13;325;1513
;13;113;1059
;54;55;1514
;1;2;103;662
;1;1515
;23;24;1516
;1;1517
;1;2;49;57;1518
;54;55;74;1519
;1;2;103;1520
;1;2;210;838;686
;1;1521
;1;1522
;1;1523
;13;196;462
;1;1524
;1;1525
;13;14;1526
;13;38;44
;1;1527
;1;2;10;1528
;1;1529
;1;77;78;65;79;173;81;910
;13;14;1530
;1;1531
;13;32;191;1532
;1;2;210;1533
;54;55;1534
;54;55;1535
;1;2;49;50;1536
;1;2;1537
;1;1538
;1;1539
;13;38;1421
;1;2;10;1540
;1;1541
;1;2;1542
;54;55;1543
;1;2;49;57;1544
;1;1545
;1;1546
;1;1547
;1;1548
;1;1549
;1;1550
;1;1551
;1;1552
;1;1553
;54;55;229;1554
;1;1555
;1;2;103;1556
;1;1557
;13;14;545
;1;1558
;1;2;103;1559
;13;14;1560
;54;55;229;1561
;1;1562
;23;24;1563
;1;1564
;1;1565
;1;1566
;23;63;64;65;66;236;485
;1;1567
;1;1568
;54;55;1569
;1;77;78;65;79;80;81;570
;23;63;64;65;66;67;68;180
;1;1570
;1;77;78;65;79;80;81;1571
;1;1572
;1;2;49;50;1573
;1;1574
;23;24;1575
;1;1576
;13;32;639
;1;1577
;1;1578
;54;55;1579
;1;1580
;1;1581
;23;24;1582
;1;2;49;57;1583
;1;1584
;23;24;1585
;1;1586
;1;1587
;23;63;64;65;66;67;68;1368
;13;338;1588
;1;2;103;1589
;1;1590
;1;1591
;1;1592
;1;2;49;57;1593
;1;1594
;1;2;1595
;1;1596
;23;63;64;65;66;179;485
;1;2;377;1597
;1;1598
;1;2;49;50;1599
;1;1600
;1;2;1601
;54;55;1602
;1;1603
;13;338;1193
;1;1604
;1;1605
;1;1606
;13;38;856
;1;1607
;1;1608
;1;1609
;1;1610
;1;1611
;1;2;10;1612
;1;1613
;54;55;1614
;1;1615
;1;1616
;13;14;107
;1;2;49;50;1617
;1;1618
;1;1619
;13;38;1620
;1;1621
;1;1622
;13;338;899
;1;1623
;1;1624
;1;1625
;1;1626
;13;244;1627
;1;1628
;54;55;74;1629
;1;1630
;1;2;49;57;1631
;1;1632
;54;55;1633
;1;2;103;1634
;1;1635
;1;1636
;13;38;153
;1;1637
;1;1638
;1;1639
;1;1640
;1;1641
;1;2;49;57;1642
;1;2;49;57;1643
;1;2;10;1644
;1;2;10;1645
;1;2;49;57;1646
;1;1647
;13;613;1648
;1;1649
;1;2;103;1650
;1;1651
;23;24;1652
;1;1653
;1;1654
;23;63;64;65;66;67;1655
;1;1656
;1;1657
;1;1658
;13;244;532
;1;2;49;50;1659
;1;1660
;23;63;64;65;66;67;1661
;13;32;1254
;54;55;1662
;1;1663
;1;1664
;23;24;825
;1;1665
;1;1666
;23;63;64;65;66;236;69
;54;55;1667
;13;14;152
;1;1668
;54;55;1669
;1;1670
;1;1671
;1;2;1672
;1;2;210;1673
;13;32;1674
;1;1675
;1;77;78;65;79;80;81;174
;1;1676
;1;1677
;1;1678
;1;1679
;1;1680
;1;1681
;1;1682
;1;1683
;1;2;103;1684
;1;1685
;1;2;103;1686
;1;1687
;1;1688
;1;1689
;1;2;1690
;1;1691
;1;1692
;54;55;1693
;13;38;1694
;1;1695
;1;1696
;89;1697
;1;2;49;50;1698
;1;2;1699
;1;1700
;1;1701
;1;1702
;1;1703
;1;1704
;1;2;49;50;1705
;1;1706
;1;1707
;1;1708
;1;2;49;57;1709
;1;2;103;1710
;13;613;1711
;13;130;1712
;1;1713
;54;55;1714
;1;1715
;13;130;649
;1;1716
;1;1717
;1;77;78;65;79;80;81;1094
;1;1718
;1;1719
;1;1720
;1;2;103;1721
;1;1722
;23;24;1723
;1;1724
;1;77;78;65;79;173;81;1571
;1;2;103;1725
;1;1726
;1;1727
;1;1728
;1;2;49;50;1729
;13;244;1730
;1;1731
;1;1732
;1;1733
;54;55;74;1734
;1;2;103;1735
;1;1736
;1;1737
;23;63;64;65;66;67;1738
;1;1739
;1;1740
;54;55;1741
;1;2;49;57;1742
;1;1743
;1;2;49;57;1744
;1;1745
;54;55;1746
;1;1747
;1;2;49;611;1748
;1;1749
;1;1750
;1;1751
;1;2;210;1752
;13;32;191;1358
;13;32;1413
;1;1753
;13;14;1754
;1;1755
;1;2;103;1756
;1;77;78;65;79;953;954;65;1757
;1;1758
;1;1759
;1;1760
;13;113;1761
;13;244;114
;1;1762
;1;2;103;1763
;1;1764
;54;55;1765
;1;2;1766
;1;2;1767
;1;1768
;1;2;49;50;1769;839
;1;1770
;1;1771
;1;1772
;1;1773
;1;1774
;1;1775
;1;1776
;1;1777
;54;55;1778
;1;2;377;1779
;1;1780
;1;1781
;1;1782
;1;2;103;1783
;1;2;49;57;1784
;1;2;1785
;1;2;103;1786
;1;1787
;1;2;1788
;13;14;445
;1;1789
;1;1790
;1;1791
;13;32;1792
;1793
;1;1794
;13;14;538
;1;2;210;1795
;1;1796
;1;1797
;1;2;49;50;1798
;1;2;49;50;1799
;1;1800
;1;2;49;50;1801
;1;1802
;54;55;74;1803
;1;2;49;50;1769;686
;1;2;49;57;1804
;1;2;1805
;23;63;64;65;66;236;1368
;1;1806
;1;2;49;57;1807
;1;2;103;1808
;1;2;49;57;1809
;1;1810
;1;1811
;1;1812
;1;2;1813
;1;1814
;1;2;49;50;1815
;13;113;1111
;1;1816
;54;55;74;1817
;1;77;78;65;79;953;954;65;1818
;1;1819
;1;2;1820
;13;14;1792
;1;2;1821
;1;1822
;1;1823
;23;63;64;65;66;67;1824
;13;244;1073
;13;14;422
;1;1825
;13;18;1826
;13;14;191;1827
;1;1828
;1;1829
;1;2;49;57;1830
;54;55;1831
;1;1832
;13;38;1833
;13;130;1834
;1;1835
;1;1836
;1;2;103;1837
;1;2;1838
;54;55;1839
;1;1840
;1;2;1841
;1;2;103;1842
;1;1843
;1;1844
;13;14;1845
;23;24;1846
;1;1847
;54;55;1848
;1;1849
;1;1850
;1;1851
;1;2;49;50;1852
;1;1853
;1;1854
;1;1855
;13;32;1560
;1;2;49;57;1856
;1;1857
;13;32;1858
;54;55;1859
;13;38;1826
;1;1860
;1;1861
;23;24;1862
;1;2;10;1863
;54;55;1864
;54;55;229;1865
;1;1866
;1;2;1867
;1;1868
;1;1869
;1;1870
;1;2;1871
;54;55;1872
;1;2;49;50;1873
;1;1874
;1;1875
;1;1876
;1;1877
;1;1878
;1;77;78;65;79;80;81;1879
;1;2;49;57;1880
;1;2;49;57;1881
;1;2;49;50;1882
;1;1883
;1;2;103;1884
;1;1885
;1;1886
;23;24;1887
;13;18;1694
;13;14;191;1384
;54;55;1888
;1;1889
;23;63;64;65;66;67;68;1890
;1;1891
;13;244;1892
;54;55;74;608
;1;1893
;1;1894
;120;71;65;345
;89;578;715
;1;2;49;57;1895
;1;1896
;1;2;10;1897
;54;55;1898
;54;55;74;1899
;1;77;78;65;79;953;954;65;1900
;1;1901
;23;63;64;65;66;179;1890
;13;113;380
;1;1902
;1;1903
;23;24;1904
;1;1905
;54;55;1906
;1;1907
;1;1908
;1;1909
;1;77;78;65;79;173;81;498
;1;2;1910
;54;55;74;1911
;13;130;1912
;1;1913
;1;1914
;1;2;49;50;1915
;23;24;1916
;1;2;1917
;23;24;1918
;1;1919
;1;1920
;1;1921
;13;14;1674
;13;502;826
;1;1922
;54;55;1923
;1;2;49;57;1924
;1;2;49;57;1925
;23;63;64;65;66;67;68;1926
;1;1927
;54;55;1928
;1;1929
;1;1930
;1;1931
;54;55;1932
;1;1933
;1;1934
;1;2;103;1935
;1;1936
;23;1937
;1;1938
;1;1939
;1;2;103;1940
;13;113;826
;23;24;1941
;1;1942
;54;55;1943
;89;1944
;1;1945
;1;2;10;1946
;1;1947
;714;578;579
;1;77;78;65;79;1948;866
;1;1949
;1;1950
;1;1951
;1;1952
;1;811
;1;2;49;50;1953
;1;1954
;1;1955
;1;2;1956
;89;1957
;1;2;49;611;1958
;1;1959
;1;77;78;65;79;173;81;1409
;13;244;957
;1;1960
;1;1961
;1;1962
;1;1963
;1;1964
;54;55;1965
;1;2;49;57;1966
;1;1967
;13;14;1968
;1;1969
;1;1970
;1;1971
;1;1972
;1;1973
;1;1974
;1;1975
;1;2;1976
;1;1977
;1;1978
;1;1979
;1;1980
;1;2;210;838;877
;1;2;10;1981
;1;1982
;23;24;1983
;54;55;74;1984
;54;55;1985
;1;1986
;23;24;1987
;1;1988
;1;2;1989
;1;1990
;1;1991
;1;2;49;50;1992
;1;1993
;13;14;191;1532
;1;1994
;23;24;1995
;1;1996
;1;1997
;1;1998
;1;2;103;1999
;1;2000
;1;2;49;57;2001
;54;55;2002
;23;2003
;1;2004
;1;2005
;1;2006
;1;2;2007
;1;2008
;13;32;2009
;1;2010
;1;2011
;1;2012
;23;24;2013
;1;2014
;1;2;103;2015
;1;2;2016
;13;32;678
;1;2;103;2017
;1;2018
;1;77;78;65;79;173;81;243
;1;2019
;1;2020
;1;2021
;1;2022
;1;2023
;1;2;49;57;2024
;1;2025
;13;14;1276
;1;2026
;1;2027
;1;2028
;1;2029
;1;2030
;1;2031
;1;2;103;2032
;1;2033
;23;63;64;65;66;236;180
;1;2;49;57;2034
;1;2035
;1;2036
;1;2;2037
;1;2038
;1;2039
;1;2040
;54;55;2041
;1;2;2042
;1;2043
;13;1082;2044
;1;2045
;23;24;2046
;1;2;49;50;2047
;1;2;10;2048
;1;2;2049
;1;2050
;1;2;49;57;2051
;1;77;78;65;79;173;81;2052
;13;338;326
;1;2053
;1;2054
;1;2055
;1;77;78;65;79;953;954;65;2056
;1;2057
;1;2058
;1;2059
;1;2060
;1;2061
;1;2062
;23;24;2063
;1;2064
;1;2;49;57;2065
;1;2066
;1;2;49;57;2067
;1;2068
;1;2069
;1;2;49;50;2070
;1;2071
;1;2072
;1;2;2073
;1;2074
;1;2075
;1;2076
;1;2;2077
;23;24;2078
;1;2079
;1;2080
;1;2;103;2081
;1;2;103;2082
;1;2083
;89;203;715
;1;2084
;13;18;1833
;23;63;64;65;66;67;68;2085
;1;2086
;54;55;2087
;54;55;2088
;23;24;2089
;1;2;103;1076
;1;2090
;1;2091
;1;2092
;13;18;571
;54;55;229;2093
;1;2094
;1;2095
;2096
;1;2097
;1;2098
;1;2099
;1;2;49;57;2100
;1;2;49;57;2101
;1;2102
;1;2103
;54;55;2104
;1;77;78;65;79;173;81;292
;1;2105
;1;2106
;1;2107
;1;2;103;2108
;54;55;2109
;23;24;2110
;1;2;2111
;1;77;78;65;79;80;1322;1323
;1;2112
;1;2;49;57;2113
;54;55;229;2114
;1;2115
;54;55;2116
;13;325;339
;1;2117
;1;2118
;1;2;103;2119
;23;24;2120
;13;32;15
;1;2;49;50;2121
;54;55;2122
;1;2123
;13;32;2124
;1;2;49;50;2125
;1;2;2126
;1;2;49;57;2127
;1;2128
;1;2129
;1;2130
;1;2131
;1;2132
;1;2133
;1;2134
;1;2135
;1;2136
;1;2;2137
;1;2138
;1;2;10;2139
;1;2140
;1;2141
;1;2142
;1;2143
;54;55;229;2144
;1;2145
;54;55;229;2146
;1;2147
;1;2;103;379
;1;2148
;1;2;2149
;23;63;64;65;66;179;2085
;1;2;49;57;2150
;1;2151
;54;55;2152
;1;2153
;23;63;64;65;66;236;1890
;23;24;2154
;1;2155
;13;244;2156
;13;244;2157
;54;55;2158
;1;2159
;1;2;49;50;2160
;1;2;10;2161
;1;2162
;54;55;229;2163
;1;2164
;1;2165
;1;2166
;1;2167
;23;63;64;65;66;67;68;733
;1;2168
;1;2169
;1;2170
;1;2171
;1;2172
;1;2173
;1;2174
;1;2175
;1;2;49;57;2176
;1;2177
;1;2;49;50;2178
;1;2179
;1;2180
;13;14;1858
;1;2;2181
;1;2182
;54;55;2183
;1;2;103;2184
;23;2185
;1;2;49;50;2186
;1;2187
;1;2188
;13;113;280
;1;2189
;1;2;103;2190
;1;2;2191
;1;77;78;65;79;173;81;2192
;1;2;103;2193
;1;2194
;1;2195
;1;2196
;1;70;71;65;345
;1;2197
;1;2198
;54;55;2199
;1;2200
;1;2201
;54;55;2202
;1;2203
;23;63;64;65;66;67;68;523
;1;2204
;1;2205
;13;244;2206
;13;325;1588
;13;32;191;192
;1;2207
;13;325;899
;1;77;78;65;79;80;81;1204
;1;2208
;1;2;2209
;1;2;49;50;2210
;13;113;1892
;54;55;229;2211
;1;2;49;57;2212
;1;2213
;13;32;1375
;1;2;103;2214
;1;2215
;1;2216
;1;2217
;1;2218
;1;2;49;50;2219
;1;2220
;1;2221
;1;2;377;2222
;1;2223
;1;2;49;57;2224
;1;2225
;1;2;103;2226
;1;2227
;54;55;2228
;1;2229
;1;2;49;57;2230
;1;2231
;1;2;49;57;685;839
;1;2232
;1;2233
;1;2234
;1;2235
;13;196;1183
;1;2236
;54;55;2237
;1;2;377;2238
;1;2239
;1;2240
;1;2241
;1;2242
;54;55;74;2243
;13;32;800
;1;2244
;1;2;103;2245
;1;2246
;1;2247
;1;2248
;13;38;2249
;1;2250
;1;2;2251
;1;2252
;1;2253
;1;2254
;1;2255
;13;32;1530
;1;2256
;1;2257
;1;2258
;1;77;78;65;79;80;81;2192
;13;196;2259
;1;2260
;1;2261
;1;2262
;1;2263
;1;2264
;1;2;103;2265
;1;2266
;1;2;49;50;1327;839
;1;2267
;1;2268
;1;2;103;2269
;1;2270
;1;2271
;13;325;1183
;1;2272
;1;2;103;1396;71;65;1438
;1;2273
;1;2;10;2274
;1;2275
;1;2;49;50;2276
;1;2277
;13;1032;359
;23;24;771
;54;55;2278
;54;55;2279
;1;2280
;1;2281
;1;2;2282
;1;2283
;1;2284
;1;2285
;23;2286
;1;2287
;13;38;1419
;54;55;2288
;1;2289
;1;2290
;54;55;2291
;1052
;54;55;2292
;1;2293
;1;2294
;1;2295
;1;2296
;1;2297
;1;2298
;1;2299
;1;2300
;1;2301
;1;2302
;1;2303
;13;32;2304
;1;2;103;2305
;1;2306
;13;14;2307
;1;77;78;65;79;173;81;1879
;1;2308
;1;2309
;1;2310
;89;203;1507
;1;2;2311
;13;244;2312
;13;38;882
;1;2;2313
;1;2314
;1;2315
;23;24;2316
;1;2317
;1;77;78;65;79;80;81;2052
;1;2;2318
;13;113;1730
;1;2319
;89;203;2320
;1;2321
;1;2322
;54;55;2323
;13;32;1968
;1;2324
;13;130;2325
;1;2;49;57;2326
;1;2327
;54;55;229;2328
;1;2329
;1;2;103;2330
;1;2331
;13;14;860
;1;2332
;1;2333
;54;55;2334
;1;2335
;1;2336
;54;55;229;2337
;54;55;74;2338
;1;2;103;2339
;1;2340
;1;2341
;1;2342
;1;2343
;1;2344
;1;2345
;54;55;2346
;13;325;2347
;1;2348
;1;2349
;1;2350
;54;55;2351
;1;2;49;50;2352
;1;2353
;1;2;103;2354
;1;2355
;1;2356
;13;14;2357
;23;2358
;1;2359
;1;2360
;13;196;2361
;1;2362
;23;63;64;65;66;67;68;1071
;1;2363
;1;2364
;1;2;49;57;2365
;1;2366
;13;600;2367
;1;2368
;54;55;2369
;1;2370
;1;2371
;1;77;78;65;79;173;81;94
;23;24;2372
;1;2373
;1;2374
;1;2375
;13;14;2376
;1;2;10;2377
;1;2378
;1;2;103;2379
;23;24;635
;1;2380
;1;2381
;1;2382
;13;196;853
;1;70;71;65;2383
;1;2384
;1;2;10;2385
;1;2386
;23;63;64;65;66;179;1926
;1;2387
;1;2388
;1;2389
;54;55;74;2390
;13;32;2357
;13;338;2347
;1;2;103;2391
;1;2392
;1;2;103;2393
;1;2394
;1;2395
;13;18;2249
;1;2396
;1;2;49;57;2397
;1;2398
;13;14;2009
;1;2399
;1;2400
;1;2401
;1;2;49;50;2402
;1;2403
;1;2404
;1;2405
;1;2;210;2406
;1;2407
;1;2408;71;65;345
;1;2;10;2409
;1;2410
;1;2411
;23;24;2412
;23;24;2413
;1;2414
;1;2415
;1;2416
;1;2417
;1;2418
;1;2419
;1;2420
;1;2421
;1;2422
;13;32;191;1827
;13;338;1513
;1;2423
;1;2;49;57;2424
;1;2425
;1;2426
;89;2427
;1;2;2428
;23;63;64;65;66;236;2085
;1;2429
;1;2430
;1;2;103;2431
;1;2432
;23;63;64;65;66;179;1071
;1;2433
;1;2;2434
;1;2;103;2435
;1;2;10;2436
;1;2437
;1;2438
;13;32;2439
;1;2440
;54;55;2441
;1;2442
;13;325;1173
;1;2443
;1;2;103;2444
;23;24;2445
;13;18;2446
;1;2447
;1;2;10;2448
;1;2449
;1;2450
;1;2451
;1;2452
;1;2453
;1;2454
;1;2455
;13;18;596
;13;244;2456
;1;2457
;13;14;1048
;13;32;585
;23;24;2458
;1;2459
;1;2460
;13;648;2461
;1;2462
;1;2463
;89;2464
;1;2465
;1;2466
;54;55;378
;13;38;566
;1;2467
;1;2468
;1;2469
;1;2470
;1;2471
;1;2;2472
;1;2473
;23;24;2259
;1;2474
;1;2475
;13;14;2124
;1;2476
;1;2;49;50;2477
;1;2;2478
;1;2479
;1;2;49;57;2480
;1;2481
;1;2482
;1;2483
;1;2484
;1;2485
;54;55;74;2486
;1;2487
;1;2488
;1;2489
;1;2490
;1;2;103;2491
;1;2;49;57;2492
;13;18;1620
;1;2493
;1;2;103;2494
;1;2495
;1;2496
;13;325;853
;1;2497
;1;2498
;1;2499
;1;2500
;13;2501;2044
;1;2502
;1;2503
;1;2504
;1;2505
;1;2;2506
;1;2507
;1;2508
;13;244;1761
;1;2;103;2509
;1;2510
;2511
;1;2512
;1;2513
;1;2514
;1;2515
;54;55;2516
;13;113;1039
;13;325;1000
;1;2517
;23;2518
;1;2;103;2519
;13;1082;2520
;1;2;2521
;1;2522
;23;52
;1;2523
;1;2524
;13;14;1379
;1;2525
;1;2526
;1;2527
;1;2528
;13;14;1345
;1;2;10;2529
;1;2530
;1;2531
;54;55;74;2532
;1;2533
;54;55;2534
;13;14;47
;1;2535
;13;32;1218
;1;2536
;13;32;1430
;1;2537
;1;2538
;1;2539
;1;2540
;1;2541
;1;2542
;1;2543
;1;2;2544
;2545
;1;2;918
;1;2546
;54;55;2547
;13;32;1526
;1;2548
;1;2549
;1;2550
;1;2551
;1;2;49;57;2552
;1;2553
;1;2554
;23;63;64;65;66;236;1926
;13;32;1845
;1;2;103;2555
;1;2556
;1;2557
;1;2558
;1;2559
;23;24;2560
;13;18;188
;1;2561
;1;2;103;324
;1;2562
;23;24;2563
;1;2564
;23;24;2565
;1;2;2566
;1;2567
;1;2568
;1;2569
;1;2570
;54;55;74;2571
;13;2572;415
;1;2573
;1;2;103;2574
;1;2575
;1;2;2576
;1;2577
;1;2578
;13;38;2446
;1;2579
;1;2;2580
;1;2581
;23;24;2582
;23;24;2583
;89;2584
;1;2585
;1;2586
;23;24;2587
;13;32;1754
;1;2588
;1;2589
;23;63;64;65;66;632;633;634
;54;55;2590
;54;55;2591
;13;600;2592
;1;2;49;50;2593
;13;113;551
;1;2594
;1;2595
;1;2;10;2596
;1;2;103;2597
;1;2;49;57;2598
;1;2599
;54;55;2600
;1;2601
;1;2602
;1;2603
;13;18;1146
;1;2;2604
;1;2605
;1;2606
;1;2607
;1;2;103;2608
;1;2609
;1;2610
;1;2;103;2611
;1;2612
;89;578;1507
;1;2613
;1;2;103;2614
;1;2615
;1;2;2616
;1;2617
;54;55;2618
;54;55;2619
;1;2620
;54;55;229;2621
;1;2622
;1;2623
;1;2624
;1;2625
;1;2626
;1;2;103;2627
;1;2628
;1;2;49;50;2629
;23;24;2630
;1;2631
;1;2;49;50;2632
;1;2633
;54;55;2634
;13;130;1105
;1;2;49;57;2635
;1;77;78;65;79;173;81;403
;1;2;49;57;2636
;54;55;2637
;1;2;2638
;54;55;2639
;54;55;2640
;1;2641
;1;2;2642
;1;2;10;2643
;23;24;2644
;23;24;2645
;1;2646
;1;2647
;1;2;2648
;1;2649
;1;2650
;54;55;2651
;1;2652
;1;2653
;1;2;10;2654
;1;2;103;2655
;1;2656
;1;2;103;2657
;1;2;2658
;13;14;2304
;1;2659
;1;2;210;2660
;2661
;2662
;2663
;2664
;2665
;2666
;2667
;2668
;2669
;2670
;2671
;2672
;2673
;2674
;2675
;2676
;2677
;2678
